Path: 393
Path Score: 4.2018369234084005
Waypoints: [[1.0, 1.0, 1.0], [8.23561037690084, 4.511685430060676, 8.33124458240136], [17.21982023619961, 8.006705393204069, 10.081471535117235], [29.0, 29.0, 14.0]]
Velocity: [[0.0, 0.0, 0.0], [7.235610376900841, 3.511685430060676, 7.331244582401361], [8.984209859298769, 3.4950199631433927, 1.7502269527158738], [11.78017976380039, 20.99329460679593, 3.9185284648827654]]
Attitude: [[0.0, 0.0, 0.0], [0.8434728410597166, 1.2422312953632766, 0.8316455994328315], [0.41036964785334856, 1.206042608071579, 1.3911954128293391], [1.0667154657863167, 0.5340499258370055, 1.4094321512942536]]
Save Location: maps/map1550/test.txt
