Path: 1663
Path Score: 4.48671154319838
Waypoints: [[1.0, 1.0, 1.0], [1.4862613186235762, 5.302297197202417, 9.54279168299124], [22.909069045040045, 10.835196024953614, 13.228528156939884], [29.0, 29.0, 14.0]]
Velocity: [[0.0, 0.0, 0.0], [0.48626131862357624, 4.302297197202417, 8.54279168299124], [21.42280772641647, 5.532898827751197, 3.6857364739486442], [6.090930954959955, 18.164803975046386, 0.771471843060116]]
Attitude: [[0.0, 0.0, 0.0], [1.520002440634727, 1.1049085373684124, 0.46909167611999897], [0.3009062558299716, 1.3215570284793947, 1.4057308381334503], [1.2475348540835867, 0.325939212643112, 1.5305508334281337]]
Save Location: maps/map139/test.txt
