Path: 2269
Path Score: 4.155089786458921
Waypoints: [[1.0, 1.0, 1.0], [5.7591996310330025, 10.496060591014656, 1.1961851557501069], [21.78645601699983, 26.938246068819566, 10.468055210066508], [29.0, 29.0, 14.0]]
Velocity: [[0.0, 0.0, 0.0], [4.7591996310330025, 9.496060591014656, 0.19618515575010687], [16.027256385966826, 16.442185477804912, 9.271870054316402], [7.2135439830001715, 2.0617539311804336, 3.531944789933492]]
Attitude: [[0.0, 0.0, 0.0], [1.1062936554501903, 0.46492826404694765, 1.5523285842779897], [0.8668426150572683, 0.8446501812679563, 1.1870137990155902], [0.5157591343381982, 1.3195229300441227, 1.1308007241554319]]
Save Location: maps/map1916/test.txt
