Path: 596
Path Score: 4.442043608012718
Waypoints: [[1.0, 1.0, 1.0], [1.9869655009534015, 2.3470905443897805, 9.726710653669548], [13.087340273241828, 5.327732014381174, 10.224027309293486], [29.0, 29.0, 14.0]]
Velocity: [[0.0, 0.0, 0.0], [0.9869655009534015, 1.3470905443897805, 8.726710653669548], [11.100374772288427, 2.9806414699913932, 0.4973166556239388], [15.912659726758172, 23.672267985618827, 3.7759726907065136]]
Attitude: [[0.0, 0.0, 0.0], [1.4594850995761104, 1.4185963426785977, 0.18907565762625306], [0.2657883069647975, 1.308718062557792, 1.5275542440302028], [0.9847705918519819, 0.604574187949006, 1.4391804148890455]]
Save Location: maps/map226/test.txt
