Path: 1552
Path Score: 4.14470800005484
Waypoints: [[1.0, 1.0, 1.0], [5.1328300726842055, 6.167067988359742, 4.338023583503114], [26.287300151641748, 16.492398494138193, 13.77497605122596], [29.0, 29.0, 14.0]]
Velocity: [[0.0, 0.0, 0.0], [4.1328300726842055, 5.167067988359742, 3.338023583503114], [21.154470078957544, 10.325330505778451, 9.436952467722845], [2.712699848358252, 12.507601505861807, 0.22502394877404086]]
Attitude: [[0.0, 0.0, 0.0], [0.9792202736645594, 0.799275207152919, 1.1035589735254734], [0.5842354326462669, 1.1514820138474051, 1.1895205239241975], [1.3572535290988061, 0.21428765206758904, 1.553215933347118]]
Save Location: maps/map1974/test.txt
