Path: 2065
Path Score: 4.391173650409781
Waypoints: [[1.0, 1.0, 1.0], [2.1051801977178286, 12.705542697858661, 1.33533427386211], [16.099219207665964, 27.89490647639769, 5.59854808283707], [29.0, 29.0, 14.0]]
Velocity: [[0.0, 0.0, 0.0], [1.1051801977178286, 11.705542697858661, 0.3353342738621099], [13.994039009948136, 15.189363778539029, 4.26321380897496], [12.900780792334036, 1.10509352360231, 8.40145191716293]]
Attitude: [[0.0, 0.0, 0.0], [1.4766986395106851, 0.09834724994807642, 1.5422834159518], [0.8451939200023392, 0.7666083611011597, 1.3672351895180057], [0.5811724924217351, 1.4991378965241768, 0.9952231590134955]]
Save Location: maps/map388/test.txt
