Path: 2235
Path Score: 4.19386423467744
Waypoints: [[1.0, 1.0, 1.0], [5.7591996310330025, 10.496060591014656, 1.1961851557501069], [14.201298455250685, 22.98387750158817, 5.257885864403107], [29.0, 29.0, 14.0]]
Velocity: [[0.0, 0.0, 0.0], [4.7591996310330025, 9.496060591014656, 0.19618515575010687], [8.442098824217682, 12.487816910573516, 4.061700708653], [14.798701544749315, 6.0161224984118284, 8.742114135596893]]
Attitude: [[0.0, 0.0, 0.0], [1.1062936554501903, 0.46492826404694765, 1.5523285842779897], [0.9994450282013733, 0.6436298389870229, 1.3075904767807012], [0.622111751572226, 1.2341041498642775, 1.070072352441417]]
Save Location: maps/map1620/test.txt
