Path: 66
Path Score: 4.2587304731210756
Waypoints: [[1.0, 1.0, 1.0], [6.844542921659472, 12.575654287568902, 0.7512941296865822], [18.1367759330625, 27.51943688599429, 5.760318237087204], [29.0, 29.0, 14.0]]
Velocity: [[0.0, 0.0, 0.0], [5.844542921659472, 11.575654287568902, -0.24870587031341784], [11.292233011403027, 14.943782598425386, 5.009024107400622], [10.863224066937502, 1.4805631140057116, 8.239681762912795]]
Attitude: [[0.0, 0.0, 0.0], [1.103329579532339, 0.4679236243581791, 1.5899732357353402], [0.9491020485731915, 0.6907832388335632, 1.3094849119426824], [0.6565808947189486, 1.462631373986738, 0.9263070006364166]]
Save Location: maps/map1145/test.txt
