Path: 1085
Path Score: 4.431235373092419
Waypoints: [[1.0, 1.0, 1.0], [5.124139793286082, 11.529276214212281, 3.1169525438428494], [6.182946964185052, 24.399637540719603, 12.353833088001682], [29.0, 29.0, 14.0]]
Velocity: [[0.0, 0.0, 0.0], [4.124139793286082, 10.529276214212281, 2.1169525438428494], [1.0588071708989704, 12.870361326507322, 9.236880544158833], [22.817053035814947, 4.600362459280397, 1.6461669119983178]]
Attitude: [[0.0, 0.0, 0.0], [1.2041596665548568, 0.4147337109116922, 1.3857324418142094], [1.5040597588288886, 0.6255925775730687, 0.9498954930968188], [0.2109530550983087, 1.3723463749952485, 1.5001906908246303]]
Save Location: maps/map264/test.txt
