Path: 2178
Path Score: 4.121876594657072
Waypoints: [[1.0, 1.0, 1.0], [5.839689469355285, 6.231079992564079, 1.4400139470819306], [11.681123338592288, 14.089788280863255, 4.111381059339743], [29.0, 29.0, 14.0]]
Velocity: [[0.0, 0.0, 0.0], [4.839689469355285, 5.231079992564079, 0.44001394708193065], [5.841433869237003, 7.858708288299176, 2.671367112257812], [17.318876661407714, 14.910211719136745, 9.888618940660258]]
Attitude: [[0.0, 0.0, 0.0], [0.8259996858182699, 0.748605830934555, 1.5091311358387776], [0.9575519095661578, 0.6852285077289407, 1.3044640345186307], [0.8016545124622462, 0.92880948410089, 1.1624165959922155]]
Save Location: maps/map2121/test.txt
