Path: 64
Path Score: 4.299154848040702
Waypoints: [[1.0, 1.0, 1.0], [6.844542921659472, 12.575654287568902, 0.7512941296865822], [16.702169176436314, 28.43696480624766, 9.763844081040961], [29.0, 29.0, 14.0]]
Velocity: [[0.0, 0.0, 0.0], [5.844542921659472, 11.575654287568902, -0.24870587031341784], [9.857626254776843, 15.861310518678756, 9.012549951354378], [12.297830823563686, 0.5630351937523415, 4.236155918959039]]
Attitude: [[0.0, 0.0, 0.0], [1.103329579532339, 0.4679236243581791, 1.5899732357353402], [1.075391334055343, 0.6998821811021463, 1.1211646507045605], [0.3344395960989817, 1.5275361923898203, 1.2393843932691453]]
Save Location: maps/map871/test.txt
