Path: 669
Path Score: 4.198405970692491
Waypoints: [[1.0, 1.0, 1.0], [7.279071891786115, 11.99037003440958, 7.619831722996372], [25.428707168258946, 19.405189246924685, 11.09112041789754], [29.0, 29.0, 14.0]]
Velocity: [[0.0, 0.0, 0.0], [6.279071891786115, 10.99037003440958, 6.619831722996372], [18.14963527647283, 7.414819212515106, 3.471288694901169], [3.5712928317410544, 9.594810753075315, 2.9088795821024593]]
Attitude: [[0.0, 0.0, 0.0], [1.115662030937802, 0.6928797362779866, 1.088924427386206], [0.4237613209398679, 1.1891999586839248, 1.3955585402260655], [1.228608075856676, 0.4475659367165343, 1.29396325921033]]
Save Location: maps/map1575/test.txt
