Path: 500
Path Score: 4.143771699473901
Waypoints: [[1.0, 1.0, 1.0], [11.29885047226655, 13.922680563011099, 6.0742347128672325], [22.31107341157168, 20.857103800923483, 7.836819148340205], [29.0, 29.0, 14.0]]
Velocity: [[0.0, 0.0, 0.0], [10.29885047226655, 12.922680563011099, 5.0742347128672325], [11.012222939305131, 6.934423237912384, 1.7625844354729727], [6.68892658842832, 8.142896199076517, 6.163180851659795]]
Attitude: [[0.0, 0.0, 0.0], [0.932550665210745, 0.7263919285052141, 1.2728643435485965], [0.5761823151341643, 1.0145099562491313, 1.4361743923382464], [0.9909241630968201, 0.8405978425021317, 1.041586930795209]]
Save Location: maps/map1980/test.txt
