Path: 1025
Path Score: 4.365646996375959
Waypoints: [[1.0, 1.0, 1.0], [5.124139793286082, 11.529276214212281, 3.1169525438428494], [8.326355677599059, 21.007879601570398, 11.349606769497015], [29.0, 29.0, 14.0]]
Velocity: [[0.0, 0.0, 0.0], [4.124139793286082, 10.529276214212281, 2.1169525438428494], [3.2022158843129773, 9.478603387358117, 8.232654225654166], [20.67364432240094, 7.992120398429602, 2.650393230502985]]
Attitude: [[0.0, 0.0, 0.0], [1.2041596665548568, 0.4147337109116922, 1.3857324418142094], [1.3210599747139091, 0.7501846654504357, 0.8822698401419908], [0.3867733775955384, 1.2046409482682174, 1.4517841548325077]]
Save Location: maps/map494/test.txt
