Path: 2404
Path Score: 4.072623003423605
Waypoints: [[1.0, 1.0, 1.0], [12.422424952449036, 7.364456284222653, 4.120550879483655], [22.16101751903432, 21.88131243389526, 7.844034735289933], [29.0, 29.0, 14.0]]
Velocity: [[0.0, 0.0, 0.0], [11.422424952449036, 6.364456284222653, 3.1205508794836554], [9.738592566585284, 14.516856149672607, 3.7234838558062773], [6.838982480965679, 7.1186875661047395, 6.155965264710067]]
Attitude: [[0.0, 0.0, 0.0], [0.5554007765856399, 1.0776065097557235, 1.3365284239372268], [0.9945530021866916, 0.6228429337453183, 1.3609288751570574], [0.9423867443913255, 0.9123337917118957, 1.0131992799999519]]
Save Location: maps/map2361/test.txt
