Path: 1670
Path Score: 4.423948909009317
Waypoints: [[1.0, 1.0, 1.0], [1.4862613186235762, 5.302297197202417, 9.54279168299124], [9.057942771808293, 22.483164120725405, 13.633419250864584], [29.0, 29.0, 14.0]]
Velocity: [[0.0, 0.0, 0.0], [0.48626131862357624, 4.302297197202417, 8.54279168299124], [7.571681453184716, 17.180866923522988, 4.090627567873344], [19.942057228191707, 6.516835879274595, 0.36658074913541583]]
Attitude: [[0.0, 0.0, 0.0], [1.520002440634727, 1.1049085373684124, 0.46909167611999897], [1.1657788912717886, 0.46437314520072503, 1.3562760962541487], [0.3163154151017467, 1.2549974740262801, 1.5533251264663486]]
Save Location: maps/map287/test.txt
