Path: 1702
Path Score: 4.327517162231583
Waypoints: [[1.0, 1.0, 1.0], [10.805725952785512, 11.283487147150078, 0.7484718343695662], [16.702169176436314, 28.43696480624766, 9.763844081040961], [29.0, 29.0, 14.0]]
Velocity: [[0.0, 0.0, 0.0], [9.805725952785512, 10.283487147150078, -0.2515281656304338], [5.896443223650802, 17.153477659097582, 9.015372246671395], [12.297830823563686, 0.5630351937523415, 4.236155918959039]]
Attitude: [[0.0, 0.0, 0.0], [0.8093250089126587, 0.7617849255869302, 1.5884962164824006], [1.2754169831995759, 0.560755113663076, 1.1095306430013065], [0.3344395960989817, 1.5275361923898203, 1.2393843932691453]]
Save Location: maps/map695/test.txt
