Path: 727
Path Score: 4.073460884387064
Waypoints: [[1.0, 1.0, 1.0], [12.697608925444278, 6.8811022717284045, 6.207161753256], [25.428707168258946, 19.405189246924685, 11.09112041789754], [29.0, 29.0, 14.0]]
Velocity: [[0.0, 0.0, 0.0], [11.697608925444278, 5.8811022717284045, 5.207161753256], [12.731098242814667, 12.52408697519628, 4.883958664641541], [3.5712928317410544, 9.594810753075315, 2.9088795821024593]]
Attitude: [[0.0, 0.0, 0.0], [0.5913478455125089, 1.1402281118229445, 1.1922640516212777], [0.8125785093888523, 0.827867957316331, 1.303845987859923], [1.228608075856676, 0.4475659367165343, 1.29396325921033]]
Save Location: maps/map2355/test.txt
