Path: 1816
Path Score: 4.238914044949642
Waypoints: [[1.0, 1.0, 1.0], [5.8300877579373775, 12.986927175779844, 2.2883830638241456], [20.852071857601725, 15.195208825034904, 7.612944235060696], [29.0, 29.0, 14.0]]
Velocity: [[0.0, 0.0, 0.0], [4.8300877579373775, 11.986927175779844, 1.2883830638241456], [15.021984099664348, 2.20828164925506, 5.32456117123655], [8.147928142398275, 13.804791174965096, 6.387055764939304]]
Attitude: [[0.0, 0.0, 0.0], [1.1897394258126446, 0.3951048953544142, 1.471431398260883], [0.3663988638878224, 1.4331159990451694, 1.2335137155175648], [1.0790221355094318, 0.643470475899189, 1.1916321938329075]]
Save Location: maps/map1271/test.txt
