Path: 1404
Path Score: 4.2806488395677365
Waypoints: [[1.0, 1.0, 1.0], [2.1166871798879825, 7.959406805005861, 2.641112218552253], [20.24894541404868, 13.704934531749169, 10.28792228211892], [29.0, 29.0, 14.0]]
Velocity: [[0.0, 0.0, 0.0], [1.1166871798879825, 6.959406805005861, 1.6411122185522529], [18.132258234160698, 5.745527726743308, 7.646810063566667], [8.75105458595132, 15.295065468250831, 3.7120777178810798]]
Attitude: [[0.0, 0.0, 0.0], [1.4158739947349994, 0.27784815422419984, 1.3420381855188857], [0.48540489892698413, 1.2867260435153012, 1.1885462476401596], [1.0633520659267364, 0.5560751825583984, 1.3631766434720947]]
Save Location: maps/map985/test.txt
