Path: 529
Path Score: 4.306546935331057
Waypoints: [[1.0, 1.0, 1.0], [9.981785049321614, 2.094242845092411, 3.906087432644374], [29.75824350750498, 9.226516298503716, 11.518216341255503], [29.0, 29.0, 14.0]]
Velocity: [[0.0, 0.0, 0.0], [8.981785049321614, 1.094242845092411, 2.906087432644374], [19.776458458183363, 7.132273453411305, 7.612128908611129], [-0.7582435075049787, 19.773483701496282, 2.4817836587444972]]
Attitude: [[0.0, 0.0, 0.0], [0.33286566125405836, 1.4553984883962245, 1.2600245384619229], [0.4853773147360168, 1.246132911599418, 1.2233995384821528], [1.608825950671747, 0.130492139637949, 1.446029275505285]]
Save Location: maps/map822/test.txt
