Path: 1952
Path Score: 4.150872745843909
Waypoints: [[1.0, 1.0, 1.0], [7.908661902969909, 13.249370598681029, 5.122888052721978], [16.562231948918217, 23.36225528971405, 10.468909590942717], [29.0, 29.0, 14.0]]
Velocity: [[0.0, 0.0, 0.0], [6.908661902969909, 12.249370598681029, 4.122888052721978], [8.653570045948308, 10.11288469103302, 5.3460215382207394], [12.437768051081783, 5.637744710285951, 3.531090409057283]]
Attitude: [[0.0, 0.0, 0.0], [1.0799032623057099, 0.5811391675180452, 1.2856207472042467], [0.9231494193614784, 0.7882994508279707, 1.1888631059804244], [0.4911333101171544, 1.159608420333512, 1.31776151037235]]
Save Location: maps/map1938/test.txt
