Path: 927
Path Score: 4.488243636060543
Waypoints: [[1.0, 1.0, 1.0], [7.363766588778974, 0.518530266354752, 10.190548616200227], [8.698977053221993, 19.48629808039675, 13.371846165404145], [29.0, 29.0, 14.0]]
Velocity: [[0.0, 0.0, 0.0], [6.363766588778974, -0.48146973364524803, 9.190548616200227], [1.3352104644430192, 18.967767814042, 3.1812975492039186], [20.301022946778005, 9.51370191960325, 0.6281538345958548]]
Attitude: [[0.0, 0.0, 0.0], [0.9658135015594402, 1.6138399388547588, 0.6069604064989591], [1.501483576618411, 0.1799275658248358, 1.4050244663832203], [0.4390758398022054, 1.132740622989748, 1.5427856888103315]]
Save Location: maps/map132/test.txt
