Path: 1903
Path Score: 4.15781204753824
Waypoints: [[1.0, 1.0, 1.0], [8.469661386104097, 5.59096684474812, 2.5279558793890997], [12.16882105369413, 22.5703746743433, 7.023400396976081], [29.0, 29.0, 14.0]]
Velocity: [[0.0, 0.0, 0.0], [7.469661386104097, 4.59096684474812, 1.5279558793890997], [3.699159667590033, 16.97940782959518, 4.495444517586981], [16.83117894630587, 6.429625325656701, 6.976599603023919]]
Attitude: [[0.0, 0.0, 0.0], [0.5747996990566772, 1.0288000156137393, 1.3982583619310816], [1.3632246354096014, 0.3303100750496158, 1.3176551620943122], [0.5132908177846113, 1.2315474594293268, 1.2013612558293933]]
Save Location: maps/map1895/test.txt
