Path: 575
Path Score: 4.424107044981331
Waypoints: [[1.0, 1.0, 1.0], [8.077819295469498, 4.630177089274074, 13.001091877302175], [24.548396690958242, 11.577212241638717, 14.392801991557022], [29.0, 29.0, 14.0]]
Velocity: [[0.0, 0.0, 0.0], [7.077819295469498, 3.630177089274074, 12.001091877302175], [16.470577395488746, 6.947035152364643, 1.3917101142548471], [4.451603309041758, 17.42278775836128, -0.3928019915570218]]
Attitude: [[0.0, 0.0, 0.0], [1.0568857360289043, 1.315913356872022, 0.5853298029477871], [0.40623728518539437, 1.1729245126535512, 1.493098268773777], [1.3207044969365416, 0.251084454734688, 1.5926364233314274]]
Save Location: maps/map285/test.txt
