Path: 1588
Path Score: 4.0279986352451225
Waypoints: [[1.0, 1.0, 1.0], [5.1328300726842055, 6.167067988359742, 4.338023583503114], [20.852071857601725, 15.195208825034904, 7.612944235060696], [29.0, 29.0, 14.0]]
Velocity: [[0.0, 0.0, 0.0], [4.1328300726842055, 5.167067988359742, 3.338023583503114], [15.71924178491752, 9.028140836675162, 3.274920651557582], [8.147928142398275, 13.804791174965096, 6.387055764939304]]
Attitude: [[0.0, 0.0, 0.0], [0.9792202736645594, 0.799275207152919, 1.1035589735254734], [0.5484367696284158, 1.0585861355311559, 1.392062665280457], [1.0790221355094318, 0.643470475899189, 1.1916321938329075]]
Save Location: maps/map2470/test.txt
