Path: 850
Path Score: 4.226937728768778
Waypoints: [[1.0, 1.0, 1.0], [13.622214221490246, 10.560085107867, 6.307093757900562], [17.495244973045097, 26.03561227858441, 12.515738341607829], [29.0, 29.0, 14.0]]
Velocity: [[0.0, 0.0, 0.0], [12.622214221490246, 9.560085107867, 5.307093757900562], [3.8730307515548503, 15.47552717071741, 6.208644583707267], [11.504755026954903, 2.9643877214155907, 1.484261658392171]]
Attitude: [[0.0, 0.0, 0.0], [0.7138698155414545, 0.9612815674177257, 1.2473929819737224], [1.342570622993613, 0.44169382576441835, 1.199645225027962], [0.2805594303655102, 1.3206025270465491, 1.4465080099651364]]
Save Location: maps/map1357/test.txt
