Path: 2325
Path Score: 4.3585750417338485
Waypoints: [[1.0, 1.0, 1.0], [4.608820246079843, 7.120273707001329, 9.286680001717013], [14.68158349565293, 13.843237883893032, 6.016948201033536], [29.0, 29.0, 14.0]]
Velocity: [[0.0, 0.0, 0.0], [3.6088202460798433, 6.120273707001329, 8.286680001717013], [10.072763249573086, 6.722964176891703, -3.269731800683477], [14.31841650434707, 15.156762116106968, 7.983051798966464]]
Attitude: [[0.0, 0.0, 0.0], [1.233845257898589, 0.9755770124671417, 0.7087760394342274], [0.6384850145314542, 1.0051590245288449, 1.834504854528645], [0.8745806038813252, 0.824576452033356, 1.2051434100274334]]
Save Location: maps/map528/test.txt
