Path: 111
Path Score: 4.337481022318059
Waypoints: [[1.0, 1.0, 1.0], [6.844542921659472, 12.575654287568902, 0.7512941296865822], [14.31024281394206, 14.397341180730484, 10.344580509492056], [29.0, 29.0, 14.0]]
Velocity: [[0.0, 0.0, 0.0], [5.844542921659472, 11.575654287568902, -0.24870587031341784], [7.465699892282587, 1.8216868931615817, 9.593286379805473], [14.68975718605794, 14.602658819269516, 3.655419490507944]]
Attitude: [[0.0, 0.0, 0.0], [1.103329579532339, 0.4679236243581791, 1.5899732357353402], [0.9180425101904656, 1.422043951133733, 0.675383222821367], [0.7976180124622528, 0.8033878261380559, 1.3961151528842315]]
Save Location: maps/map644/test.txt
