Path: 982
Path Score: 4.101614958261111
Waypoints: [[1.0, 1.0, 1.0], [7.03200889148945, 11.212381035806049, 2.4091861245466912], [18.441097262136424, 17.537267266708554, 6.281086639361177], [29.0, 29.0, 14.0]]
Velocity: [[0.0, 0.0, 0.0], [6.03200889148945, 10.212381035806049, 1.4091861245466912], [11.409088370646973, 6.324886230902505, 3.8719005148144854], [10.558902737863576, 11.462732733291446, 7.718913360638823]]
Attitude: [[0.0, 0.0, 0.0], [1.0413956223611207, 0.5452295055399751, 1.4525400011168248], [0.576375703567283, 1.0873762724904403, 1.282267276146759], [0.9183550643402842, 0.8511782172620342, 1.1109269665548651]]
Save Location: maps/map2242/test.txt
