Path: 52
Path Score: 4.02128797979315
Waypoints: [[1.0, 1.0, 1.0], [8.883832853990807, 7.619820070167713, 5.821889119101872], [20.610598369444524, 19.278006681353382, 8.827928443474919], [29.0, 29.0, 14.0]]
Velocity: [[0.0, 0.0, 0.0], [7.883832853990807, 6.619820070167713, 4.821889119101872], [11.726765515453717, 11.65818661118567, 3.006039324373047], [8.389401630555476, 9.721993318646618, 5.172071556525081]]
Attitude: [[0.0, 0.0, 0.0], [0.8044304960935175, 0.9492050844908356, 1.1327513067607105], [0.798556206748955, 0.8042366808361124, 1.3909695750487379], [0.919766086046802, 0.7922213235648208, 1.1879058042443305]]
Save Location: maps/map2476/test.txt
