Path: 477
Path Score: 4.512313066607195
Waypoints: [[1.0, 1.0, 1.0], [11.29885047226655, 13.922680563011099, 6.0742347128672325], [24.548396690958242, 11.577212241638717, 14.392801991557022], [29.0, 29.0, 14.0]]
Velocity: [[0.0, 0.0, 0.0], [10.29885047226655, 12.922680563011099, 5.0742347128672325], [13.249546218691693, -2.3454683213723815, 8.31856727868979], [4.451603309041758, 17.42278775836128, -0.3928019915570218]]
Attitude: [[0.0, 0.0, 0.0], [0.932550665210745, 0.7263919285052141, 1.2728643435485965], [0.5780022868295994, 1.7196112421343686, 1.0170830719035753], [1.3207044969365416, 0.251084454734688, 1.5926364233314274]]
Save Location: maps/map97/test.txt
