Path: 1532
Path Score: 4.488079609091373
Waypoints: [[1.0, 1.0, 1.0], [0.8300875511549277, 1.6500330013832676, 11.560854587793756], [9.833184348662794, 7.49990030059201, 14.292253637188676], [29.0, 29.0, 14.0]]
Velocity: [[0.0, 0.0, 0.0], [-0.16991244884507228, 0.6500330013832676, 10.560854587793756], [9.003096797507865, 5.849867299208743, 2.73139904939492], [19.166815651337206, 21.50009969940799, -0.2922536371886757]]
Attitude: [[0.0, 0.0, 0.0], [1.5868534482018404, 1.5093306408644638, 0.06353355267918272], [0.6221104833353471, 1.0145182871085412, 1.3216822899493488], [0.8427567005134493, 0.7281432487926576, 1.5809425666442078]]
Save Location: maps/map134/test.txt
