Path: 2138
Path Score: 4.532506763590156
Waypoints: [[1.0, 1.0, 1.0], [7.976694836660609, 10.929766397758005, 9.409001445334173], [6.596290149546203, 22.34738075894622, 14.267155835962525], [29.0, 29.0, 14.0]]
Velocity: [[0.0, 0.0, 0.0], [6.976694836660609, 9.929766397758005, 8.409001445334173], [-1.3804046871144067, 11.417614361188214, 4.858154390628352], [22.403709850453797, 6.652619241053781, -0.2671558359625248]]
Attitude: [[0.0, 0.0, 0.0], [1.0786293818483852, 0.8331465441750755, 0.9648405508336908], [1.681590083790977, 0.4164653397639501, 1.171112681229495], [0.2888695544722783, 1.2821661018601413, 1.582227121859774]]
Save Location: maps/map63/test.txt
