# Note +ve X is north
# Note +ve Y is West
# x, y, height
# waypoints
G: (4.0,-2.0,10)
G: (17.02514874651453,0.2982669027351932,10)
G: (28.45863289362812,-4.6064357629785775,10)
G: (42.22748995647491,-2.7186119007986562,10)
G: (56.6876742718412,-7.354506262438676,10)
G: (70.51810485484262,-10.442993075360448,10)
G: (84.90064947944596,-6.579651804792164,10)
G: (96.0,-2.0,10)


# wall segments
# x1, y1, x2, y2, z
W: (96.0,-9.200000000000003,64.0,-17.200000000000003,30)
W: (64.0,-17.200000000000003,43.2,-10.0,30)
W: (43.2,-10.0,0.0,-9.200000000000003,30)
W: (0.0,5.200000000000003,52.0,5.200000000000003,30)
W: (52.0,5.200000000000003,72.8,-2.0,30)
W: (72.8,-2.0,96.0,5.200000000000003,30)


# environment settings
R: (0)
D: (1)
