Path: 2296
Path Score: 4.292057137684662
Waypoints: [[1.0, 1.0, 1.0], [4.608820246079843, 7.120273707001329, 9.286680001717013], [26.287300151641748, 16.492398494138193, 13.77497605122596], [29.0, 29.0, 14.0]]
Velocity: [[0.0, 0.0, 0.0], [3.6088202460798433, 6.120273707001329, 8.286680001717013], [21.678479905561904, 9.372124787136865, 4.488296049508946], [2.712699848358252, 12.507601505861807, 0.22502394877404086]]
Attitude: [[0.0, 0.0, 0.0], [1.233845257898589, 0.9755770124671417, 0.7087760394342274], [0.44698542708609784, 1.170327732217717, 1.3829958331981422], [1.3572535290988061, 0.21428765206758904, 1.553215933347118]]
Save Location: maps/map919/test.txt
