Path: 2256
Path Score: 4.238490765349155
Waypoints: [[1.0, 1.0, 1.0], [5.7591996310330025, 10.496060591014656, 1.1961851557501069], [12.16882105369413, 22.5703746743433, 7.023400396976081], [29.0, 29.0, 14.0]]
Velocity: [[0.0, 0.0, 0.0], [4.7591996310330025, 9.496060591014656, 0.19618515575010687], [6.409621422661127, 12.074314083328643, 5.827215241225974], [16.83117894630587, 6.429625325656701, 6.976599603023919]]
Attitude: [[0.0, 0.0, 0.0], [1.1062936554501903, 0.46492826404694765, 1.5523285842779897], [1.124835486087004, 0.6223322322290966, 1.167847299446364], [0.5132908177846113, 1.2315474594293268, 1.2013612558293933]]
Save Location: maps/map1275/test.txt
