Path: 464
Path Score: 4.236848004074307
Waypoints: [[1.0, 1.0, 1.0], [11.29885047226655, 13.922680563011099, 6.0742347128672325], [14.43692874246404, 21.36894668574859, 11.322509376936443], [29.0, 29.0, 14.0]]
Velocity: [[0.0, 0.0, 0.0], [10.29885047226655, 12.922680563011099, 5.0742347128672325], [3.138078270197491, 7.446266122737491, 5.248274664069211], [14.56307125753596, 7.63105331425141, 2.677490623063557]]
Attitude: [[0.0, 0.0, 0.0], [0.932550665210745, 0.7263919285052141, 1.2728643435485965], [1.2390591946126408, 0.6875363420679348, 0.9947733278793728], [0.5069175043207065, 1.0949344880442036, 1.4093618733327953]]
Save Location: maps/map1285/test.txt
