Path: 781
Path Score: 4.345955417880529
Waypoints: [[1.0, 1.0, 1.0], [4.844954787942095, 14.493280729732227, 5.905721797057641], [8.159225786633002, 22.267181592153765, 7.3392383843274605], [29.0, 29.0, 14.0]]
Velocity: [[0.0, 0.0, 0.0], [3.844954787942095, 13.493280729732227, 4.905721797057641], [3.3142709986909065, 7.773900862421538, 1.4335165872698195], [20.840774213367, 6.732818407846235, 6.6607616156725395]]
Attitude: [[0.0, 0.0, 0.0], [1.3091332202726853, 0.43273101466224884, 1.2344339666278068], [1.173793826900118, 0.4348495264462424, 1.4027671502483299], [0.42653797996828985, 1.2722670340266777, 1.2755587507369637]]
Save Location: maps/map596/test.txt
