Path: 1100
Path Score: 4.387797258697917
Waypoints: [[1.0, 1.0, 1.0], [6.277705044557794, 0.35330246109405494, 2.6825947684151497], [11.922439956495857, 17.336683693731057, 5.215453288665816], [29.0, 29.0, 14.0]]
Velocity: [[0.0, 0.0, 0.0], [5.277705044557794, -0.6466975389059451, 1.6825947684151497], [5.644734911938063, 16.983381232637, 2.532858520250666], [17.077560043504143, 11.663316306268943, 8.784546711334183]]
Attitude: [[0.0, 0.0, 0.0], [0.32912608513099045, 1.687014641004876, 1.264321452563771], [1.2531922947081788, 0.34935225869495473, 1.4302048643338885], [0.7073929618515384, 1.0250094498144648, 1.169113814241912]]
Save Location: maps/map403/test.txt
