Path: 1916
Path Score: 4.132403239890587
Waypoints: [[1.0, 1.0, 1.0], [8.469661386104097, 5.59096684474812, 2.5279558793890997], [12.613060744395664, 17.548051480031873, 8.080005726347148], [29.0, 29.0, 14.0]]
Velocity: [[0.0, 0.0, 0.0], [7.469661386104097, 4.59096684474812, 1.5279558793890997], [4.143399358291568, 11.957084635283753, 5.552049846958048], [16.386939255604336, 11.451948519968127, 5.919994273652852]]
Attitude: [[0.0, 0.0, 0.0], [0.5747996990566772, 1.0288000156137393, 1.3982583619310816], [1.2662782956945635, 0.5251199530816852, 1.1573483564326812], [0.6665783723714116, 0.989326980912511, 1.28290425102486]]
Save Location: maps/map2058/test.txt
