Path: 905
Path Score: 4.139659874407984
Waypoints: [[1.0, 1.0, 1.0], [13.622214221490246, 10.560085107867, 6.307093757900562], [24.631670230844907, 23.32534168126198, 7.202000853365213], [29.0, 29.0, 14.0]]
Velocity: [[0.0, 0.0, 0.0], [12.622214221490246, 9.560085107867, 5.307093757900562], [11.009456009354661, 12.765256573394979, 0.8949070954646512], [4.368329769155093, 5.674658318738022, 6.797999146634787]]
Attitude: [[0.0, 0.0, 0.0], [0.7138698155414545, 0.9612815674177257, 1.2473929819737224], [0.8603280857808661, 0.7133093112670263, 1.5177580922738432], [1.112517585562311, 0.9585535715963122, 0.8114172061667323]]
Save Location: maps/map2003/test.txt
