Path: 2184
Path Score: 4.113030211352993
Waypoints: [[1.0, 1.0, 1.0], [5.839689469355285, 6.231079992564079, 1.4400139470819306], [14.664796282188101, 21.28024012885323, 5.468764640312363], [29.0, 29.0, 14.0]]
Velocity: [[0.0, 0.0, 0.0], [4.839689469355285, 5.231079992564079, 0.44001394708193065], [8.825106812832816, 15.04916013628915, 4.028750693230433], [14.335203717811899, 7.7197598711467705, 8.531235359687637]]
Attitude: [[0.0, 0.0, 0.0], [0.8259996858182699, 0.748605830934555, 1.5091311358387776], [1.0553952459656104, 0.5725938682071766, 1.3438466398703643], [0.6763273336917041, 1.1373758967665009, 1.0881508960767203]]
Save Location: maps/map2181/test.txt
