Path: 1616
Path Score: 4.073994125540882
Waypoints: [[1.0, 1.0, 1.0], [10.36013664890983, 5.847929453477029, 2.4421408215587084], [19.150517884687012, 16.221567393022806, 9.065163787729501], [29.0, 29.0, 14.0]]
Velocity: [[0.0, 0.0, 0.0], [9.36013664890983, 4.847929453477029, 1.4421408215587084], [8.790381235777183, 10.373637939545777, 6.623022966170793], [9.849482115312988, 12.778432606977194, 4.934836212270499]]
Attitude: [[0.0, 0.0, 0.0], [0.49541529610661705, 1.0976792558885609, 1.4348290922750935], [0.9505874739067065, 0.814973906451292, 1.1175314400894587], [0.9474095871230266, 0.7114898316461911, 1.2739640805957166]]
Save Location: maps/map2354/test.txt
