Path: 2290
Path Score: 4.217195699254619
Waypoints: [[1.0, 1.0, 1.0], [4.608820246079843, 7.120273707001329, 9.286680001717013], [16.060622627406442, 22.284008548073043, 8.655570821620126], [29.0, 29.0, 14.0]]
Velocity: [[0.0, 0.0, 0.0], [3.6088202460798433, 6.120273707001329, 8.286680001717013], [11.451802381326598, 15.163734841071715, -0.6311091800968871], [12.939377372593558, 6.715991451926957, 5.344429178379874]]
Attitude: [[0.0, 0.0, 0.0], [1.233845257898589, 0.9755770124671417, 0.7087760394342274], [0.9243853384465067, 0.6475564527607207, 1.603996594719253], [0.5856835745155158, 1.123499545747589, 1.2194127759243851]]
Save Location: maps/map1424/test.txt
