Path: 966
Path Score: 4.1976885369487515
Waypoints: [[1.0, 1.0, 1.0], [7.03200889148945, 11.212381035806049, 2.4091861245466912], [14.201298455250685, 22.98387750158817, 5.257885864403107], [29.0, 29.0, 14.0]]
Velocity: [[0.0, 0.0, 0.0], [6.03200889148945, 10.212381035806049, 1.4091861245466912], [7.169289563761235, 11.771496465782123, 2.848699739856416], [14.798701544749315, 6.0161224984118284, 8.742114135596893]]
Attitude: [[0.0, 0.0, 0.0], [1.0413956223611207, 0.5452295055399751, 1.4525400011168248], [1.0363160822332882, 0.5801311021051926, 1.3669817641573443], [0.622111751572226, 1.2341041498642775, 1.070072352441417]]
Save Location: maps/map1580/test.txt
