Path: 1775
Path Score: 4.215243028233204
Waypoints: [[1.0, 1.0, 1.0], [5.8300877579373775, 12.986927175779844, 2.2883830638241456], [25.428707168258946, 19.405189246924685, 11.09112041789754], [29.0, 29.0, 14.0]]
Velocity: [[0.0, 0.0, 0.0], [4.8300877579373775, 11.986927175779844, 1.2883830638241456], [19.598619410321568, 6.4182620711448415, 8.802737354073395], [3.5712928317410544, 9.594810753075315, 2.9088795821024593]]
Attitude: [[0.0, 0.0, 0.0], [1.1897394258126446, 0.3951048953544142, 1.471431398260883], [0.5073330959950532, 1.2804997102876312, 1.1673640950667419], [1.228608075856676, 0.4475659367165343, 1.29396325921033]]
Save Location: maps/map1436/test.txt
