Path: 2403
Path Score: 4.0921700532531835
Waypoints: [[1.0, 1.0, 1.0], [12.422424952449036, 7.364456284222653, 4.120550879483655], [19.150517884687012, 16.221567393022806, 9.065163787729501], [29.0, 29.0, 14.0]]
Velocity: [[0.0, 0.0, 0.0], [11.422424952449036, 6.364456284222653, 3.1205508794836554], [6.728092932237976, 8.857111108800153, 4.944612908245846], [9.849482115312988, 12.778432606977194, 4.934836212270499]]
Attitude: [[0.0, 0.0, 0.0], [0.5554007765856399, 1.0776065097557235, 1.3365284239372268], [0.9851500368607049, 0.7559139483319635, 1.1524844032705794], [0.9474095871230266, 0.7114898316461911, 1.2739640805957166]]
Save Location: maps/map2283/test.txt
