Path: 1029
Path Score: 4.137207261696675
Waypoints: [[1.0, 1.0, 1.0], [5.124139793286082, 11.529276214212281, 3.1169525438428494], [14.43692874246404, 21.36894668574859, 11.322509376936443], [29.0, 29.0, 14.0]]
Velocity: [[0.0, 0.0, 0.0], [4.124139793286082, 10.529276214212281, 2.1169525438428494], [9.312788949177959, 9.839670471536309, 8.205556833093594], [14.56307125753596, 7.63105331425141, 2.677490623063557]]
Attitude: [[0.0, 0.0, 0.0], [1.2041596665548568, 0.4147337109116922, 1.3857324418142094], [0.9422610815233692, 0.9004912355029338, 1.0262200041638865], [0.5069175043207065, 1.0949344880442036, 1.4093618733327953]]
Save Location: maps/map2020/test.txt
