Path: 811
Path Score: 4.330918648934093
Waypoints: [[1.0, 1.0, 1.0], [4.844954787942095, 14.493280729732227, 5.905721797057641], [20.225861212634335, 15.04532595668622, 11.643310714362196], [29.0, 29.0, 14.0]]
Velocity: [[0.0, 0.0, 0.0], [3.844954787942095, 13.493280729732227, 4.905721797057641], [15.38090642469224, 0.552045226953993, 5.737588917304555], [8.774138787365665, 13.95467404331378, 2.3566892856378043]]
Attitude: [[0.0, 0.0, 0.0], [1.3091332202726853, 0.43273101466224884, 1.2344339666278068], [0.35855664599771636, 1.5371809544848616, 1.2139618127212113], [1.0158144950798451, 0.5771097040965634, 1.4287893660504631]]
Save Location: maps/map676/test.txt
