Path: 1513
Path Score: 4.541384777018942
Waypoints: [[1.0, 1.0, 1.0], [0.8300875511549277, 1.6500330013832676, 11.560854587793756], [8.077819295469498, 4.630177089274074, 13.001091877302175], [29.0, 29.0, 14.0]]
Velocity: [[0.0, 0.0, 0.0], [-0.16991244884507228, 0.6500330013832676, 10.560854587793756], [7.24773174431457, 2.9801440878908068, 1.4402372895084188], [20.922180704530504, 24.369822910725926, 0.9989081226978254]]
Attitude: [[0.0, 0.0, 0.0], [1.5868534482018404, 1.5093306408644638, 0.06353355267918272], [0.42839757826739794, 1.1874505888949887, 1.3890390560763333], [0.8617868011976941, 0.7099870602273264, 1.5397060591152212]]
Save Location: maps/map58/test.txt
