Path: 1969
Path Score: 4.2032074289039825
Waypoints: [[1.0, 1.0, 1.0], [7.908661902969909, 13.249370598681029, 5.122888052721978], [18.72403228769046, 27.04667286152992, 8.275372330418275], [29.0, 29.0, 14.0]]
Velocity: [[0.0, 0.0, 0.0], [6.908661902969909, 12.249370598681029, 4.122888052721978], [10.81537038472055, 13.797302262848891, 3.1524842776962974], [10.27596771230954, 1.9533271384700797, 5.724627669581725]]
Attitude: [[0.0, 0.0, 0.0], [1.0799032623057099, 0.5811391675180452, 1.2856207472042467], [0.9182802403968752, 0.6847192554845063, 1.3928749548815516], [0.5320146181463187, 1.4062402530460234, 1.0700368475848865]]
Save Location: maps/map1534/test.txt
