Path: 1497
Path Score: 4.283139283928221
Waypoints: [[1.0, 1.0, 1.0], [1.5831056317866898, 11.289807463775418, 6.886569014408189], [22.31107341157168, 20.857103800923483, 7.836819148340205], [29.0, 29.0, 14.0]]
Velocity: [[0.0, 0.0, 0.0], [0.5831056317866898, 10.289807463775418, 5.886569014408189], [20.72796777978499, 9.567296337148065, 0.9502501339320162], [6.68892658842832, 8.142896199076517, 6.163180851659795]]
Attitude: [[0.0, 0.0, 0.0], [1.5216478577442305, 0.5217422173051365, 1.0518517055369716], [0.4342999326417872, 1.1387662830572496, 1.5291963880684238], [0.9909241630968201, 0.8405978425021317, 1.041586930795209]]
Save Location: maps/map975/test.txt
