Path: 2449
Path Score: 4.244570195198689
Waypoints: [[1.0, 1.0, 1.0], [12.422424952449036, 7.364456284222653, 4.120550879483655], [13.095324436113561, 15.033365545267669, 6.706312039110363], [29.0, 29.0, 14.0]]
Velocity: [[0.0, 0.0, 0.0], [11.422424952449036, 6.364456284222653, 3.1205508794836554], [0.6728994836645246, 7.668909261045016, 2.585761159626708], [15.904675563886439, 13.966634454732331, 7.293687960889637]]
Attitude: [[0.0, 0.0, 0.0], [0.5554007765856399, 1.0776065097557235, 1.3365284239372268], [1.4878423331191049, 0.3352526975199224, 1.2467518743360069], [0.7807156099511975, 0.8971446612687055, 1.2389541045829986]]
Save Location: maps/map1229/test.txt
