Path: 1485
Path Score: 4.329113086416327
Waypoints: [[1.0, 1.0, 1.0], [1.5831056317866898, 11.289807463775418, 6.886569014408189], [8.698977053221993, 19.48629808039675, 13.371846165404145], [29.0, 29.0, 14.0]]
Velocity: [[0.0, 0.0, 0.0], [0.5831056317866898, 10.289807463775418, 5.886569014408189], [7.115871421435303, 8.196490616621332, 6.485277150995956], [20.301022946778005, 9.51370191960325, 0.6281538345958548]]
Attitude: [[0.0, 0.0, 0.0], [1.5216478577442305, 0.5217422173051365, 1.0518517055369716], [0.9730565891608137, 0.8655270530867477, 1.0322326497137233], [0.4390758398022054, 1.132740622989748, 1.5427856888103315]]
Save Location: maps/map686/test.txt
