Path: 2381
Path Score: 4.430682024737335
Waypoints: [[1.0, 1.0, 1.0], [15.603290829642386, 18.063146062168478, 0.9416043571728144], [25.89548437143365, 25.375523772052812, 2.470601272459734], [29.0, 29.0, 14.0]]
Velocity: [[0.0, 0.0, 0.0], [14.603290829642386, 17.063146062168478, -0.05839564282718557], [10.292193541791264, 7.312377709884334, 1.5289969152869198], [3.10451562856635, 3.624476227947188, 11.529398727540265]]
Attitude: [[0.0, 0.0, 0.0], [0.8629255758540022, 0.7078775934918604, 1.5733964198307167], [0.6278608742986392, 0.9582167626608471, 1.4502781694820814], [1.3193572714208224, 1.2760804153329788, 0.39245226552348267]]
Save Location: maps/map267/test.txt
