Path: 1970
Path Score: 4.189433425655324
Waypoints: [[1.0, 1.0, 1.0], [7.908661902969909, 13.249370598681029, 5.122888052721978], [18.441097262136424, 17.537267266708554, 6.281086639361177], [29.0, 29.0, 14.0]]
Velocity: [[0.0, 0.0, 0.0], [6.908661902969909, 12.249370598681029, 4.122888052721978], [10.532435359166515, 4.287896668027525, 1.158198586639199], [10.558902737863576, 11.462732733291446, 7.718913360638823]]
Attitude: [[0.0, 0.0, 0.0], [1.0799032623057099, 0.5811391675180452, 1.2856207472042467], [0.3990750220137149, 1.1862670256609416, 1.4692981660530693], [0.9183550643402842, 0.8511782172620342, 1.1109269665548651]]
Save Location: maps/map1650/test.txt
