Path: 647
Path Score: 4.4007283890517535
Waypoints: [[1.0, 1.0, 1.0], [12.65259495451803, 15.504691539838976, 1.3902173466937446], [14.664796282188101, 21.28024012885323, 5.468764640312363], [29.0, 29.0, 14.0]]
Velocity: [[0.0, 0.0, 0.0], [11.65259495451803, 14.504691539838976, 0.39021734669374464], [2.0122013276700716, 5.775548589014253, 4.078547293618619], [14.335203717811899, 7.7197598711467705, 8.531235359687637]]
Attitude: [[0.0, 0.0, 0.0], [0.8941821376993422, 0.6770644370273821, 1.5498263094141658], [1.2935341853170128, 0.6670368287626722, 0.9826591564953012], [0.6763273336917041, 1.1373758967665009, 1.0881508960767203]]
Save Location: maps/map358/test.txt
