Path: 2497
Path Score: 4.231550158177952
Waypoints: [[1.0, 1.0, 1.0], [12.386106231445222, 1.1077460717588705, 7.4490524792482224], [20.24894541404868, 13.704934531749169, 10.28792228211892], [29.0, 29.0, 14.0]]
Velocity: [[0.0, 0.0, 0.0], [11.386106231445222, 0.10774607175887052, 6.4490524792482224], [7.862839182603459, 12.5971884599903, 2.838869802870698], [8.75105458595132, 15.295065468250831, 3.7120777178810798]]
Attitude: [[0.0, 0.0, 0.0], [0.5154044449224107, 1.562562589250552, 1.0554709245652716], [1.0238556741913654, 0.5858840279599586, 1.3819018868892907], [1.0633520659267364, 0.5560751825583984, 1.3631766434720947]]
Save Location: maps/map1329/test.txt
