Path: 11
Path Total Score: 2.2209655870093545
Waypoints: [[0.1, 0.1, 0.1], [7.088301986342161, 5.943506532009568, 3.603987027501985], [4.217555727375439, 3.096310646356174, 2.2245370011049665], [8.988055343409009, 8.915142612537736, 2.2887959966192213], [6.360612132028612, 4.399025292904822, 3.013562626522997], [11.040467589489744, 10.384946131899861, 3.2744073672149683], [7.088301986342161, 5.943506532009568, 3.603987027501985], [12.356833083860527, 11.259633666609117, 1.2823075169534637], [11.040467589489744, 10.384946131899861, 3.2744073672149683], [15.0, 15.0, 7.5]]
Velocity: [[0.0, 0.0, 0.0], [6.988301986342162, 5.8435065320095685, 3.503987027501985], [-2.8707462589667223, -2.8471958856533943, -1.3794500263970186], [4.77049961603357, 5.818831966181562, 0.06425899551425474], [-2.627443211380397, -4.516117319632913, 0.7247666299037756], [4.679855457461132, 5.985920838995039, 0.2608447406919714], [-3.9521656031475825, -4.441439599890293, 0.3295796602870169], [5.268531097518366, 5.316127134599549, -2.3216795105485213], [-1.3163654943707837, -0.8746875347092562, 1.9920998502615046], [3.9595324105102563, 4.615053868100139, 4.225592632785032]]
Attitude: [[0.0, 0.0, 0.0], [0.0, 0.0, 0.0], [0.0, 0.0, 0.0], [0.0, 0.0, 0.0], [0.0, 0.0, 0.0], [0.0, 0.0, 0.0], [0.0, 0.0, 0.0], [0.0, 0.0, 0.0], [0.0, 0.0, 0.0], [0.0, 0.0, 0.0]]
Save Location: maps/map4/test.txt
