Path: 99
Path Score: 4.351720793325777
Waypoints: [[1.0, 1.0, 1.0], [6.844542921659472, 12.575654287568902, 0.7512941296865822], [22.610660907061256, 12.829583706462888, 7.646387831785042], [29.0, 29.0, 14.0]]
Velocity: [[0.0, 0.0, 0.0], [5.844542921659472, 11.575654287568902, -0.24870587031341784], [15.766117985401785, 0.25392941889398557, 6.89509370209846], [6.389339092938744, 16.170416293537112, 6.353612168214958]]
Attitude: [[0.0, 0.0, 0.0], [1.103329579532339, 0.4679236243581791, 1.5899732357353402], [0.41252177109042165, 1.556040861371327, 1.158571008637976], [1.2183916059253201, 0.5083781419888332, 1.2204471921007194]]
Save Location: maps/map574/test.txt
