Path: 43
Path Score: 4.102811823895429
Waypoints: [[1.0, 1.0, 1.0], [8.883832853990807, 7.619820070167713, 5.821889119101872], [15.684579521262053, 24.294407344774495, 11.460625578176513], [29.0, 29.0, 14.0]]
Velocity: [[0.0, 0.0, 0.0], [7.883832853990807, 6.619820070167713, 4.821889119101872], [6.800746667271246, 16.674587274606782, 5.638736459074641], [13.315420478737947, 4.705592655225505, 2.539374421823487]]
Attitude: [[0.0, 0.0, 0.0], [0.8044304960935175, 0.9492050844908356, 1.1327513067607105], [1.202105404492219, 0.48720899692292435, 1.2673448400173062], [0.38185806857320004, 1.2366735425670707, 1.3928860386768187]]
Save Location: maps/map2234/test.txt
