Path: 869
Path Score: 4.349495410616202
Waypoints: [[1.0, 1.0, 1.0], [13.622214221490246, 10.560085107867, 6.307093757900562], [17.427868364228836, 16.4750747584921, 4.825948732556496], [29.0, 29.0, 14.0]]
Velocity: [[0.0, 0.0, 0.0], [12.622214221490246, 9.560085107867, 5.307093757900562], [3.8056541427385895, 5.914989650625099, -1.4811450253440661], [11.572131635771164, 12.524925241507901, 9.174051267443504]]
Attitude: [[0.0, 0.0, 0.0], [0.7138698155414545, 0.9612815674177257, 1.2473929819737224], [1.0128287176999446, 0.6042555384242184, 1.778348156822975], [0.930265420446883, 0.8673805595008431, 1.0772217983493675]]
Save Location: maps/map584/test.txt
