Path: 623
Path Score: 4.423403810378312
Waypoints: [[1.0, 1.0, 1.0], [1.9869655009534015, 2.3470905443897805, 9.726710653669548], [7.2422472543241465, 15.760615466297706, 13.658007264698963], [29.0, 29.0, 14.0]]
Velocity: [[0.0, 0.0, 0.0], [0.9869655009534015, 1.3470905443897805, 8.726710653669548], [5.255281753370745, 13.413524921907925, 3.931296611029415], [21.75775274567585, 13.239384533702294, 0.34199273530103724]]
Attitude: [[0.0, 0.0, 0.0], [1.4594850995761104, 1.4185963426785977, 0.18907565762625306], [1.2111715215668228, 0.45503723161141474, 1.3043948002567147], [0.5467872106274848, 1.0242120818809008, 1.5573694452781284]]
Save Location: maps/map288/test.txt
