Path: 2409
Path Score: 4.272440294177547
Waypoints: [[1.0, 1.0, 1.0], [12.422424952449036, 7.364456284222653, 4.120550879483655], [14.46706287539074, 21.68231868352074, 5.395598205098573], [29.0, 29.0, 14.0]]
Velocity: [[0.0, 0.0, 0.0], [11.422424952449036, 6.364456284222653, 3.1205508794836554], [2.0446379229417033, 14.317862399298088, 1.275047325614918], [14.53293712460926, 7.317681316479259, 8.604401794901428]]
Attitude: [[0.0, 0.0, 0.0], [0.5554007765856399, 1.0776065097557235, 1.3365284239372268], [1.4295037368705592, 0.16673256741628792, 1.482865106400193], [0.6606967282577116, 1.161934980212726, 1.0843680323639853]]
Save Location: maps/map1039/test.txt
