Path: 1486
Path Score: 4.36795425669483
Waypoints: [[1.0, 1.0, 1.0], [1.5831056317866898, 11.289807463775418, 6.886569014408189], [17.10037516700489, 29.239729622642756, 11.903971497075933], [29.0, 29.0, 14.0]]
Velocity: [[0.0, 0.0, 0.0], [0.5831056317866898, 10.289807463775418, 5.886569014408189], [15.517269535218201, 17.949922158867338, 5.017402482667744], [11.899624832995109, -0.23972962264275566, 2.0960285029240673]]
Attitude: [[0.0, 0.0, 0.0], [1.5216478577442305, 0.5217422173051365, 1.0518517055369716], [0.8765133871247384, 0.737515095951977, 1.3624052028574203], [0.17546746908711836, 1.5906342688103356, 1.396477078710701]]
Save Location: maps/map477/test.txt
