Path: 699
Path Score: 4.371832436664374
Waypoints: [[1.0, 1.0, 1.0], [7.279071891786115, 11.99037003440958, 7.619831722996372], [10.752760318917543, 18.75992942067851, 14.80087523764835], [29.0, 29.0, 14.0]]
Velocity: [[0.0, 0.0, 0.0], [6.279071891786115, 10.99037003440958, 6.619831722996372], [3.473688427131428, 6.769559386268931, 7.181043514651979], [18.247239681082455, 10.24007057932149, -0.8008752376483503]]
Attitude: [[0.0, 0.0, 0.0], [1.115662030937802, 0.6928797362779866, 1.088924427386206], [1.232354308129011, 0.8671006996737671, 0.8143107267142649], [0.5126920098124623, 1.0598172007710935, 1.6090527819834075]]
Save Location: maps/map456/test.txt
