Path: 2057
Path Score: 4.26287338083352
Waypoints: [[1.0, 1.0, 1.0], [2.1051801977178286, 12.705542697858661, 1.33533427386211], [15.44249175683154, 18.284183195920107, 9.161844399110448], [29.0, 29.0, 14.0]]
Velocity: [[0.0, 0.0, 0.0], [1.1051801977178286, 11.705542697858661, 0.3353342738621099], [13.337311559113711, 5.578640498061446, 7.826510125248339], [13.55750824316846, 10.715816804079893, 4.838155600889552]]
Attitude: [[0.0, 0.0, 0.0], [1.4766986395106851, 0.09834724994807642, 1.5422834159518], [0.6244353761249755, 1.224578708568299, 1.0746072954351795], [0.714409075190648, 0.9308782745117469, 1.2978165450117953]]
Save Location: maps/map1112/test.txt
