Path: 1684
Path Score: 4.4093778423313275
Waypoints: [[1.0, 1.0, 1.0], [1.4862613186235762, 5.302297197202417, 9.54279168299124], [18.295648198935922, 21.67677091998945, 14.790388562251113], [29.0, 29.0, 14.0]]
Velocity: [[0.0, 0.0, 0.0], [0.48626131862357624, 4.302297197202417, 8.54279168299124], [16.809386880312346, 16.374473722787034, 5.2475968792598735], [10.704351801064078, 7.323229080010549, -0.7903885622511133]]
Attitude: [[0.0, 0.0, 0.0], [1.520002440634727, 1.1049085373684124, 0.46909167611999897], [0.7967315528947935, 0.8217222185438793, 1.3507954752876403], [0.6027006201753293, 0.9720633967168617, 1.6316622645059446]]
Save Location: maps/map335/test.txt
