Path: 1113
Path Score: 4.08884151584536
Waypoints: [[1.0, 1.0, 1.0], [7.244355243304841, 4.686769508950413, 5.732290508395203], [16.72641038031882, 15.264827052821502, 13.846194206338602], [29.0, 29.0, 14.0]]
Velocity: [[0.0, 0.0, 0.0], [6.244355243304841, 3.6867695089504133, 4.732290508395203], [9.48205513701398, 10.57805754387109, 8.1139036979434], [12.273589619681179, 13.735172947178498, 0.15380579366139813]]
Attitude: [[0.0, 0.0, 0.0], [0.7653529368027897, 1.1309818444795048, 0.9925991767107255], [0.9525610283493773, 0.8676879294636958, 1.0518462946468947], [0.8415660736191315, 0.7293004114667039, 1.5624465811421142]]
Save Location: maps/map2291/test.txt
