Path: 1509
Path Score: 4.5505411671054254
Waypoints: [[1.0, 1.0, 1.0], [0.8300875511549277, 1.6500330013832676, 11.560854587793756], [17.189475107527144, 6.123320838397045, 11.315568873473534], [29.0, 29.0, 14.0]]
Velocity: [[0.0, 0.0, 0.0], [-0.16991244884507228, 0.6500330013832676, 10.560854587793756], [16.359387556372216, 4.473287837013777, -0.24528571432022162], [11.810524892472856, 22.876679161602954, 2.6844311265264658]]
Attitude: [[0.0, 0.0, 0.0], [1.5868534482018404, 1.5093306408644638, 0.06353355267918272], [0.2672961503228467, 1.3039109194392047, 1.5852579632377268], [1.0969999474799046, 0.4869188424541576, 1.4669037812398578]]
Save Location: maps/map54/test.txt
