Path: 566
Path Score: 4.421097872687217
Waypoints: [[1.0, 1.0, 1.0], [8.077819295469498, 4.630177089274074, 13.001091877302175], [22.909069045040045, 10.835196024953614, 13.228528156939884], [29.0, 29.0, 14.0]]
Velocity: [[0.0, 0.0, 0.0], [7.077819295469498, 3.630177089274074, 12.001091877302175], [14.831249749570548, 6.20501893567954, 0.2274362796377094], [6.090930954959955, 18.164803975046386, 0.771471843060116]]
Attitude: [[0.0, 0.0, 0.0], [1.0568857360289043, 1.315913356872022, 0.5853298029477871], [0.3964846319761522, 1.1745926242912006, 1.5566505373427413], [1.2475348540835867, 0.325939212643112, 1.5305508334281337]]
Save Location: maps/map297/test.txt
