Path: 1492
Path Score: 4.57605205008682
Waypoints: [[1.0, 1.0, 1.0], [1.5831056317866898, 11.289807463775418, 6.886569014408189], [2.8635968765854614, 23.717182163253092, 14.036036214230839], [29.0, 29.0, 14.0]]
Velocity: [[0.0, 0.0, 0.0], [0.5831056317866898, 10.289807463775418, 5.886569014408189], [1.2804912447987715, 12.427374699477674, 7.1494671998226496], [26.13640312341454, 5.282817836746908, -0.03603621423083858]]
Attitude: [[0.0, 0.0, 0.0], [1.5216478577442305, 0.5217422173051365, 1.0518517055369716], [1.481719997266499, 0.5289103743879985, 1.0510160905773693], [0.19944241232976337, 1.37135861699552, 1.5721477708396825]]
Save Location: maps/map34/test.txt
