Path: 2279
Path Score: 4.2049005401700645
Waypoints: [[1.0, 1.0, 1.0], [5.7591996310330025, 10.496060591014656, 1.1961851557501069], [17.142077840697404, 12.866671640253438, 8.671369517017055], [29.0, 29.0, 14.0]]
Velocity: [[0.0, 0.0, 0.0], [4.7591996310330025, 9.496060591014656, 0.19618515575010687], [11.382878209664401, 2.370611049238782, 7.475184361266948], [11.857922159302596, 16.133328359746564, 5.328630482982945]]
Attitude: [[0.0, 0.0, 0.0], [1.1062936554501903, 0.46492826404694765, 1.5523285842779897], [0.6032619693140866, 1.3984434614633277, 0.9994215476235823], [0.9614723836846367, 0.6782653453057865, 1.3106912242211473]]
Save Location: maps/map1513/test.txt
