Path: 1660
Path Score: 4.344974172360832
Waypoints: [[1.0, 1.0, 1.0], [1.4862613186235762, 5.302297197202417, 9.54279168299124], [16.72641038031882, 15.264827052821502, 13.846194206338602], [29.0, 29.0, 14.0]]
Velocity: [[0.0, 0.0, 0.0], [0.48626131862357624, 4.302297197202417, 8.54279168299124], [15.240149061695245, 9.962529855619085, 4.303402523347362], [12.273589619681179, 13.735172947178498, 0.15380579366139813]]
Attitude: [[0.0, 0.0, 0.0], [1.520002440634727, 1.1049085373684124, 0.46909167611999897], [0.6187892538312055, 1.00925176716252, 1.3387026553133359], [0.8415660736191315, 0.7293004114667039, 1.5624465811421142]]
Save Location: maps/map602/test.txt
