Path: 1432
Path Score: 4.269456437133095
Waypoints: [[1.0, 1.0, 1.0], [10.074445050749116, 1.0357225832720962, 9.412027835082272], [24.29282605726432, 17.273783965333514, 9.528106741585457], [29.0, 29.0, 14.0]]
Velocity: [[0.0, 0.0, 0.0], [9.074445050749116, 0.03572258327209621, 8.412027835082272], [14.218381006515205, 16.238061382061417, 0.11607890650318531], [4.707173942735679, 11.726216034666486, 4.471893258414543]]
Attitude: [[0.0, 0.0, 0.0], [0.7475390695972799, 1.5679093516700198, 0.8232656157544957], [0.8516276098106625, 0.7191978965960302, 1.565418186429427], [1.2119605623526288, 0.5056733733733509, 1.2306436859371142]]
Save Location: maps/map1057/test.txt
