Path: 1116
Path Score: 4.180437092868021
Waypoints: [[1.0, 1.0, 1.0], [7.244355243304841, 4.686769508950413, 5.732290508395203], [22.76658572963688, 9.235766945696607, 14.657275630817615], [29.0, 29.0, 14.0]]
Velocity: [[0.0, 0.0, 0.0], [6.244355243304841, 3.6867695089504133, 4.732290508395203], [15.522230486332038, 4.548997436746194, 8.924985122422413], [6.23341427036312, 19.764233054303393, -0.6572756308176153]]
Attitude: [[0.0, 0.0, 0.0], [0.7653529368027897, 1.1309818444795048, 0.9925991767107255], [0.5731062119851148, 1.3219995883355398, 1.0665921459990986], [1.2654404978558256, 0.30710381033439227, 1.6025015139442569]]
Save Location: maps/map1722/test.txt
