Path: 1163
Path Score: 4.064467403317085
Waypoints: [[1.0, 1.0, 1.0], [7.244355243304841, 4.686769508950413, 5.732290508395203], [21.79639181727039, 14.477895924297679, 6.70148367285092], [29.0, 29.0, 14.0]]
Velocity: [[0.0, 0.0, 0.0], [6.244355243304841, 3.6867695089504133, 4.732290508395203], [14.552036573965548, 9.791126415347264, 0.9691931644557172], [7.20360818272961, 14.522104075702321, 7.29851632714908]]
Attitude: [[0.0, 0.0, 0.0], [0.7653529368027897, 1.1309818444795048, 0.9925991767107255], [0.5945213004636538, 0.9795597065114208, 1.5155941743718122], [1.1535972127018381, 0.6148409412743631, 1.1477501781583583]]
Save Location: maps/map2385/test.txt
