Path: 839
Path Score: 4.286150624638515
Waypoints: [[1.0, 1.0, 1.0], [4.844954787942095, 14.493280729732227, 5.905721797057641], [12.699318080032214, 19.485873547121262, 13.643108962855027], [29.0, 29.0, 14.0]]
Velocity: [[0.0, 0.0, 0.0], [3.844954787942095, 13.493280729732227, 4.905721797057641], [7.8543632920901185, 4.992592817389035, 7.7373871657973865], [16.300681919967786, 9.514126452878738, 0.3568910371449725]]
Attitude: [[0.0, 0.0, 0.0], [1.3091332202726853, 0.43273101466224884, 1.2344339666278068], [0.8645841181638909, 1.1455924535856157, 0.8772196735372091], [0.5286275051045267, 1.042579273198718, 1.5518895222311728]]
Save Location: maps/map958/test.txt
