Path: 1585
Path Score: 4.081928848725725
Waypoints: [[1.0, 1.0, 1.0], [5.1328300726842055, 6.167067988359742, 4.338023583503114], [21.595430679697905, 24.032909211980147, 6.078853224688489], [29.0, 29.0, 14.0]]
Velocity: [[0.0, 0.0, 0.0], [4.1328300726842055, 5.167067988359742, 3.338023583503114], [16.462600607013698, 17.865841223620407, 1.7408296411853748], [7.404569320302095, 4.967090788019853, 7.921146775311511]]
Attitude: [[0.0, 0.0, 0.0], [0.9792202736645594, 0.799275207152919, 1.1035589735254734], [0.828606376795543, 0.7473152996847625, 1.4992622493060184], [0.9009774146927041, 1.1412360805544841, 0.8444306588818015]]
Save Location: maps/map2316/test.txt
