Path: 2048
Path Score: 4.220450240068091
Waypoints: [[1.0, 1.0, 1.0], [1.6574939373145603, 7.640942564656317, 6.853106441814953], [13.095324436113561, 15.033365545267669, 6.706312039110363], [29.0, 29.0, 14.0]]
Velocity: [[0.0, 0.0, 0.0], [0.6574939373145603, 6.640942564656317, 5.853106441814953], [11.437830498799, 7.392422980611352, -0.14679440270458954], [15.904675563886439, 13.966634454732331, 7.293687960889637]]
Attitude: [[0.0, 0.0, 0.0], [1.4966576018134188, 0.7255359120981532, 0.8507902510389312], [0.573869077241755, 0.997054657888859, 1.5815747103975197], [0.7807156099511975, 0.8971446612687055, 1.2389541045829986]]
Save Location: maps/map1406/test.txt
