Path: 1527
Path Score: 4.582156428315156
Waypoints: [[1.0, 1.0, 1.0], [0.8300875511549277, 1.6500330013832676, 11.560854587793756], [7.976694836660609, 10.929766397758005, 9.409001445334173], [29.0, 29.0, 14.0]]
Velocity: [[0.0, 0.0, 0.0], [-0.16991244884507228, 0.6500330013832676, 10.560854587793756], [7.146607285505682, 9.279733396374738, -2.151853142459583], [21.02330516333939, 18.070233602241995, 4.590998554665827]]
Attitude: [[0.0, 0.0, 0.0], [1.5868534482018404, 1.5093306408644638, 0.06353355267918272], [0.9271516665753363, 0.677347780253863, 1.7524897609035899], [0.7254969031588144, 0.8722868357785716, 1.4066777616859754]]
Save Location: maps/map30/test.txt
