Path: 1904
Path Score: 4.134066772676461
Waypoints: [[1.0, 1.0, 1.0], [8.469661386104097, 5.59096684474812, 2.5279558793890997], [11.922439956495857, 17.336683693731057, 5.215453288665816], [29.0, 29.0, 14.0]]
Velocity: [[0.0, 0.0, 0.0], [7.469661386104097, 4.59096684474812, 1.5279558793890997], [3.452778570391761, 11.745716848982937, 2.687497409276716], [17.077560043504143, 11.663316306268943, 8.784546711334183]]
Attitude: [[0.0, 0.0, 0.0], [0.5747996990566772, 1.0288000156137393, 1.3982583619310816], [1.291719210320626, 0.3565877802884406, 1.354705363152914], [0.7073929618515384, 1.0250094498144648, 1.169113814241912]]
Save Location: maps/map2047/test.txt
