Path: 960
Path Score: 4.1720274376715825
Waypoints: [[1.0, 1.0, 1.0], [7.03200889148945, 11.212381035806049, 2.4091861245466912], [14.43692874246404, 21.36894668574859, 11.322509376936443], [29.0, 29.0, 14.0]]
Velocity: [[0.0, 0.0, 0.0], [6.03200889148945, 10.212381035806049, 1.4091861245466912], [7.404919850974591, 10.156565649942541, 8.913323252389752], [14.56307125753596, 7.63105331425141, 2.677490623063557]]
Attitude: [[0.0, 0.0, 0.0], [1.0413956223611207, 0.5452295055399751, 1.4525400011168248], [1.0695038340795968, 0.8511299337425527, 0.9539681841196543], [0.5069175043207065, 1.0949344880442036, 1.4093618733327953]]
Save Location: maps/map1791/test.txt
