Path: 271
Path Score: 4.111578181024422
Waypoints: [[1.0, 1.0, 1.0], [10.236205802881091, 6.726958385030271, 8.616461550781413], [21.391366360934747, 19.016584990160858, 9.132275513596717], [29.0, 29.0, 14.0]]
Velocity: [[0.0, 0.0, 0.0], [9.236205802881091, 5.726958385030271, 7.616461550781413], [11.155160558053655, 12.289626605130586, 0.5158139628153044], [7.608633639065253, 9.983415009839142, 4.867724486403283]]
Attitude: [[0.0, 0.0, 0.0], [0.801018365502451, 1.1245932303302049, 0.9595076706588436], [0.8341872285347973, 0.7375785329324747, 1.5397282633155562], [0.9701837951063373, 0.7354334851728955, 1.20085483013767]]
Save Location: maps/map2188/test.txt
