Path: 1906
Path Score: 4.072974225080344
Waypoints: [[1.0, 1.0, 1.0], [8.469661386104097, 5.59096684474812, 2.5279558793890997], [21.595430679697905, 24.032909211980147, 6.078853224688489], [29.0, 29.0, 14.0]]
Velocity: [[0.0, 0.0, 0.0], [7.469661386104097, 4.59096684474812, 1.5279558793890997], [13.125769293593809, 18.441942367232027, 3.550897345299389], [7.404569320302095, 4.967090788019853, 7.921146775311511]]
Attitude: [[0.0, 0.0, 0.0], [0.5747996990566772, 1.0288000156137393, 1.3982583619310816], [0.9608108270878319, 0.6353358963953986, 1.415195317192193], [0.9009774146927041, 1.1412360805544841, 0.8444306588818015]]
Save Location: maps/map2359/test.txt
