Path: 1811
Path Score: 4.247396313581904
Waypoints: [[1.0, 1.0, 1.0], [5.8300877579373775, 12.986927175779844, 2.2883830638241456], [10.30043474338533, 16.763297732058618, 6.875926560339274], [29.0, 29.0, 14.0]]
Velocity: [[0.0, 0.0, 0.0], [4.8300877579373775, 11.986927175779844, 1.2883830638241456], [4.470346985447952, 3.776370556278774, 4.587543496515129], [18.69956525661467, 12.236702267941382, 7.124073439660726]]
Attitude: [[0.0, 0.0, 0.0], [1.1897394258126446, 0.3951048953544142, 1.471431398260883], [0.9257997819252493, 1.0380905021180684, 0.9059262634553327], [0.6480970733888322, 1.0219569516917306, 1.2621948308972217]]
Save Location: maps/map1209/test.txt
