Path: 115
Path Score: 4.165666845817759
Waypoints: [[1.0, 1.0, 1.0], [6.844542921659472, 12.575654287568902, 0.7512941296865822], [26.247862811798445, 26.14012348922666, 9.783949613542193], [29.0, 29.0, 14.0]]
Velocity: [[0.0, 0.0, 0.0], [5.844542921659472, 11.575654287568902, -0.24870587031341784], [19.403319890138974, 13.564469201657758, 9.03265548385561], [2.752137188201555, 2.85987651077334, 4.216050386457807]]
Attitude: [[0.0, 0.0, 0.0], [1.103329579532339, 0.4679236243581791, 1.5899732357353402], [0.6985978748022641, 1.005913716331342, 1.2063090019939906], [1.0754951709988285, 1.0542232020541684, 0.7552272384080128]]
Save Location: maps/map1832/test.txt
