Path: 877
Path Score: 4.281571957856855
Waypoints: [[1.0, 1.0, 1.0], [13.622214221490246, 10.560085107867, 6.307093757900562], [29.619779005927043, 16.055162190531664, 11.240498068360214], [29.0, 29.0, 14.0]]
Velocity: [[0.0, 0.0, 0.0], [12.622214221490246, 9.560085107867, 5.307093757900562], [15.997564784436797, 5.495077082664665, 4.933404310459652], [-0.6197790059270432, 12.944837809468336, 2.759501931639786]]
Attitude: [[0.0, 0.0, 0.0], [0.7138698155414545, 0.9612815674177257, 1.2473929819737224], [0.43247199396839175, 1.2536358720239822, 1.2870100424478046], [1.6175884678130226, 0.21510429880291476, 1.3609995351376978]]
Save Location: maps/map983/test.txt
