Path: 1833
Path Score: 4.278362216339337
Waypoints: [[1.0, 1.0, 1.0], [5.142904841761517, 4.732071187514425, 9.090826078056057], [22.909069045040045, 10.835196024953614, 13.228528156939884], [29.0, 29.0, 14.0]]
Velocity: [[0.0, 0.0, 0.0], [4.142904841761517, 3.732071187514425, 8.090826078056057], [17.766164203278528, 6.103124837439189, 4.137702078883827], [6.090930954959955, 18.164803975046386, 0.771471843060116]]
Attitude: [[0.0, 0.0, 0.0], [1.1355654236864037, 1.1812058528805445, 0.6034260736599171], [0.3933968601106839, 1.247932114059294, 1.3539945780775275], [1.2475348540835867, 0.325939212643112, 1.5305508334281337]]
Save Location: maps/map1008/test.txt
