Path: 865
Path Score: 4.073106613458311
Waypoints: [[1.0, 1.0, 1.0], [13.622214221490246, 10.560085107867, 6.307093757900562], [24.231363728279373, 24.064238050008328, 9.859876317962396], [29.0, 29.0, 14.0]]
Velocity: [[0.0, 0.0, 0.0], [12.622214221490246, 9.560085107867, 5.307093757900562], [10.609149506789127, 13.504152942141328, 3.552782560061834], [4.768636271720627, 4.935761949991672, 4.140123682037604]]
Attitude: [[0.0, 0.0, 0.0], [0.7138698155414545, 0.9612815674177257, 1.2473929819737224], [0.9210733667094597, 0.6918804133254017, 1.366793851304325], [0.9335872338350895, 0.9073880140782924, 1.02799260384737]]
Save Location: maps/map2357/test.txt
