Path: 1446
Path Score: 4.277702482863906
Waypoints: [[1.0, 1.0, 1.0], [10.074445050749116, 1.0357225832720962, 9.412027835082272], [20.24894541404868, 13.704934531749169, 10.28792228211892], [29.0, 29.0, 14.0]]
Velocity: [[0.0, 0.0, 0.0], [9.074445050749116, 0.03572258327209621, 8.412027835082272], [10.174500363299565, 12.669211948477074, 0.8758944470366483], [8.75105458595132, 15.295065468250831, 3.7120777178810798]]
Attitude: [[0.0, 0.0, 0.0], [0.7475390695972799, 1.5679093516700198, 0.8232656157544957], [0.8953385834384846, 0.6784245558511742, 1.5169438697842326], [1.0633520659267364, 0.5560751825583984, 1.3631766434720947]]
Save Location: maps/map1011/test.txt
