Path: 2303
Path Score: 4.351361367530933
Waypoints: [[1.0, 1.0, 1.0], [4.608820246079843, 7.120273707001329, 9.286680001717013], [24.548396690958242, 11.577212241638717, 14.392801991557022], [29.0, 29.0, 14.0]]
Velocity: [[0.0, 0.0, 0.0], [3.6088202460798433, 6.120273707001329, 8.286680001717013], [19.939576444878398, 4.456938534637389, 5.106121989840009], [4.451603309041758, 17.42278775836128, -0.3928019915570218]]
Attitude: [[0.0, 0.0, 0.0], [1.233845257898589, 0.9755770124671417, 0.7087760394342274], [0.3276581237601359, 1.3575533439762602, 1.3258997749774462], [1.3207044969365416, 0.251084454734688, 1.5926364233314274]]
Save Location: maps/map576/test.txt
