# Note +ve X is north
# Note +ve Y is West
# x, y, height
# waypoints
G: (4.0,-2.0,10)
G: (15.707355243626175,-9.028392202998234,10)
G: (30.579011065124746,-11.457877703236363,10)
G: (41.94860157786104,-7.520524405531184,10)
G: (56.6876742718412,-7.354506262438676,10)
G: (68.45427405852755,-3.142624994423187,10)
G: (80.95175981176418,1.4542230905165425,10)
G: (96.0,-2.0,10)


# wall segments
# x1, y1, x2, y2, z
W: (96.0,-9.200000000000003,68.0,-9.200000000000003,30)
W: (68.0,-9.200000000000003,24.0,-17.200000000000003,30)
W: (24.0,-17.200000000000003,0.0,-9.200000000000003,30)
W: (0.0,5.200000000000003,32.8,-2.0,30)
W: (32.8,-2.0,92.0,9.200000000000003,30)
W: (92.0,9.200000000000003,96.0,5.200000000000003,30)


# environment settings
R: (0)
D: (1)
