Path: 667
Path Score: 4.3135476740246625
Waypoints: [[1.0, 1.0, 1.0], [7.279071891786115, 11.99037003440958, 7.619831722996372], [16.596716632096093, 19.215720704642216, 5.13918037419731], [29.0, 29.0, 14.0]]
Velocity: [[0.0, 0.0, 0.0], [6.279071891786115, 10.99037003440958, 6.619831722996372], [9.317644740309978, 7.225350670232636, -2.4806513487990616], [12.403283367903907, 9.784279295357784, 8.86081962580269]]
Attitude: [[0.0, 0.0, 0.0], [1.115662030937802, 0.6928797362779866, 1.088924427386206], [0.686744406568716, 0.927713760123196, 1.7781599036547164], [0.816514821634672, 1.0001521739681158, 1.059633768091095]]
Save Location: maps/map772/test.txt
