Path: 999
Path Score: 4.0840711834219094
Waypoints: [[1.0, 1.0, 1.0], [7.03200889148945, 11.212381035806049, 2.4091861245466912], [22.31107341157168, 20.857103800923483, 7.836819148340205], [29.0, 29.0, 14.0]]
Velocity: [[0.0, 0.0, 0.0], [6.03200889148945, 10.212381035806049, 1.4091861245466912], [15.27906452008223, 9.644722765117434, 5.427633023793514], [6.68892658842832, 8.142896199076517, 6.163180851659795]]
Attitude: [[0.0, 0.0, 0.0], [1.0413956223611207, 0.5452295055399751, 1.4525400011168248], [0.6268679405633149, 1.034192890229005, 1.2789798439608102], [0.9909241630968201, 0.8405978425021317, 1.041586930795209]]
Save Location: maps/map2308/test.txt
