Path: 210
Path Score: 4.45305462243358
Waypoints: [[1.0, 1.0, 1.0], [0.1034748464100077, 6.396090427855569, 9.25430405624771], [12.16882105369413, 22.5703746743433, 7.023400396976081], [29.0, 29.0, 14.0]]
Velocity: [[0.0, 0.0, 0.0], [-0.8965251535899923, 5.396090427855569, 8.25430405624771], [12.065346207284122, 16.17428424648773, -2.230903659271629], [16.83117894630587, 6.429625325656701, 6.976599603023919]]
Attitude: [[0.0, 0.0, 0.0], [1.6614577493511176, 0.9944855483118206, 0.5852456997051783], [0.9343967001245941, 0.648984382576858, 1.680906494228186], [0.5132908177846113, 1.2315474594293268, 1.2013612558293933]]
Save Location: maps/map208/test.txt
