Path: 1869
Path Score: 4.296035859566866
Waypoints: [[1.0, 1.0, 1.0], [5.142904841761517, 4.732071187514425, 9.090826078056057], [13.095324436113561, 15.033365545267669, 6.706312039110363], [29.0, 29.0, 14.0]]
Velocity: [[0.0, 0.0, 0.0], [4.142904841761517, 3.732071187514425, 8.090826078056057], [7.952419594352044, 10.301294357753244, -2.384514038945694], [15.904675563886439, 13.966634454732331, 7.293687960889637]]
Attitude: [[0.0, 0.0, 0.0], [1.1355654236864037, 1.1812058528805445, 0.6034260736599171], [0.9259550061563336, 0.678352206806752, 1.752016494382579], [0.7807156099511975, 0.8971446612687055, 1.2389541045829986]]
Save Location: maps/map899/test.txt
