Path: 1606
Path Score: 4.156425391625792
Waypoints: [[1.0, 1.0, 1.0], [10.36013664890983, 5.847929453477029, 2.4421408215587084], [15.326606466973086, 21.339557800606936, 5.709370475713641], [29.0, 29.0, 14.0]]
Velocity: [[0.0, 0.0, 0.0], [9.36013664890983, 4.847929453477029, 1.4421408215587084], [4.966469818063256, 15.491628347129907, 3.2672296541549324], [13.673393533026914, 7.660442199393064, 8.29062952428636]]
Attitude: [[0.0, 0.0, 0.0], [0.49541529610661705, 1.0976792558885609, 1.4348290922750935], [1.2668277084211286, 0.36641326083807896, 1.372598418234554], [0.690120256163992, 1.1240390241586073, 1.0842390444713212]]
Save Location: maps/map1909/test.txt
