Path: 2354
Path Score: 4.240965619907579
Waypoints: [[1.0, 1.0, 1.0], [2.7823021602657514, 3.2626923788090734, 6.811174955232296], [11.40378861351021, 23.288761880938765, 11.804403224732908], [29.0, 29.0, 14.0]]
Velocity: [[0.0, 0.0, 0.0], [1.7823021602657514, 2.2626923788090734, 5.811174955232296], [8.621486453244458, 20.02606950212969, 4.993228269500612], [17.59621138648979, 5.711238119061235, 2.1955967752670915]]
Attitude: [[0.0, 0.0, 0.0], [1.2924157480158258, 1.2144350237412072, 0.46016632051788314], [1.1751044057219449, 0.4616488125638524, 1.3456636446525931], [0.33465120952432154, 1.2592127196021017, 1.4526670982553629]]
Save Location: maps/map1254/test.txt
