Path: 69
Path Score: 4.4138210224767445
Waypoints: [[1.0, 1.0, 1.0], [6.844542921659472, 12.575654287568902, 0.7512941296865822], [14.39098062358011, 29.3344464639288, 6.107493259889046], [29.0, 29.0, 14.0]]
Velocity: [[0.0, 0.0, 0.0], [5.844542921659472, 11.575654287568902, -0.24870587031341784], [7.546437701920637, 16.758792176359897, 5.356199130202464], [14.60901937641989, -0.3344464639287992, 7.892506740110954]]
Attitude: [[0.0, 0.0, 0.0], [1.103329579532339, 0.4679236243581791, 1.5899732357353402], [1.1656075034587574, 0.5045239815390312, 1.2872272191083647], [0.4957011749046115, 1.5909353130706885, 1.0755799215878887]]
Save Location: maps/map316/test.txt
