Path: 451
Path Score: 4.3163406302539435
Waypoints: [[1.0, 1.0, 1.0], [11.29885047226655, 13.922680563011099, 6.0742347128672325], [16.596716632096093, 19.215720704642216, 5.13918037419731], [29.0, 29.0, 14.0]]
Velocity: [[0.0, 0.0, 0.0], [10.29885047226655, 12.922680563011099, 5.0742347128672325], [5.297866159829544, 5.293040141631117, -0.9350543386699224], [12.403283367903907, 9.784279295357784, 8.86081962580269]]
Attitude: [[0.0, 0.0, 0.0], [0.932550665210745, 0.7263919285052141, 1.2728643435485965], [0.7926249231949158, 0.7935223906013483, 1.695012155338227], [0.816514821634672, 1.0001521739681158, 1.059633768091095]]
Save Location: maps/map752/test.txt
