Path: 1928
Path Score: 4.213636074362669
Waypoints: [[1.0, 1.0, 1.0], [7.908661902969909, 13.249370598681029, 5.122888052721978], [15.326606466973086, 21.339557800606936, 5.709370475713641], [29.0, 29.0, 14.0]]
Velocity: [[0.0, 0.0, 0.0], [6.908661902969909, 12.249370598681029, 4.122888052721978], [7.417944564003177, 8.090187201925907, 0.5864824229916632], [13.673393533026914, 7.660442199393064, 8.29062952428636]]
Attitude: [[0.0, 0.0, 0.0], [1.0799032623057099, 0.5811391675180452, 1.2856207472042467], [0.8300241007272131, 0.7436297573818894, 1.5174149119141767], [0.690120256163992, 1.1240390241586073, 1.0842390444713212]]
Save Location: maps/map1444/test.txt
