Path: 330
Path Score: 4.261809647500984
Waypoints: [[1.0, 1.0, 1.0], [11.62421921707525, 9.637940007438962, 4.108292062461251], [18.278593753428844, 13.542675969678093, 13.490985374955708], [29.0, 29.0, 14.0]]
Velocity: [[0.0, 0.0, 0.0], [10.62421921707525, 8.637940007438962, 3.108292062461251], [6.654374536353593, 3.9047359622391316, 9.382693312494457], [10.721406246571156, 15.457324030321907, 0.5090146250442924]]
Attitude: [[0.0, 0.0, 0.0], [0.7126112608988734, 0.9081638967287853, 1.3475745118170808], [0.9910684427197984, 1.243543707572397, 0.6881931837066275], [0.964623337542555, 0.6069540453552669, 1.5437444202820336]]
Save Location: maps/map1122/test.txt
