Path: 2072
Path Score: 4.300084284906037
Waypoints: [[1.0, 1.0, 1.0], [2.1051801977178286, 12.705542697858661, 1.33533427386211], [16.0492409098564, 24.532128528212887, 5.259776536804952], [29.0, 29.0, 14.0]]
Velocity: [[0.0, 0.0, 0.0], [1.1051801977178286, 11.705542697858661, 0.3353342738621099], [13.944060712138572, 11.826585830354226, 3.924442262942842], [12.950759090143599, 4.467871471787113, 8.740223463195047]]
Attitude: [[0.0, 0.0, 0.0], [1.4766986395106851, 0.09834724994807642, 1.5422834159518], [0.7292799104330203, 0.8861190078078837, 1.3593662361551644], [0.6485671725677874, 1.2922699173049879, 1.0029155967308279]]
Save Location: maps/map869/test.txt
