Path: 453
Path Score: 4.161377944449794
Waypoints: [[1.0, 1.0, 1.0], [11.29885047226655, 13.922680563011099, 6.0742347128672325], [25.428707168258946, 19.405189246924685, 11.09112041789754], [29.0, 29.0, 14.0]]
Velocity: [[0.0, 0.0, 0.0], [10.29885047226655, 12.922680563011099, 5.0742347128672325], [14.129856695992396, 5.482508683913586, 5.016885705030308], [3.5712928317410544, 9.594810753075315, 2.9088795821024593]]
Attitude: [[0.0, 0.0, 0.0], [0.932550665210745, 0.7263919285052141, 1.2728643435485965], [0.484185449060114, 1.220252200078352, 1.2511365577221596], [1.228608075856676, 0.4475659367165343, 1.29396325921033]]
Save Location: maps/map1874/test.txt
