Path: 2003
Path Score: 4.232570586526732
Waypoints: [[1.0, 1.0, 1.0], [1.6574939373145603, 7.640942564656317, 6.853106441814953], [15.326606466973086, 21.339557800606936, 5.709370475713641], [29.0, 29.0, 14.0]]
Velocity: [[0.0, 0.0, 0.0], [0.6574939373145603, 6.640942564656317, 5.853106441814953], [13.669112529658525, 13.69861523595062, -1.1437359661013122], [13.673393533026914, 7.660442199393064, 8.29062952428636]]
Attitude: [[0.0, 0.0, 0.0], [1.4966576018134188, 0.7255359120981532, 0.8507902510389312], [0.7882128759911039, 0.7860643470597103, 1.6298296017481262], [0.690120256163992, 1.1240390241586073, 1.0842390444713212]]
Save Location: maps/map1318/test.txt
