Path: 1013
Path Score: 4.146189449414793
Waypoints: [[1.0, 1.0, 1.0], [5.124139793286082, 11.529276214212281, 3.1169525438428494], [17.495244973045097, 26.03561227858441, 12.515738341607829], [29.0, 29.0, 14.0]]
Velocity: [[0.0, 0.0, 0.0], [4.124139793286082, 10.529276214212281, 2.1169525438428494], [12.371105179759015, 14.506336064372128, 9.39878579776498], [11.504755026954903, 2.9643877214155907, 1.484261658392171]]
Attitude: [[0.0, 0.0, 0.0], [1.2041596665548568, 0.4147337109116922, 1.3857324418142094], [0.9496019459884031, 0.819673108622229, 1.1127773957670086], [0.2805594303655102, 1.3206025270465491, 1.4465080099651364]]
Save Location: maps/map1964/test.txt
