Path: 1286
Path Score: 4.236645983549362
Waypoints: [[1.0, 1.0, 1.0], [11.681123338592288, 14.089788280863255, 4.111381059339743], [18.72403228769046, 27.04667286152992, 8.275372330418275], [29.0, 29.0, 14.0]]
Velocity: [[0.0, 0.0, 0.0], [10.681123338592288, 13.089788280863255, 3.1113810593397426], [7.042908949098171, 12.956884580666665, 4.163991271078532], [10.27596771230954, 1.9533271384700797, 5.724627669581725]]
Attitude: [[0.0, 0.0, 0.0], [0.8998039769895753, 0.7044384319041941, 1.3886732407031834], [1.0932486677821323, 0.5632321907142104, 1.295604420400354], [0.5320146181463187, 1.4062402530460234, 1.0700368475848865]]
Save Location: maps/map1288/test.txt
