Path: 2498
Path Score: 4.323568711035565
Waypoints: [[1.0, 1.0, 1.0], [12.386106231445222, 1.1077460717588705, 7.4490524792482224], [17.142077840697404, 12.866671640253438, 8.671369517017055], [29.0, 29.0, 14.0]]
Velocity: [[0.0, 0.0, 0.0], [11.386106231445222, 0.10774607175887052, 6.4490524792482224], [4.755971609252182, 11.758925568494568, 1.2223170377688328], [11.857922159302596, 16.133328359746564, 5.328630482982945]]
Attitude: [[0.0, 0.0, 0.0], [0.5154044449224107, 1.562562589250552, 1.0554709245652716], [1.1883184537801414, 0.39558646415238974, 1.4747284350664982], [0.9614723836846367, 0.6782653453057865, 1.3106912242211473]]
Save Location: maps/map718/test.txt
