Path: 2031
Path Score: 4.362677071462875
Waypoints: [[1.0, 1.0, 1.0], [1.6574939373145603, 7.640942564656317, 6.853106441814953], [3.6115421997972854, 21.16184829584802, 12.099830806401165], [29.0, 29.0, 14.0]]
Velocity: [[0.0, 0.0, 0.0], [0.6574939373145603, 6.640942564656317, 5.853106441814953], [1.9540482624827251, 13.520905731191704, 5.246724364586212], [25.388457800202715, 7.838151704151979, 1.9001691935988347]]
Attitude: [[0.0, 0.0, 0.0], [1.4966576018134188, 0.7255359120981532, 0.8507902510389312], [1.4368706623339653, 0.3925882826909148, 1.2041104629324533], [0.30758927359052607, 1.272137024808702, 1.49940458028285]]
Save Location: maps/map508/test.txt
