Path: 6
Path Total Score: 2.186874015519787
Waypoints: [[0.1, 0.1, 0.1], [4.803285186565863, 7.428270776668429, 1.5565107977460957], [0.2429086269009595, 4.401009458247564, 1.9766829018839305], [6.0848137720021365, 10.540732108343967, 2.4271312744000744], [2.1166871798879825, 7.959406805005861, 2.641112218552253], [8.432291014624502, 13.013608495032363, 3.6821523813766395], [4.943772225885279, 8.247064795337433, 2.8354366311104484], [9.463493363156225, 13.966155396269237, 1.5003780227827828], [7.826323340291669, 13.092804938920764, 3.9099712091041767], [15.0, 15.0, 7.5]]
Velocity: [[0.0, 0.0, 0.0], [4.703285186565863, 7.328270776668429, 1.4565107977460956], [-4.5603765596649035, -3.027261318420865, 0.4201721041378348], [5.841905145101177, 6.139722650096403, 0.4504483725161439], [-3.968126592114154, -2.5813253033381063, 0.2139809441521785], [6.315603834736519, 5.0542016900265025, 1.0410401628243866], [-3.4885187887392224, -4.76654369969493, -0.8467157502661911], [4.519721137270945, 5.719090600931803, -1.3350586083276657], [-1.6371700228645558, -0.8733504573484723, 2.409593186321394], [7.173676659708331, 1.9071950610792356, 3.5900287908958233]]
Attitude: [[0.0, 0.0, 0.0], [0.0, 0.0, 0.0], [0.0, 0.0, 0.0], [0.0, 0.0, 0.0], [0.0, 0.0, 0.0], [0.0, 0.0, 0.0], [0.0, 0.0, 0.0], [0.0, 0.0, 0.0], [0.0, 0.0, 0.0], [0.0, 0.0, 0.0]]
Save Location: maps/map7/test.txt
