Path: 1416
Path Score: 4.292864904755137
Waypoints: [[1.0, 1.0, 1.0], [10.074445050749116, 1.0357225832720962, 9.412027835082272], [22.909069045040045, 10.835196024953614, 13.228528156939884], [29.0, 29.0, 14.0]]
Velocity: [[0.0, 0.0, 0.0], [9.074445050749116, 0.03572258327209621, 8.412027835082272], [12.83462399429093, 9.799473441681517, 3.816500321857612], [6.090930954959955, 18.164803975046386, 0.771471843060116]]
Attitude: [[0.0, 0.0, 0.0], [0.7475390695972799, 1.5679093516700198, 0.8232656157544957], [0.6864467369363149, 0.9390142007352357, 1.33870978556564], [1.2475348540835867, 0.325939212643112, 1.5305508334281337]]
Save Location: maps/map911/test.txt
