# Note +ve X is north
# Note +ve Y is West
# x, y, height
# waypoints
G: (11.0,-17.0,15)
G: (14.041794905704176,-18.191788988646948,15)
G: (17.268349005135214,-19.11708727151334,15)
G: (20.241018873009946,-20.01005070475891,15)
G: (23.518050983451474,-20.149341954938663,15)
G: (26.95364978056222,-19.288206394048643,15)
G: (29.0,-17.0,15)


# wall segments
# x1, y1, x2, y2, z
W: (40.0,-14.6,33.6,-19.0,3)
W: (33.6,-19.0,14.0,-18.6,3)
W: (14.0,-18.6,0.0,-14.6,3)
W: (0.0,-7.399999999999999,19.6,-13.0,3)
W: (19.6,-13.0,32.4,-11.0,3)
W: (32.4,-11.0,40.0,-7.399999999999999,3)


# environment settings
R: (0)
D: (1)
