Path: 1925
Path Score: 4.265830992749096
Waypoints: [[1.0, 1.0, 1.0], [7.908661902969909, 13.249370598681029, 5.122888052721978], [16.702169176436314, 28.43696480624766, 9.763844081040961], [29.0, 29.0, 14.0]]
Velocity: [[0.0, 0.0, 0.0], [6.908661902969909, 12.249370598681029, 4.122888052721978], [8.793507273466405, 15.18759420756663, 4.640956028318984], [12.297830823563686, 0.5630351937523415, 4.236155918959039]]
Attitude: [[0.0, 0.0, 0.0], [1.0799032623057099, 0.5811391675180452, 1.2856207472042467], [1.065103418357139, 0.5796598211075102, 1.3122666092529345], [0.3344395960989817, 1.5275361923898203, 1.2393843932691453]]
Save Location: maps/map1084/test.txt
