Path: 2471
Path Score: 4.403510501990724
Waypoints: [[1.0, 1.0, 1.0], [12.386106231445222, 1.1077460717588705, 7.4490524792482224], [29.75824350750498, 9.226516298503716, 11.518216341255503], [29.0, 29.0, 14.0]]
Velocity: [[0.0, 0.0, 0.0], [11.386106231445222, 0.10774607175887052, 6.4490524792482224], [17.372137276059757, 8.118770226744846, 4.06916386200728], [-0.7582435075049787, 19.773483701496282, 2.4817836587444972]]
Attitude: [[0.0, 0.0, 0.0], [0.5154044449224107, 1.562562589250552, 1.0554709245652716], [0.48168847594090136, 1.1437688023387445, 1.3616934604930007], [1.608825950671747, 0.130492139637949, 1.446029275505285]]
Save Location: maps/map352/test.txt
