Path: 1155
Path Score: 4.19732870896734
Waypoints: [[1.0, 1.0, 1.0], [7.244355243304841, 4.686769508950413, 5.732290508395203], [10.30043474338533, 16.763297732058618, 6.875926560339274], [29.0, 29.0, 14.0]]
Velocity: [[0.0, 0.0, 0.0], [6.244355243304841, 3.6867695089504133, 4.732290508395203], [3.0560795000804886, 12.076528223108205, 1.1436360519440711], [18.69956525661467, 12.236702267941382, 7.124073439660726]]
Attitude: [[0.0, 0.0, 0.0], [0.7653529368027897, 1.1309818444795048, 0.9925991767107255], [1.323999847296488, 0.2638964357442322, 1.4792478176973591], [0.6480970733888322, 1.0219569516917306, 1.2621948308972217]]
Save Location: maps/map1586/test.txt
