Path: 604
Path Score: 4.469204066614957
Waypoints: [[1.0, 1.0, 1.0], [1.9869655009534015, 2.3470905443897805, 9.726710653669548], [13.622214221490246, 10.560085107867, 6.307093757900562], [29.0, 29.0, 14.0]]
Velocity: [[0.0, 0.0, 0.0], [0.9869655009534015, 1.3470905443897805, 8.726710653669548], [11.635248720536845, 8.212994563477219, -3.4196168957689856], [15.377785778509754, 18.439914892133, 7.692906242099438]]
Attitude: [[0.0, 0.0, 0.0], [1.4594850995761104, 1.4185963426785977, 0.18907565762625306], [0.6527880669960431, 0.9755171348676842, 1.8064446118693103], [0.914838330820967, 0.7504678954034324, 1.2607334357451414]]
Save Location: maps/map177/test.txt
