Path: 2219
Path Score: 4.404766978538834
Waypoints: [[1.0, 1.0, 1.0], [5.7591996310330025, 10.496060591014656, 1.1961851557501069], [7.389357188954467, 23.477432848813812, 10.209341262023914], [29.0, 29.0, 14.0]]
Velocity: [[0.0, 0.0, 0.0], [4.7591996310330025, 9.496060591014656, 0.19618515575010687], [1.6301575579214642, 12.981372257799157, 9.013156106273808], [21.610642811045533, 5.522567151186188, 3.790658737976086]]
Attitude: [[0.0, 0.0, 0.0], [1.1062936554501903, 0.46492826404694765, 1.5523285842779897], [1.468008673343518, 0.614460700368822, 0.9675562281194487], [0.3005654335537563, 1.324213007369078, 1.4024590083582664]]
Save Location: maps/map346/test.txt
