Path: 15
Path Total Score: 1.9950761873187093
Waypoints: [[0.1, 0.1, 0.1], [5.994713589466976, 5.299693192275207, 4.138209033413464], [2.510540635690246, 0.8123219692903627, 4.477203429138151], [6.694911262394409, 5.735435468614699, 6.459938779006775], [2.962751802353435, 1.205949799025916, 5.420327156161739], [6.125531457672442, 6.0776034439975515, 5.4259298690694], [0.6407749978615518, 1.9469221451182772, 5.697909456024007], [5.994713589466976, 5.299693192275207, 4.138209033413464], [6.393839752774663, 4.83669681753902, 6.638675667195958], [15.0, 15.0, 7.5]]
Velocity: [[0.0, 0.0, 0.0], [5.894713589466976, 5.199693192275207, 4.038209033413464], [-3.4841729537767296, -4.487371222984844, 0.33899439572468726], [4.184370626704163, 4.923113499324336, 1.9827353498686238], [-3.7321594600409735, -4.529485669588783, -1.0396116228450358], [3.1627796553190066, 4.871653644971635, 0.0056027129076605675], [-5.48475645981089, -4.130681298879274, 0.27197958695460756], [5.353938591605424, 3.3527710471569296, -1.5597004226105433], [0.39912616330768724, -0.4629963747361865, 2.5004666337824943], [8.606160247225336, 10.163303182460979, 0.8613243328040419]]
Attitude: [[0.0, 0.0, 0.0], [0.0, 0.0, 0.0], [0.0, 0.0, 0.0], [0.0, 0.0, 0.0], [0.0, 0.0, 0.0], [0.0, 0.0, 0.0], [0.0, 0.0, 0.0], [0.0, 0.0, 0.0], [0.0, 0.0, 0.0], [0.0, 0.0, 0.0]]
Save Location: maps/map15/test.txt
