Path: 2259
Path Score: 4.1849504675138745
Waypoints: [[1.0, 1.0, 1.0], [5.7591996310330025, 10.496060591014656, 1.1961851557501069], [15.684579521262053, 24.294407344774495, 11.460625578176513], [29.0, 29.0, 14.0]]
Velocity: [[0.0, 0.0, 0.0], [4.7591996310330025, 9.496060591014656, 0.19618515575010687], [9.92537989022905, 13.798346753759839, 10.264440422426407], [13.315420478737947, 4.705592655225505, 2.539374421823487]]
Attitude: [[0.0, 0.0, 0.0], [1.1062936554501903, 0.46492826404694765, 1.5523285842779897], [1.0473539687498155, 0.8024934071846797, 1.0275234755732214], [0.38185806857320004, 1.2366735425670707, 1.3928860386768187]]
Save Location: maps/map1686/test.txt
