Path: 2391
Path Score: 4.2724396848914505
Waypoints: [[1.0, 1.0, 1.0], [12.422424952449036, 7.364456284222653, 4.120550879483655], [16.72641038031882, 15.264827052821502, 13.846194206338602], [29.0, 29.0, 14.0]]
Velocity: [[0.0, 0.0, 0.0], [11.422424952449036, 6.364456284222653, 3.1205508794836554], [4.303985427869785, 7.900370768598849, 9.725643326854946], [12.273589619681179, 13.735172947178498, 0.15380579366139813]]
Attitude: [[0.0, 0.0, 0.0], [0.5554007765856399, 1.0776065097557235, 1.3365284239372268], [1.23993184422371, 0.9318966640680979, 0.7464819895666475], [0.8415660736191315, 0.7293004114667039, 1.5624465811421142]]
Save Location: maps/map1040/test.txt
