Path: 1678
Path Score: 4.535957250905257
Waypoints: [[1.0, 1.0, 1.0], [1.4862613186235762, 5.302297197202417, 9.54279168299124], [3.6115421997972854, 21.16184829584802, 12.099830806401165], [29.0, 29.0, 14.0]]
Velocity: [[0.0, 0.0, 0.0], [0.48626131862357624, 4.302297197202417, 8.54279168299124], [2.125280881173709, 15.859551098645603, 2.5570391234099255], [25.388457800202715, 7.838151704151979, 1.9001691935988347]]
Attitude: [[0.0, 0.0, 0.0], [1.520002440634727, 1.1049085373684124, 0.46909167611999897], [1.4392623295401952, 0.20665643504739767, 1.4123343419612064], [0.30758927359052607, 1.272137024808702, 1.49940458028285]]
Save Location: maps/map61/test.txt
