Path: 1400
Path Score: 4.179268653877703
Waypoints: [[1.0, 1.0, 1.0], [2.1166871798879825, 7.959406805005861, 2.641112218552253], [12.613060744395664, 17.548051480031873, 8.080005726347148], [29.0, 29.0, 14.0]]
Velocity: [[0.0, 0.0, 0.0], [1.1166871798879825, 6.959406805005861, 1.6411122185522529], [10.496373564507682, 9.588644675026012, 5.438893507794894], [16.386939255604336, 11.451948519968127, 5.919994273652852]]
Attitude: [[0.0, 0.0, 0.0], [1.4158739947349994, 0.27784815422419984, 1.3420381855188857], [0.8099007022253384, 0.8893253415130271, 1.2054060280357528], [0.6665783723714116, 0.989326980912511, 1.28290425102486]]
Save Location: maps/map1733/test.txt
