Path: 1175
Path Score: 4.064544772235463
Waypoints: [[1.0, 1.0, 1.0], [7.244355243304841, 4.686769508950413, 5.732290508395203], [24.631670230844907, 23.32534168126198, 7.202000853365213], [29.0, 29.0, 14.0]]
Velocity: [[0.0, 0.0, 0.0], [6.244355243304841, 3.6867695089504133, 4.732290508395203], [17.387314987540066, 18.638572172311566, 1.46971034497001], [4.368329769155093, 5.674658318738022, 6.797999146634787]]
Attitude: [[0.0, 0.0, 0.0], [0.7653529368027897, 1.1309818444795048, 0.9925991767107255], [0.821662115622439, 0.7524557607685488, 1.5132006775609526], [1.112517585562311, 0.9585535715963122, 0.8114172061667323]]
Save Location: maps/map2384/test.txt
