Path: 1318
Path Score: 4.487607996855854
Waypoints: [[1.0, 1.0, 1.0], [3.4670120800623283, 8.98615020457587, 12.766320645476934], [26.70124871286478, 19.147010920760337, 12.70089468843873], [29.0, 29.0, 14.0]]
Velocity: [[0.0, 0.0, 0.0], [2.4670120800623283, 7.986150204575869, 11.766320645476934], [23.23423663280245, 10.160860716184468, -0.06542595703820453], [2.2987512871352216, 9.852989079239663, 1.29910531156127]]
Attitude: [[0.0, 0.0, 0.0], [1.399024108228292, 0.9844440153430374, 0.6176559127637982], [0.41226928498669335, 1.158536107603401, 1.5733763228141493], [1.3434906352786418, 0.26183169500923487, 1.4430944105763563]]
Save Location: maps/map136/test.txt
