Path: 1135
Path Score: 4.282646308799835
Waypoints: [[1.0, 1.0, 1.0], [7.244355243304841, 4.686769508950413, 5.732290508395203], [9.057942771808293, 22.483164120725405, 13.633419250864584], [29.0, 29.0, 14.0]]
Velocity: [[0.0, 0.0, 0.0], [6.244355243304841, 3.6867695089504133, 4.732290508395203], [1.8135875285034517, 17.796394611774993, 7.901128742469381], [19.942057228191707, 6.516835879274595, 0.36658074913541583]]
Attitude: [[0.0, 0.0, 0.0], [0.7653529368027897, 1.1309818444795048, 0.9925991767107255], [1.4779236757461949, 0.4274341498727812, 1.1548777977920432], [0.3163154151017467, 1.2549974740262801, 1.5533251264663486]]
Save Location: maps/map977/test.txt
