Path: 0
Path Score: 1.5733480998137468
Waypoints: [[1.0, 1.0, 1.0], [14.744708784525747, 8.243913356383917, 5.768124269239181], [29.0, 29.0, 14.0]]
Velocity: [[0.0, 0.0, 0.0], [13.744708784525747, 7.243913356383917, 4.768124269239181], [14.255291215474253, 20.756086643616083, 8.23187573076082]]
Attitude: [[0.0, 0.0, 0.0], [0.5628719919429865, 1.1088118432043854, 1.2730278822032703], [1.0026020496927528, 0.6705114538760276, 1.2548268359843155]]
Save Location: maps/map6/test.txt
