Path: 450
Path Score: 4.35805121106327
Waypoints: [[1.0, 1.0, 1.0], [11.29885047226655, 13.922680563011099, 6.0742347128672325], [16.72641038031882, 15.264827052821502, 13.846194206338602], [29.0, 29.0, 14.0]]
Velocity: [[0.0, 0.0, 0.0], [10.29885047226655, 12.922680563011099, 5.0742347128672325], [5.427559908052272, 1.3421464898104034, 7.771959493471369], [12.273589619681179, 13.735172947178498, 0.15380579366139813]]
Attitude: [[0.0, 0.0, 0.0], [0.932550665210745, 0.7263919285052141, 1.2728643435485965], [0.9680571205903669, 1.4301477237603428, 0.623618928512404], [0.8415660736191315, 0.7293004114667039, 1.5624465811421142]]
Save Location: maps/map531/test.txt
