# Note +ve X is north
# Note +ve Y is West
# x, y, height
# waypoints
G: (4.0,-2.0,10)
G: (20.589713049745754,2.031464829264273,10)
G: (37.13716220148616,8.294318209266422,10)
G: (53.2449263634512,6.794969582178908,10)
G: (37.566024765916566,13.735389461031673,10)
G: (53.097930617714326,4.921270406642073,10)
G: (65.77883657657007,15.49699366108051,10)
G: (80.68957993703486,5.097596841763789,10)
G: (96.0,-2.0,10)


# wall segments
# x1, y1, x2, y2, z
W: (96.0,-9.200000000000003,60.0,2.799999999999997,30)
W: (60.0,2.799999999999997,0.0,-9.200000000000003,30)
W: (0.0,5.200000000000003,40.0,21.200000000000003,30)
W: (40.0,21.200000000000003,80.0,17.200000000000003,30)
W: (80.0,17.200000000000003,96.0,9.200000000000003,30)


# environment settings
R: (0)
D: (1)
