Path: 1986
Path Score: 4.210917414131354
Waypoints: [[1.0, 1.0, 1.0], [7.908661902969909, 13.249370598681029, 5.122888052721978], [12.704603846584774, 19.922199713463662, 8.33279809450805], [29.0, 29.0, 14.0]]
Velocity: [[0.0, 0.0, 0.0], [6.908661902969909, 12.249370598681029, 4.122888052721978], [4.795941943614865, 6.672829114782633, 3.209910041786072], [16.295396153415226, 9.077800286536338, 5.66720190549195]]
Attitude: [[0.0, 0.0, 0.0], [1.0799032623057099, 0.5811391675180452, 1.2856207472042467], [0.9960499521659059, 0.7130536938869554, 1.1984042607061516], [0.5810873343497762, 1.0864359774071253, 1.2758411019683804]]
Save Location: maps/map1464/test.txt
