Path: 240
Path Score: 4.315282641387045
Waypoints: [[1.0, 1.0, 1.0], [0.2429086269009595, 4.401009458247564, 1.9766829018839305], [14.68158349565293, 13.843237883893032, 6.016948201033536], [29.0, 29.0, 14.0]]
Velocity: [[0.0, 0.0, 0.0], [-0.7570913730990405, 3.4010094582475636, 0.9766829018839305], [14.43867486875197, 9.442228425645467, 4.040265299149605], [14.31841650434707, 15.156762116106968, 7.983051798966464]]
Attitude: [[0.0, 0.0, 0.0], [1.7815782743907893, 0.34851827104464184, 1.297497366701187], [0.61827371534749, 1.008779157756573, 1.340750862052021], [0.8745806038813252, 0.824576452033356, 1.2051434100274334]]
Save Location: maps/map760/test.txt
