Path: 976
Path Score: 4.262353614961162
Waypoints: [[1.0, 1.0, 1.0], [7.03200889148945, 11.212381035806049, 2.4091861245466912], [16.883025564776037, 28.590923589761672, 8.346739006746619], [29.0, 29.0, 14.0]]
Velocity: [[0.0, 0.0, 0.0], [6.03200889148945, 10.212381035806049, 1.4091861245466912], [9.851016673286587, 17.378542553955626, 5.9375528821999275], [12.116974435223963, 0.4090764102383275, 5.653260993253381]]
Attitude: [[0.0, 0.0, 0.0], [1.0413956223611207, 0.5452295055399751, 1.4525400011168248], [1.078450144666206, 0.5846628789021286, 1.2818841466205484], [0.43753856464082885, 1.5402112905645133, 1.134477297818289]]
Save Location: maps/map1117/test.txt
