Path: 1
Path Score: 4.191791643270841
Waypoints: [[1.0, 1.0, 1.0], [8.883832853990807, 7.619820070167713, 5.821889119101872], [28.580074351282803, 14.872208336339622, 10.610098631150464], [29.0, 29.0, 14.0]]
Velocity: [[0.0, 0.0, 0.0], [7.883832853990807, 6.619820070167713, 4.821889119101872], [19.696241497291997, 7.252388266171908, 4.788209512048592], [0.4199256487171965, 14.127791663660378, 3.389901368849536]]
Attitude: [[0.0, 0.0, 0.0], [0.8044304960935175, 0.9492050844908356, 1.1327513067607105], [0.4155320941185305, 1.2271976730135081, 1.3465054428696908], [1.5419013819474265, 0.2372269626522856, 1.3354029484393914]]
Save Location: maps/map1632/test.txt
