Path: 2321
Path Score: 4.200479811257011
Waypoints: [[1.0, 1.0, 1.0], [4.608820246079843, 7.120273707001329, 9.286680001717013], [20.610598369444524, 19.278006681353382, 8.827928443474919], [29.0, 29.0, 14.0]]
Velocity: [[0.0, 0.0, 0.0], [3.6088202460798433, 6.120273707001329, 8.286680001717013], [16.00177812336468, 12.157732974352054, -0.4587515582420938], [8.389401630555476, 9.721993318646618, 5.172071556525081]]
Attitude: [[0.0, 0.0, 0.0], [1.233845257898589, 0.9755770124671417, 0.7087760394342274], [0.650069815075404, 0.9212670924237254, 1.5936198532496872], [0.919766086046802, 0.7922213235648208, 1.1879058042443305]]
Save Location: maps/map1558/test.txt
