Path: 2016
Path Score: 4.176915303017322
Waypoints: [[1.0, 1.0, 1.0], [1.6574939373145603, 7.640942564656317, 6.853106441814953], [19.150517884687012, 16.221567393022806, 9.065163787729501], [29.0, 29.0, 14.0]]
Velocity: [[0.0, 0.0, 0.0], [0.6574939373145603, 6.640942564656317, 5.853106441814953], [17.493023947372453, 8.580624828366489, 2.2120573459145483], [9.849482115312988, 12.778432606977194, 4.934836212270499]]
Attitude: [[0.0, 0.0, 0.0], [1.4966576018134188, 0.7255359120981532, 0.8507902510389312], [0.4688774146697296, 1.1178924697400094, 1.4577493837174973], [0.9474095871230266, 0.7114898316461911, 1.2739640805957166]]
Save Location: maps/map1750/test.txt
