Path: 2300
Path Score: 4.178360790012285
Waypoints: [[1.0, 1.0, 1.0], [4.608820246079843, 7.120273707001329, 9.286680001717013], [18.987168424161545, 21.350324413129044, 10.434584031210562], [29.0, 29.0, 14.0]]
Velocity: [[0.0, 0.0, 0.0], [3.6088202460798433, 6.120273707001329, 8.286680001717013], [14.378348178081701, 14.230050706127717, 1.1479040294935494], [10.012831575838455, 7.649675586870956, 3.565415968789438]]
Attitude: [[0.0, 0.0, 0.0], [1.233845257898589, 0.9755770124671417, 0.7087760394342274], [0.7818359882844202, 0.7921700809129901, 1.5141129503656596], [0.7003550436294252, 0.9469578898565721, 1.2950479413160163]]
Save Location: maps/map1736/test.txt
