Path: 2395
Path Score: 4.067730507040428
Waypoints: [[1.0, 1.0, 1.0], [12.422424952449036, 7.364456284222653, 4.120550879483655], [25.428707168258946, 19.405189246924685, 11.09112041789754], [29.0, 29.0, 14.0]]
Velocity: [[0.0, 0.0, 0.0], [11.422424952449036, 6.364456284222653, 3.1205508794836554], [13.00628221580991, 12.040732962702032, 6.970569538413885], [3.5712928317410544, 9.594810753075315, 2.9088795821024593]]
Attitude: [[0.0, 0.0, 0.0], [0.5554007765856399, 1.0776065097557235, 1.3365284239372268], [0.8190637874887362, 0.8863960405952154, 1.1960941161387904], [1.228608075856676, 0.4475659367165343, 1.29396325921033]]
Save Location: maps/map2373/test.txt
