Path: 772
Path Score: 4.098698635952189
Waypoints: [[1.0, 1.0, 1.0], [12.697608925444278, 6.8811022717284045, 6.207161753256], [24.539485932888955, 19.73672816277327, 8.00225603479158], [29.0, 29.0, 14.0]]
Velocity: [[0.0, 0.0, 0.0], [11.697608925444278, 5.8811022717284045, 5.207161753256], [11.841877007444676, 12.855625891044866, 1.7950942815355804], [4.4605140671110455, 9.263271837226728, 5.99774396520842]]
Attitude: [[0.0, 0.0, 0.0], [0.5913478455125089, 1.1402281118229445, 1.1922640516212777], [0.8312310975018478, 0.7500377552836321, 1.4684520328884794], [1.1866756395694507, 0.678936129498745, 1.0426972103159322]]
Save Location: maps/map2257/test.txt
