Path: 1056
Path Score: 4.34140902235808
Waypoints: [[1.0, 1.0, 1.0], [5.124139793286082, 11.529276214212281, 3.1169525438428494], [10.752760318917543, 18.75992942067851, 14.80087523764835], [29.0, 29.0, 14.0]]
Velocity: [[0.0, 0.0, 0.0], [4.124139793286082, 10.529276214212281, 2.1169525438428494], [5.628620525631462, 7.230653206466229, 11.683922693805501], [18.247239681082455, 10.24007057932149, -0.8008752376483503]]
Attitude: [[0.0, 0.0, 0.0], [1.2041596665548568, 0.4147337109116922, 1.3857324418142094], [1.1820050953337302, 1.0621881487919629, 0.665066160079617], [0.5126920098124623, 1.0598172007710935, 1.6090527819834075]]
Save Location: maps/map621/test.txt
