Path: 1060
Path Score: 4.1780878025558135
Waypoints: [[1.0, 1.0, 1.0], [5.124139793286082, 11.529276214212281, 3.1169525438428494], [12.16882105369413, 22.5703746743433, 7.023400396976081], [29.0, 29.0, 14.0]]
Velocity: [[0.0, 0.0, 0.0], [4.124139793286082, 10.529276214212281, 2.1169525438428494], [7.044681260408048, 11.041098460131018, 3.9064478531332316], [16.83117894630587, 6.429625325656701, 6.976599603023919]]
Attitude: [[0.0, 0.0, 0.0], [1.2041596665548568, 0.4147337109116922, 1.3857324418142094], [1.0292723995653226, 0.6302999322990912, 1.280928626990926], [0.5132908177846113, 1.2315474594293268, 1.2013612558293933]]
Save Location: maps/map1738/test.txt
