Path: 911
Path Score: 4.38951477957392
Waypoints: [[1.0, 1.0, 1.0], [7.363766588778974, 0.518530266354752, 10.190548616200227], [10.035552414872543, 14.727385926720864, 12.424650413075828], [29.0, 29.0, 14.0]]
Velocity: [[0.0, 0.0, 0.0], [6.363766588778974, -0.48146973364524803, 9.190548616200227], [2.6717858260935685, 14.208855660366112, 2.234101796875601], [18.96444758512746, 14.272614073279136, 1.5753495869241725]]
Attitude: [[0.0, 0.0, 0.0], [0.9658135015594402, 1.6138399388547588, 0.6069604064989591], [1.3871350794944168, 0.24037317533103209, 1.417483958977223], [0.6480734763088719, 0.9272854822750475, 1.5045215484811172]]
Save Location: maps/map394/test.txt
