Path: 610
Path Score: 4.47460347036247
Waypoints: [[1.0, 1.0, 1.0], [1.9869655009534015, 2.3470905443897805, 9.726710653669548], [6.351589522056588, 15.595530052506257, 9.804307665027011], [29.0, 29.0, 14.0]]
Velocity: [[0.0, 0.0, 0.0], [0.9869655009534015, 1.3470905443897805, 8.726710653669548], [4.364624021103186, 13.248439508116476, 0.07759701135746333], [22.64841047794341, 13.404469947493743, 4.195692334972989]]
Attitude: [[0.0, 0.0, 0.0], [1.4594850995761104, 1.4185963426785977, 0.18907565762625306], [1.2525549962070432, 0.3182933913341789, 1.5652334254705083], [0.5551154872057305, 1.0437555844404118, 1.4127030288890532]]
Save Location: maps/map167/test.txt
