Path: 1945
Path Score: 4.126022921533915
Waypoints: [[1.0, 1.0, 1.0], [7.908661902969909, 13.249370598681029, 5.122888052721978], [22.16101751903432, 21.88131243389526, 7.844034735289933], [29.0, 29.0, 14.0]]
Velocity: [[0.0, 0.0, 0.0], [6.908661902969909, 12.249370598681029, 4.122888052721978], [14.252355616064412, 8.631941835214231, 2.721146682567955], [6.838982480965679, 7.1186875661047395, 6.155965264710067]]
Attitude: [[0.0, 0.0, 0.0], [1.0799032623057099, 0.5811391675180452, 1.2856207472042467], [0.5657804317970972, 1.034132101863158, 1.4089160550191016], [0.9423867443913255, 0.9123337917118957, 1.0131992799999519]]
Save Location: maps/map2099/test.txt
