Path: 2265
Path Score: 4.177239360359238
Waypoints: [[1.0, 1.0, 1.0], [5.7591996310330025, 10.496060591014656, 1.1961851557501069], [22.781985147361475, 18.865246195222316, 4.237269029022857], [29.0, 29.0, 14.0]]
Velocity: [[0.0, 0.0, 0.0], [4.7591996310330025, 9.496060591014656, 0.19618515575010687], [17.022785516328472, 8.36918560420766, 3.0410838732727505], [6.218014852638525, 10.134753804777684, 9.762730970977142]]
Attitude: [[0.0, 0.0, 0.0], [1.1062936554501903, 0.46492826404694765, 1.5523285842779897], [0.48195434430465667, 1.120043782650933, 1.411829444533823], [1.154725411250614, 0.8516309695069436, 0.8833371316925762]]
Save Location: maps/map1745/test.txt
