Path: 1161
Path Score: 4.172058555538429
Waypoints: [[1.0, 1.0, 1.0], [7.244355243304841, 4.686769508950413, 5.732290508395203], [9.662916602314, 22.21326367479614, 9.15459432162151], [29.0, 29.0, 14.0]]
Velocity: [[0.0, 0.0, 0.0], [6.244355243304841, 3.6867695089504133, 4.732290508395203], [2.4185613590091597, 17.526494165845726, 3.422303813226306], [19.337083397686, 6.7867363252038615, 4.845405678378491]]
Attitude: [[0.0, 0.0, 0.0], [0.7653529368027897, 1.1309818444795048, 0.9925991767107255], [1.4361786829650511, 0.23469769932870121, 1.37972446788333], [0.40714433808387096, 1.242659214067075, 1.3386234911715096]]
Save Location: maps/map1790/test.txt
