Path: 860
Path Score: 4.134216566337592
Waypoints: [[1.0, 1.0, 1.0], [13.622214221490246, 10.560085107867, 6.307093757900562], [26.70124871286478, 19.147010920760337, 12.70089468843873], [29.0, 29.0, 14.0]]
Velocity: [[0.0, 0.0, 0.0], [12.622214221490246, 9.560085107867, 5.307093757900562], [13.079034491374532, 8.586925812893337, 6.393800930538168], [2.2987512871352216, 9.852989079239663, 1.29910531156127]]
Attitude: [[0.0, 0.0, 0.0], [0.7138698155414545, 0.9612815674177257, 1.2473929819737224], [0.6859519321242977, 1.0378858010584977, 1.1828512861534286], [1.3434906352786418, 0.26183169500923487, 1.4430944105763563]]
Save Location: maps/map2046/test.txt
