Path: 1322
Path Score: 4.514834362070332
Waypoints: [[1.0, 1.0, 1.0], [3.4670120800623283, 8.98615020457587, 12.766320645476934], [6.938039822185598, 21.090386253324894, 12.519590149875834], [29.0, 29.0, 14.0]]
Velocity: [[0.0, 0.0, 0.0], [2.4670120800623283, 7.986150204575869, 11.766320645476934], [3.4710277421232694, 12.104236048749025, -0.24673049560110094], [22.061960177814402, 7.909613746675106, 1.4804098501241665]]
Attitude: [[0.0, 0.0, 0.0], [1.399024108228292, 0.9844440153430374, 0.6176559127637982], [1.2915838755655606, 0.2799359328656683, 1.5903879161886236], [0.3497487223204723, 1.2272661765835426, 1.5077145816114603]]
Save Location: maps/map95/test.txt
