Path: 39
Path Score: 4.255216257431314
Waypoints: [[1.0, 1.0, 1.0], [8.883832853990807, 7.619820070167713, 5.821889119101872], [10.30043474338533, 16.763297732058618, 6.875926560339274], [29.0, 29.0, 14.0]]
Velocity: [[0.0, 0.0, 0.0], [7.883832853990807, 6.619820070167713, 4.821889119101872], [1.4166018893945225, 9.143477661890905, 1.0540374412374023], [18.69956525661467, 12.236702267941382, 7.124073439660726]]
Attitude: [[0.0, 0.0, 0.0], [0.8044304960935175, 0.9492050844908356, 1.1327513067607105], [1.4180836160285955, 0.19076395872073604, 1.4573668994340527], [0.6480970733888322, 1.0219569516917306, 1.2621948308972217]]
Save Location: maps/map1165/test.txt
