Path: 2255
Path Score: 4.252963766998343
Waypoints: [[1.0, 1.0, 1.0], [5.7591996310330025, 10.496060591014656, 1.1961851557501069], [15.400672772919897, 26.69900395650807, 5.879479941270359], [29.0, 29.0, 14.0]]
Velocity: [[0.0, 0.0, 0.0], [4.7591996310330025, 9.496060591014656, 0.19618515575010687], [9.641473141886895, 16.20294336549341, 4.6832947855202525], [13.599327227080103, 2.3009960434919314, 8.12052005872964]]
Attitude: [[0.0, 0.0, 0.0], [1.1062936554501903, 0.46492826404694765, 1.5523285842779897], [1.051487271594595, 0.5844380431773547, 1.3273326529175211], [0.5554547236335042, 1.4265344991304623, 1.0386836664292136]]
Save Location: maps/map1173/test.txt
