Path: 16
Path Total Score: 2.2115892448695704
Waypoints: [[0.1, 0.1, 0.1], [5.1328300726842055, 6.167067988359742, 4.338023583503114], [1.4054990619177365, 2.018923329900705, 5.290815032320245], [7.053333571291331, 7.042786423161869, 6.602936518582617], [2.7823021602657514, 3.2626923788090734, 6.811174955232296], [8.67812943502768, 7.718193737662762, 7.371061896999192], [4.138962932652762, 3.586156633845019, 7.913551413468592], [9.883507089749639, 7.459854120594406, 7.273407014939692], [7.357241446094854, 6.8854107872463, 7.619014822350557], [15.0, 15.0, 7.5]]
Velocity: [[0.0, 0.0, 0.0], [5.032830072684206, 6.067067988359742, 4.238023583503114], [-3.727331010766469, -4.148144658459037, 0.9527914488171314], [5.647834509373594, 5.023863093261164, 1.312121486262372], [-4.27103141102558, -3.7800940443527953, 0.20823843664967878], [5.8958272747619285, 4.455501358853689, 0.5598869417668961], [-4.5391665023749175, -4.132037103817743, 0.5424895164693995], [5.744544157096876, 3.8736974867493865, -0.6401443985288999], [-2.526265643654785, -0.5744433333481052, 0.3456078074108655], [7.642758553905146, 8.1145892127537, -0.11901482235055738]]
Attitude: [[0.0, 0.0, 0.0], [0.0, 0.0, 0.0], [0.0, 0.0, 0.0], [0.0, 0.0, 0.0], [0.0, 0.0, 0.0], [0.0, 0.0, 0.0], [0.0, 0.0, 0.0], [0.0, 0.0, 0.0], [0.0, 0.0, 0.0], [0.0, 0.0, 0.0]]
Save Location: maps/map6/test.txt
