Path: 7
Path Score: 1.5821845465140865
Waypoints: [[1.0, 1.0, 1.0], [9.766179290910081, 13.86462971692441, 5.495098506285851], [29.0, 29.0, 14.0]]
Velocity: [[0.0, 0.0, 0.0], [8.766179290910081, 12.86462971692441, 4.495098506285851], [19.23382070908992, 15.13537028307559, 8.504901493714149]]
Attitude: [[0.0, 0.0, 0.0], [0.9991607891427372, 0.6535246191109723, 1.289691982902508], [0.7342725480516571, 0.9469749922336854, 1.2363546434759243]]
Save Location: maps/map5/test.txt
