Path: 753
Path Score: 4.08989640903939
Waypoints: [[1.0, 1.0, 1.0], [12.697608925444278, 6.8811022717284045, 6.207161753256], [24.29282605726432, 17.273783965333514, 9.528106741585457], [29.0, 29.0, 14.0]]
Velocity: [[0.0, 0.0, 0.0], [11.697608925444278, 5.8811022717284045, 5.207161753256], [11.595217131820043, 10.392681693605109, 3.3209449883294573], [4.707173942735679, 11.726216034666486, 4.471893258414543]]
Attitude: [[0.0, 0.0, 0.0], [0.5913478455125089, 1.1402281118229445, 1.1922640516212777], [0.7549781588266775, 0.8595793445020189, 1.3606674384979378], [1.2119605623526288, 0.5056733733733509, 1.2306436859371142]]
Save Location: maps/map2288/test.txt
