Path: 1467
Path Score: 4.375421976064517
Waypoints: [[1.0, 1.0, 1.0], [1.5831056317866898, 11.289807463775418, 6.886569014408189], [9.057942771808293, 22.483164120725405, 13.633419250864584], [29.0, 29.0, 14.0]]
Velocity: [[0.0, 0.0, 0.0], [0.5831056317866898, 10.289807463775418, 5.886569014408189], [7.474837140021602, 11.193356656949987, 6.746850236456395], [19.942057228191707, 6.516835879274595, 0.36658074913541583]]
Attitude: [[0.0, 0.0, 0.0], [1.5216478577442305, 0.5217422173051365, 1.0518517055369716], [1.0512716410993859, 0.7325878578694374, 1.1061397850551113], [0.3163154151017467, 1.2549974740262801, 1.5533251264663486]]
Save Location: maps/map443/test.txt
