Path: 1535
Path Score: 4.078295838197784
Waypoints: [[1.0, 1.0, 1.0], [5.1328300726842055, 6.167067988359742, 4.338023583503114], [15.326606466973086, 21.339557800606936, 5.709370475713641], [29.0, 29.0, 14.0]]
Velocity: [[0.0, 0.0, 0.0], [4.1328300726842055, 5.167067988359742, 3.338023583503114], [10.19377639428888, 15.172489812247195, 1.3713468922105267], [13.673393533026914, 7.660442199393064, 8.29062952428636]]
Attitude: [[0.0, 0.0, 0.0], [0.9792202736645594, 0.799275207152919, 1.1035589735254734], [0.9810891826513655, 0.59574712257134, 1.4959130455949297], [0.690120256163992, 1.1240390241586073, 1.0842390444713212]]
Save Location: maps/map2337/test.txt
