Path: 1252
Path Score: 4.268676214091548
Waypoints: [[1.0, 1.0, 1.0], [11.681123338592288, 14.089788280863255, 4.111381059339743], [15.326606466973086, 21.339557800606936, 5.709370475713641], [29.0, 29.0, 14.0]]
Velocity: [[0.0, 0.0, 0.0], [10.681123338592288, 13.089788280863255, 3.1113810593397426], [3.645483128380798, 7.249769519743682, 1.5979894163738981], [13.673393533026914, 7.660442199393064, 8.29062952428636]]
Attitude: [[0.0, 0.0, 0.0], [0.8998039769895753, 0.7044384319041941, 1.3886732407031834], [1.1143312015696771, 0.5020982276307318, 1.3763594899184206], [0.690120256163992, 1.1240390241586073, 1.0842390444713212]]
Save Location: maps/map1064/test.txt
