Path: 1918
Path Score: 4.049799194404528
Waypoints: [[1.0, 1.0, 1.0], [8.469661386104097, 5.59096684474812, 2.5279558793890997], [24.631670230844907, 23.32534168126198, 7.202000853365213], [29.0, 29.0, 14.0]]
Velocity: [[0.0, 0.0, 0.0], [7.469661386104097, 4.59096684474812, 1.5279558793890997], [16.16200884474081, 17.734374836513858, 4.674044973976113], [4.368329769155093, 5.674658318738022, 6.797999146634787]]
Attitude: [[0.0, 0.0, 0.0], [0.5747996990566772, 1.0288000156137393, 1.3982583619310816], [0.8484403851633563, 0.759070192119424, 1.378406243851134], [1.112517585562311, 0.9585535715963122, 0.8114172061667323]]
Save Location: maps/map2427/test.txt
