Path: 1350
Path Score: 4.307458184694314
Waypoints: [[1.0, 1.0, 1.0], [2.1166871798879825, 7.959406805005861, 2.641112218552253], [16.72641038031882, 15.264827052821502, 13.846194206338602], [29.0, 29.0, 14.0]]
Velocity: [[0.0, 0.0, 0.0], [1.1166871798879825, 6.959406805005861, 1.6411122185522529], [14.609723200430839, 7.305420247815642, 11.205081987786349], [12.273589619681179, 13.735172947178498, 0.15380579366139813]]
Attitude: [[0.0, 0.0, 0.0], [1.4158739947349994, 0.27784815422419984, 1.3420381855188857], [0.741350532941998, 1.193071302909754, 0.9695419179425864], [0.8415660736191315, 0.7293004114667039, 1.5624465811421142]]
Save Location: maps/map814/test.txt
