Path: 2167
Path Score: 4.047370131910955
Waypoints: [[1.0, 1.0, 1.0], [5.839689469355285, 6.231079992564079, 1.4400139470819306], [17.427868364228836, 16.4750747584921, 4.825948732556496], [29.0, 29.0, 14.0]]
Velocity: [[0.0, 0.0, 0.0], [4.839689469355285, 5.231079992564079, 0.44001394708193065], [11.58817889487355, 10.243994765928019, 3.385934785474565], [11.572131635771164, 12.524925241507901, 9.174051267443504]]
Attitude: [[0.0, 0.0, 0.0], [0.8259996858182699, 0.748605830934555, 1.5091311358387776], [0.749702453675884, 0.8671594704176983, 1.3552814090567278], [0.930265420446883, 0.8673805595008431, 1.0772217983493675]]
Save Location: maps/map2432/test.txt
