Path: 37
Path Score: 4.288484871557532
Waypoints: [[1.0, 1.0, 1.0], [8.883832853990807, 7.619820070167713, 5.821889119101872], [10.752760318917543, 18.75992942067851, 14.80087523764835], [29.0, 29.0, 14.0]]
Velocity: [[0.0, 0.0, 0.0], [7.883832853990807, 6.619820070167713, 4.821889119101872], [1.8689274649267364, 11.140109350510798, 8.978986118546478], [18.247239681082455, 10.24007057932149, -0.8008752376483503]]
Attitude: [[0.0, 0.0, 0.0], [0.8044304960935175, 0.9492050844908356, 1.1327513067607105], [1.4409122233459415, 0.688775656779569, 0.8991750167050585], [0.5126920098124623, 1.0598172007710935, 1.6090527819834075]]
Save Location: maps/map940/test.txt
