Path: 1465
Path Score: 4.234971586865597
Waypoints: [[1.0, 1.0, 1.0], [1.5831056317866898, 11.289807463775418, 6.886569014408189], [16.562231948918217, 23.36225528971405, 10.468909590942717], [29.0, 29.0, 14.0]]
Velocity: [[0.0, 0.0, 0.0], [0.5831056317866898, 10.289807463775418, 5.886569014408189], [14.979126317131527, 12.072447825938632, 3.582340576534528], [12.437768051081783, 5.637744710285951, 3.531090409057283]]
Attitude: [[0.0, 0.0, 0.0], [1.5216478577442305, 0.5217422173051365, 1.0518517055369716], [0.6990619163502696, 0.9059827518657296, 1.3866974921564708], [0.4911333101171544, 1.159608420333512, 1.31776151037235]]
Save Location: maps/map1302/test.txt
