Path: 1629
Path Score: 4.220731895041827
Waypoints: [[1.0, 1.0, 1.0], [10.36013664890983, 5.847929453477029, 2.4421408215587084], [18.278593753428844, 13.542675969678093, 13.490985374955708], [29.0, 29.0, 14.0]]
Velocity: [[0.0, 0.0, 0.0], [9.36013664890983, 4.847929453477029, 1.4421408215587084], [7.918457104519014, 7.694746516201064, 11.048844553397], [10.721406246571156, 15.457324030321907, 0.5090146250442924]]
Attitude: [[0.0, 0.0, 0.0], [0.49541529610661705, 1.0976792558885609, 1.4348290922750935], [1.039165587518485, 1.055701092779412, 0.7850582305374388], [0.964623337542555, 0.6069540453552669, 1.5437444202820336]]
Save Location: maps/map1404/test.txt
