Path: 701
Path Score: 4.3012630684533235
Waypoints: [[1.0, 1.0, 1.0], [7.279071891786115, 11.99037003440958, 7.619831722996372], [12.16882105369413, 22.5703746743433, 7.023400396976081], [29.0, 29.0, 14.0]]
Velocity: [[0.0, 0.0, 0.0], [6.279071891786115, 10.99037003440958, 6.619831722996372], [4.889749161908014, 10.580004639933719, -0.5964313260202907], [16.83117894630587, 6.429625325656701, 6.976599603023919]]
Attitude: [[0.0, 0.0, 0.0], [1.115662030937802, 0.6928797362779866, 1.088924427386206], [1.1384727980799552, 0.4357462140054105, 1.6219242474572129], [0.5132908177846113, 1.2315474594293268, 1.2013612558293933]]
Save Location: maps/map857/test.txt
