Path: 5
Path Score: 4.269702244256123
Waypoints: [[1.0, 1.0, 1.0], [8.883832853990807, 7.619820070167713, 5.821889119101872], [10.035552414872543, 14.727385926720864, 12.424650413075828], [29.0, 29.0, 14.0]]
Velocity: [[0.0, 0.0, 0.0], [7.883832853990807, 6.619820070167713, 4.821889119101872], [1.1517195608817357, 7.10756585655315, 6.6027612939739555], [18.96444758512746, 14.272614073279136, 1.5753495869241725]]
Attitude: [[0.0, 0.0, 0.0], [0.8044304960935175, 0.9492050844908356, 1.1327513067607105], [1.4526305377997668, 0.7560720800175903, 0.828659677789186], [0.6480734763088719, 0.9272854822750475, 1.5045215484811172]]
Save Location: maps/map1055/test.txt
