Path: 1857
Path Score: 4.2823579139106105
Waypoints: [[1.0, 1.0, 1.0], [5.142904841761517, 4.732071187514425, 9.090826078056057], [10.752760318917543, 18.75992942067851, 14.80087523764835], [29.0, 29.0, 14.0]]
Velocity: [[0.0, 0.0, 0.0], [4.142904841761517, 3.732071187514425, 8.090826078056057], [5.609855477156026, 14.027858233164086, 5.710049159592293], [18.247239681082455, 10.24007057932149, -0.8008752376483503]]
Attitude: [[0.0, 0.0, 0.0], [1.1355654236864037, 1.1812058528805445, 0.6034260736599171], [1.216066311194346, 0.5185427306045394, 1.2094427182589116], [0.5126920098124623, 1.0598172007710935, 1.6090527819834075]]
Save Location: maps/map978/test.txt
