Path: 1566
Path Score: 4.122432922663794
Waypoints: [[1.0, 1.0, 1.0], [5.1328300726842055, 6.167067988359742, 4.338023583503114], [10.98841998167141, 13.67984788740044, 4.669955467169109], [29.0, 29.0, 14.0]]
Velocity: [[0.0, 0.0, 0.0], [4.1328300726842055, 5.167067988359742, 3.338023583503114], [5.855589908987204, 7.512779899040698, 0.3319318836659946], [18.01158001832859, 15.32015211259956, 9.330044532830891]]
Attitude: [[0.0, 0.0, 0.0], [0.9792202736645594, 0.799275207152919, 1.1035589735254734], [0.909205209581308, 0.6628417687365582, 1.5359627315388815], [0.7833397152626365, 0.9239381699714816, 1.1949753614469707]]
Save Location: maps/map2118/test.txt
