Path: 280
Path Score: 4.2361376806696605
Waypoints: [[1.0, 1.0, 1.0], [10.236205802881091, 6.726958385030271, 8.616461550781413], [21.79639181727039, 14.477895924297679, 6.70148367285092], [29.0, 29.0, 14.0]]
Velocity: [[0.0, 0.0, 0.0], [9.236205802881091, 5.726958385030271, 7.616461550781413], [11.560186014389298, 7.750937539267407, -1.9149778779304922], [7.20360818272961, 14.522104075702321, 7.29851632714908]]
Attitude: [[0.0, 0.0, 0.0], [0.801018365502451, 1.1245932303302049, 0.9595076706588436], [0.6044204022414684, 0.9863991554176306, 1.7075263692623956], [1.1535972127018381, 0.6148409412743631, 1.1477501781583583]]
Save Location: maps/map1290/test.txt
