Path: 1710
Path Score: 4.171651317413543
Waypoints: [[1.0, 1.0, 1.0], [10.805725952785512, 11.283487147150078, 0.7484718343695662], [25.428707168258946, 19.405189246924685, 11.09112041789754], [29.0, 29.0, 14.0]]
Velocity: [[0.0, 0.0, 0.0], [9.805725952785512, 10.283487147150078, -0.2515281656304338], [14.622981215473434, 8.121702099774607, 10.342648583527975], [3.5712928317410544, 9.594810753075315, 2.9088795821024593]]
Attitude: [[0.0, 0.0, 0.0], [0.8093250089126587, 0.7617849255869302, 1.5884962164824006], [0.7324255935819407, 1.1450778267662494, 1.0170154804295555], [1.228608075856676, 0.4475659367165343, 1.29396325921033]]
Save Location: maps/map1795/test.txt
