Path: 2331
Path Score: 4.408315923092513
Waypoints: [[1.0, 1.0, 1.0], [2.7823021602657514, 3.2626923788090734, 6.811174955232296], [4.285738701136791, 19.585317816941107, 12.839338817743226], [29.0, 29.0, 14.0]]
Velocity: [[0.0, 0.0, 0.0], [1.7823021602657514, 2.2626923788090734, 5.811174955232296], [1.5034365408710393, 16.322625438132032, 6.0281638625109295], [24.71426129886321, 9.414682183058893, 1.1606611822567743]]
Attitude: [[0.0, 0.0, 0.0], [1.2924157480158258, 1.2144350237412072, 0.46016632051788314], [1.484606965224213, 0.3636939203773847, 1.2183910353567433], [0.3664853104185652, 1.207193369817229, 1.5269377590332232]]
Save Location: maps/map341/test.txt
