Path: 313
Path Score: 4.18015560860132
Waypoints: [[1.0, 1.0, 1.0], [11.62421921707525, 9.637940007438962, 4.108292062461251], [26.287300151641748, 16.492398494138193, 13.77497605122596], [29.0, 29.0, 14.0]]
Velocity: [[0.0, 0.0, 0.0], [10.62421921707525, 8.637940007438962, 3.108292062461251], [14.663080934566498, 6.854458486699231, 9.666683988764708], [2.712699848358252, 12.507601505861807, 0.22502394877404086]]
Attitude: [[0.0, 0.0, 0.0], [0.7126112608988734, 0.9081638967287853, 1.3475745118170808], [0.6797022561576189, 1.198694154231622, 1.0324222360574213], [1.3572535290988061, 0.21428765206758904, 1.553215933347118]]
Save Location: maps/map1723/test.txt
