Path: 88
Path Score: 4.2236652596941235
Waypoints: [[1.0, 1.0, 1.0], [6.844542921659472, 12.575654287568902, 0.7512941296865822], [14.201298455250685, 22.98387750158817, 5.257885864403107], [29.0, 29.0, 14.0]]
Velocity: [[0.0, 0.0, 0.0], [5.844542921659472, 11.575654287568902, -0.24870587031341784], [7.356755533591213, 10.40822321401927, 4.506591734716525], [14.798701544749315, 6.0161224984118284, 8.742114135596893]]
Attitude: [[0.0, 0.0, 0.0], [1.103329579532339, 0.4679236243581791, 1.5899732357353402], [0.9953843104313063, 0.6921148533688026, 1.2309381480418045], [0.622111751572226, 1.2341041498642775, 1.070072352441417]]
Save Location: maps/map1386/test.txt
