Path: 340
Path Score: 4.226152692677601
Waypoints: [[1.0, 1.0, 1.0], [11.62421921707525, 9.637940007438962, 4.108292062461251], [18.295648198935922, 21.67677091998945, 14.790388562251113], [29.0, 29.0, 14.0]]
Velocity: [[0.0, 0.0, 0.0], [10.62421921707525, 8.637940007438962, 3.108292062461251], [6.671428981860672, 12.03883091255049, 10.682096499789862], [10.704351801064078, 7.323229080010549, -0.7903885622511133]]
Attitude: [[0.0, 0.0, 0.0], [0.7126112608988734, 0.9081638967287853, 1.3475745118170808], [1.1778443223193225, 0.8079420612403638, 0.9107978875032812], [0.6027006201753293, 0.9720633967168617, 1.6316622645059446]]
Save Location: maps/map1366/test.txt
