Path: 2139
Path Score: 4.234961292193727
Waypoints: [[1.0, 1.0, 1.0], [7.976694836660609, 10.929766397758005, 9.409001445334173], [14.31024281394206, 14.397341180730484, 10.344580509492056], [29.0, 29.0, 14.0]]
Velocity: [[0.0, 0.0, 0.0], [6.976694836660609, 9.929766397758005, 8.409001445334173], [6.33354797728145, 3.467574782972479, 0.9355790641578832], [14.68975718605794, 14.602658819269516, 3.655419490507944]]
Attitude: [[0.0, 0.0, 0.0], [1.0786293818483852, 0.8331465441750755, 0.9648405508336908], [0.5158549774063321, 1.0744127887862764, 1.4419444202475185], [0.7976180124622528, 0.8033878261380559, 1.3961151528842315]]
Save Location: maps/map1303/test.txt
