Path: 98
Path Score: 4.164888682838414
Waypoints: [[1.0, 1.0, 1.0], [6.844542921659472, 12.575654287568902, 0.7512941296865822], [21.391366360934747, 19.016584990160858, 9.132275513596717], [29.0, 29.0, 14.0]]
Velocity: [[0.0, 0.0, 0.0], [5.844542921659472, 11.575654287568902, -0.24870587031341784], [14.546823439275276, 6.440930702591956, 8.380981383910134], [7.608633639065253, 9.983415009839142, 4.867724486403283]]
Attitude: [[0.0, 0.0, 0.0], [1.103329579532339, 0.4679236243581791, 1.5899732357353402], [0.6283719285139393, 1.2044608990457073, 1.0859328788628746], [0.9701837951063373, 0.7354334851728955, 1.20085483013767]]
Save Location: maps/map1843/test.txt
