Path: 1208
Path Score: 4.106882888937456
Waypoints: [[1.0, 1.0, 1.0], [10.98841998167141, 13.67984788740044, 4.669955467169109], [22.592720703848663, 25.526803242435573, 12.228206346267022], [29.0, 29.0, 14.0]]
Velocity: [[0.0, 0.0, 0.0], [9.98841998167141, 12.67984788740044, 3.6699554671691086], [11.604300722177253, 11.846955355035133, 7.558250879097914], [6.407279296151337, 3.473196757564427, 1.7717936537329777]]
Attitude: [[0.0, 0.0, 0.0], [0.9230317793050691, 0.698207449561829, 1.3472349331065676], [0.8805370992830008, 0.8631438043164734, 1.1431533881909377], [0.5466676487799201, 1.0893405550292934, 1.3323147563268598]]
Save Location: maps/map2215/test.txt
