Path: 2207
Path Score: 4.0773699105409555
Waypoints: [[1.0, 1.0, 1.0], [5.839689469355285, 6.231079992564079, 1.4400139470819306], [20.24894541404868, 13.704934531749169, 10.28792228211892], [29.0, 29.0, 14.0]]
Velocity: [[0.0, 0.0, 0.0], [4.839689469355285, 5.231079992564079, 0.44001394708193065], [14.409255944693395, 7.47385453918509, 8.84790833503699], [8.75105458595132, 15.295065468250831, 3.7120777178810798]]
Attitude: [[0.0, 0.0, 0.0], [0.8259996858182699, 0.748605830934555, 1.5091311358387776], [0.6770492740378112, 1.1546099130376677, 1.0717360984739528], [1.0633520659267364, 0.5560751825583984, 1.3631766434720947]]
Save Location: maps/map2342/test.txt
