Path: 2179
Path Score: 4.177792973234741
Waypoints: [[1.0, 1.0, 1.0], [5.839689469355285, 6.231079992564079, 1.4400139470819306], [9.17398002603554, 20.73897641344332, 6.283632757243895], [29.0, 29.0, 14.0]]
Velocity: [[0.0, 0.0, 0.0], [4.839689469355285, 5.231079992564079, 0.44001394708193065], [3.334290556680255, 14.507896420879241, 4.843618810161964], [19.82601997396446, 8.261023586556679, 7.716367242756105]]
Attitude: [[0.0, 0.0, 0.0], [0.8259996858182699, 0.748605830934555, 1.5091311358387776], [1.3561568934320891, 0.38508280195884115, 1.2562223930913294], [0.5181999547692874, 1.2004145141772051, 1.2258923638516876]]
Save Location: maps/map1743/test.txt
