Path: 2020
Path Score: 4.173523418708091
Waypoints: [[1.0, 1.0, 1.0], [1.6574939373145603, 7.640942564656317, 6.853106441814953], [16.562231948918217, 23.36225528971405, 10.468909590942717], [29.0, 29.0, 14.0]]
Velocity: [[0.0, 0.0, 0.0], [0.6574939373145603, 6.640942564656317, 5.853106441814953], [14.904738011603657, 15.721312725057732, 3.615803149127764], [12.437768051081783, 5.637744710285951, 3.531090409057283]]
Attitude: [[0.0, 0.0, 0.0], [1.4966576018134188, 0.7255359120981532, 0.8507902510389312], [0.824912417430746, 0.7730266697120576, 1.4054138535370508], [0.4911333101171544, 1.159608420333512, 1.31776151037235]]
Save Location: maps/map1776/test.txt
