Path: 264
Path Score: 4.116816042415816
Waypoints: [[1.0, 1.0, 1.0], [10.236205802881091, 6.726958385030271, 8.616461550781413], [20.225861212634335, 15.04532595668622, 11.643310714362196], [29.0, 29.0, 14.0]]
Velocity: [[0.0, 0.0, 0.0], [9.236205802881091, 5.726958385030271, 7.616461550781413], [9.989655409753244, 8.318367571655948, 3.026849163580783], [8.774138787365665, 13.95467404331378, 2.3566892856378043]]
Attitude: [[0.0, 0.0, 0.0], [0.801018365502451, 1.1245932303302049, 0.9595076706588436], [0.7250888886448352, 0.8979365529453579, 1.342029929442892], [1.0158144950798451, 0.5771097040965634, 1.4287893660504631]]
Save Location: maps/map2155/test.txt
