Path: 1325
Path Score: 4.5094781200506295
Waypoints: [[1.0, 1.0, 1.0], [3.4670120800623283, 8.98615020457587, 12.766320645476934], [7.177206899450002, 15.45719743824309, 14.540668792615357], [29.0, 29.0, 14.0]]
Velocity: [[0.0, 0.0, 0.0], [2.4670120800623283, 7.986150204575869, 11.766320645476934], [3.7101948193876733, 6.471047233667221, 1.7743481471384221], [21.822793100549998, 13.54280256175691, -0.5406687926153566]]
Attitude: [[0.0, 0.0, 0.0], [1.399024108228292, 0.9844440153430374, 0.6176559127637982], [1.0656961548117894, 0.5661467943898618, 1.3372634018961973], [0.5557718496340723, 1.0155187584190801, 1.591844435500265]]
Save Location: maps/map101/test.txt
