Path: 1372
Path Score: 4.2743164187359435
Waypoints: [[1.0, 1.0, 1.0], [2.1166871798879825, 7.959406805005861, 2.641112218552253], [8.962504318780672, 19.70715034496878, 6.76140850408924], [29.0, 29.0, 14.0]]
Velocity: [[0.0, 0.0, 0.0], [1.1166871798879825, 6.959406805005861, 1.6411122185522529], [6.84581713889269, 11.74774353996292, 4.120296285536988], [20.037495681219326, 9.292849655031219, 7.23859149591076]]
Attitude: [[0.0, 0.0, 0.0], [1.4158739947349994, 0.27784815422419984, 1.3420381855188857], [1.0680348607800965, 0.5972730816639292, 1.2765594248828933], [0.5314510518725527, 1.159491135048408, 1.2541033357169327]]
Save Location: maps/map1028/test.txt
