Path: 1171
Path Score: 4.086609121711499
Waypoints: [[1.0, 1.0, 1.0], [7.244355243304841, 4.686769508950413, 5.732290508395203], [13.095324436113561, 15.033365545267669, 6.706312039110363], [29.0, 29.0, 14.0]]
Velocity: [[0.0, 0.0, 0.0], [6.244355243304841, 3.6867695089504133, 4.732290508395203], [5.85096919280872, 10.346596036317255, 0.9740215307151603], [15.904675563886439, 13.966634454732331, 7.293687960889637]]
Attitude: [[0.0, 0.0, 0.0], [0.7653529368027897, 1.1309818444795048, 0.9925991767107255], [1.0580212237853543, 0.5205401219828671, 1.4890346292968129], [0.7807156099511975, 0.8971446612687055, 1.2389541045829986]]
Save Location: maps/map2302/test.txt
