Path: 175
Path Score: 4.334054490076129
Waypoints: [[1.0, 1.0, 1.0], [0.8689948832512862, 4.64282219210965, 7.776103442790986], [7.976694836660609, 10.929766397758005, 9.409001445334173], [29.0, 29.0, 14.0]]
Velocity: [[0.0, 0.0, 0.0], [-0.13100511674871385, 3.6428221921096497, 6.776103442790986], [7.107699953409323, 6.286944205648355, 1.632898002543187], [21.02330516333939, 18.070233602241995, 4.590998554665827]]
Attitude: [[0.0, 0.0, 0.0], [1.5878233126910848, 1.077602275761293, 0.4935415452562085], [0.7404273653240885, 0.8593372773046863, 1.400385790806324], [0.7254969031588144, 0.8722868357785716, 1.4066777616859754]]
Save Location: maps/map661/test.txt
