Path: 1501
Path Score: 4.268980638352294
Waypoints: [[1.0, 1.0, 1.0], [1.5831056317866898, 11.289807463775418, 6.886569014408189], [12.613060744395664, 17.548051480031873, 8.080005726347148], [29.0, 29.0, 14.0]]
Velocity: [[0.0, 0.0, 0.0], [0.5831056317866898, 10.289807463775418, 5.886569014408189], [11.029955112608974, 6.258244016256455, 1.1934367119389586], [16.386939255604336, 11.451948519968127, 5.919994273652852]]
Attitude: [[0.0, 0.0, 0.0], [1.5216478577442305, 0.5217422173051365, 1.0518517055369716], [0.5237941424082777, 1.0571969596738093, 1.4769656738801293], [0.6665783723714116, 0.989326980912511, 1.28290425102486]]
Save Location: maps/map1062/test.txt
