Path: 2106
Path Score: 4.217482190148453
Waypoints: [[1.0, 1.0, 1.0], [7.976694836660609, 10.929766397758005, 9.409001445334173], [15.44249175683154, 18.284183195920107, 9.161844399110448], [29.0, 29.0, 14.0]]
Velocity: [[0.0, 0.0, 0.0], [6.976694836660609, 9.929766397758005, 8.409001445334173], [7.465796920170931, 7.354416798162102, -0.24715704622372492], [13.55750824316846, 10.715816804079893, 4.838155600889552]]
Attitude: [[0.0, 0.0, 0.0], [1.0786293818483852, 0.8331465441750755, 0.9648405508336908], [0.7781650465727115, 0.7931872485601998, 1.594376161817981], [0.714409075190648, 0.9308782745117469, 1.2978165450117953]]
Save Location: maps/map1423/test.txt
