Path: 1512
Path Score: 4.604636784483907
Waypoints: [[1.0, 1.0, 1.0], [0.8300875511549277, 1.6500330013832676, 11.560854587793756], [10.81745541664519, 17.765990078921153, 6.9670533080542265], [29.0, 29.0, 14.0]]
Velocity: [[0.0, 0.0, 0.0], [-0.16991244884507228, 0.6500330013832676, 10.560854587793756], [9.987367865490263, 16.115957077537885, -4.593801279739529], [18.18254458335481, 11.234009921078847, 7.0329466919457735]]
Attitude: [[0.0, 0.0, 0.0], [1.5868534482018404, 1.5093306408644638, 0.06353355267918272], [1.0333380870803466, 0.5986328215058802, 1.8085077930308464], [0.6298821484480811, 1.0480294904711909, 1.2528998172006138]]
Save Location: maps/map19/test.txt
