Path: 199
Path Score: 4.357667126656207
Waypoints: [[1.0, 1.0, 1.0], [0.1034748464100077, 6.396090427855569, 9.25430405624771], [14.43692874246404, 21.36894668574859, 11.322509376936443], [29.0, 29.0, 14.0]]
Velocity: [[0.0, 0.0, 0.0], [-0.8965251535899923, 5.396090427855569, 8.25430405624771], [14.333453896054033, 14.97285625789302, 2.068205320688733], [14.56307125753596, 7.63105331425141, 2.677490623063557]]
Attitude: [[0.0, 0.0, 0.0], [1.6614577493511176, 0.9944855483118206, 0.5852456997051783], [0.8119321315675854, 0.7687314939777248, 1.471345349387053], [0.5069175043207065, 1.0949344880442036, 1.4093618733327953]]
Save Location: maps/map535/test.txt
