Path: 106
Path Score: 4.303473949102843
Waypoints: [[1.0, 1.0, 1.0], [6.844542921659472, 12.575654287568902, 0.7512941296865822], [12.16882105369413, 22.5703746743433, 7.023400396976081], [29.0, 29.0, 14.0]]
Velocity: [[0.0, 0.0, 0.0], [5.844542921659472, 11.575654287568902, -0.24870587031341784], [5.3242781320346575, 9.994720386774397, 6.272106267289499], [16.83117894630587, 6.429625325656701, 6.976599603023919]]
Attitude: [[0.0, 0.0, 0.0], [1.103329579532339, 0.4679236243581791, 1.5899732357353402], [1.1469281997428709, 0.6887025780245785, 1.0649967250323598], [0.5132908177846113, 1.2315474594293268, 1.2013612558293933]]
Save Location: maps/map838/test.txt
