Path: 912
Path Score: 4.3874708951701304
Waypoints: [[1.0, 1.0, 1.0], [7.363766588778974, 0.518530266354752, 10.190548616200227], [17.21982023619961, 8.006705393204069, 10.081471535117235], [29.0, 29.0, 14.0]]
Velocity: [[0.0, 0.0, 0.0], [6.363766588778974, -0.48146973364524803, 9.190548616200227], [9.856053647420635, 7.488175126849317, -0.10907708108299197], [11.78017976380039, 20.99329460679593, 3.9185284648827654]]
Attitude: [[0.0, 0.0, 0.0], [0.9658135015594402, 1.6138399388547588, 0.6069604064989591], [0.6497655303205501, 0.9211113939861792, 1.5796082813123071], [1.0667154657863167, 0.5340499258370055, 1.4094321512942536]]
Save Location: maps/map407/test.txt
