Path: 1298
Path Score: 4.265970049076616
Waypoints: [[1.0, 1.0, 1.0], [11.681123338592288, 14.089788280863255, 4.111381059339743], [22.781985147361475, 18.865246195222316, 4.237269029022857], [29.0, 29.0, 14.0]]
Velocity: [[0.0, 0.0, 0.0], [10.681123338592288, 13.089788280863255, 3.1113810593397426], [11.100861808769187, 4.775457914359061, 0.12588796968311478], [6.218014852638525, 10.134753804777684, 9.762730970977142]]
Attitude: [[0.0, 0.0, 0.0], [0.8998039769895753, 0.7044384319041941, 1.3886732407031834], [0.4063828425366369, 1.164562927868466, 1.5603793586904366], [1.154725411250614, 0.8516309695069436, 0.8833371316925762]]
Save Location: maps/map1083/test.txt
