Path: 184
Path Score: 4.557665140915496
Waypoints: [[1.0, 1.0, 1.0], [0.8689948832512862, 4.64282219210965, 7.776103442790986], [6.182946964185052, 24.399637540719603, 12.353833088001682], [29.0, 29.0, 14.0]]
Velocity: [[0.0, 0.0, 0.0], [-0.13100511674871385, 3.6428221921096497, 6.776103442790986], [5.313952080933766, 19.756815348609955, 4.577729645210696], [22.817053035814947, 4.600362459280397, 1.6461669119983178]]
Attitude: [[0.0, 0.0, 0.0], [1.5878233126910848, 1.077602275761293, 0.4935415452562085], [1.3145311731272813, 0.34112904507988084, 1.3506704345188274], [0.2109530550983087, 1.3723463749952485, 1.5001906908246303]]
Save Location: maps/map46/test.txt
