Path: 2306
Path Score: 4.381100053858628
Waypoints: [[1.0, 1.0, 1.0], [4.608820246079843, 7.120273707001329, 9.286680001717013], [6.351589522056588, 15.595530052506257, 9.804307665027011], [29.0, 29.0, 14.0]]
Velocity: [[0.0, 0.0, 0.0], [3.6088202460798433, 6.120273707001329, 8.286680001717013], [1.7427692759767446, 8.475256345504928, 0.5176276633099981], [22.64841047794341, 13.404469947493743, 4.195692334972989]]
Attitude: [[0.0, 0.0, 0.0], [1.233845257898589, 0.9755770124671417, 0.7087760394342274], [1.3683599121882528, 0.2113065247855318, 1.5110440649220822], [0.5551154872057305, 1.0437555844404118, 1.4127030288890532]]
Save Location: maps/map428/test.txt
