Path: 1892
Path Score: 4.059853205712592
Waypoints: [[1.0, 1.0, 1.0], [8.469661386104097, 5.59096684474812, 2.5279558793890997], [20.225861212634335, 15.04532595668622, 11.643310714362196], [29.0, 29.0, 14.0]]
Velocity: [[0.0, 0.0, 0.0], [7.469661386104097, 4.59096684474812, 1.5279558793890997], [11.756199826530239, 9.4543591119381, 9.115354834973097], [8.774138787365665, 13.95467404331378, 2.3566892856378043]]
Attitude: [[0.0, 0.0, 0.0], [0.5747996990566772, 1.0288000156137393, 1.3982583619310816], [0.8406574475932032, 1.0046530099841104, 1.0272807843391032], [1.0158144950798451, 0.5771097040965634, 1.4287893660504631]]
Save Location: maps/map2397/test.txt
