Path: 1736
Path Score: 4.301114526659399
Waypoints: [[1.0, 1.0, 1.0], [10.805725952785512, 11.283487147150078, 0.7484718343695662], [20.212090313700415, 29.084942607850003, 7.828513501034688], [29.0, 29.0, 14.0]]
Velocity: [[0.0, 0.0, 0.0], [9.805725952785512, 10.283487147150078, -0.2515281656304338], [9.406364360914903, 17.801455460699927, 7.080041666665121], [8.787909686299585, -0.08494260785000307, 6.171486498965312]]
Attitude: [[0.0, 0.0, 0.0], [0.8093250089126587, 0.7617849255869302, 1.5884962164824006], [1.114378116544119, 0.5843183180029414, 1.2326533528944605], [0.6122924637915843, 1.5787062884807508, 0.9585703773157652]]
Save Location: maps/map859/test.txt
