Path: 608
Path Score: 4.508473690867849
Waypoints: [[1.0, 1.0, 1.0], [1.9869655009534015, 2.3470905443897805, 9.726710653669548], [20.941187860159854, 5.775881785340472, 14.270885595565682], [29.0, 29.0, 14.0]]
Velocity: [[0.0, 0.0, 0.0], [0.9869655009534015, 1.3470905443897805, 8.726710653669548], [18.95422235920645, 3.4287912409506913, 4.544174941896134], [8.058812139840146, 23.224118214659526, -0.2708855955656819]]
Attitude: [[0.0, 0.0, 0.0], [1.4594850995761104, 1.4185963426785977, 0.18907565762625306], [0.2917651857097948, 1.3966643136546861, 1.339116749563545], [1.236816017767965, 0.3341762810916468, 1.5818152855342118]]
Save Location: maps/map105/test.txt
