Path: 1593
Path Score: 3.999351251173268
Waypoints: [[1.0, 1.0, 1.0], [5.1328300726842055, 6.167067988359742, 4.338023583503114], [20.610598369444524, 19.278006681353382, 8.827928443474919], [29.0, 29.0, 14.0]]
Velocity: [[0.0, 0.0, 0.0], [4.1328300726842055, 5.167067988359742, 3.338023583503114], [15.477768296760319, 13.11093869299364, 4.489904859971805], [8.389401630555476, 9.721993318646618, 5.172071556525081]]
Attitude: [[0.0, 0.0, 0.0], [0.9792202736645594, 0.799275207152919, 1.1035589735254734], [0.7302546420729636, 0.8878517131504398, 1.352961216041522], [0.919766086046802, 0.7922213235648208, 1.1879058042443305]]
Save Location: maps/map2497/test.txt
