Path: 1204
Path Score: 4.314961372252685
Waypoints: [[1.0, 1.0, 1.0], [10.98841998167141, 13.67984788740044, 4.669955467169109], [14.201298455250685, 22.98387750158817, 5.257885864403107], [29.0, 29.0, 14.0]]
Velocity: [[0.0, 0.0, 0.0], [9.98841998167141, 12.67984788740044, 3.6699554671691086], [3.2128784735792753, 9.304029614187732, 0.5879303972339986], [14.798701544749315, 6.0161224984118284, 8.742114135596893]]
Attitude: [[0.0, 0.0, 0.0], [0.9230317793050691, 0.698207449561829, 1.3472349331065676], [1.2389100741984704, 0.33761462829430033, 1.5111372895299233], [0.622111751572226, 1.2341041498642775, 1.070072352441417]]
Save Location: maps/map763/test.txt
