Path: 826
Path Score: 4.2711646160898855
Waypoints: [[1.0, 1.0, 1.0], [4.844954787942095, 14.493280729732227, 5.905721797057641], [12.16882105369413, 22.5703746743433, 7.023400396976081], [29.0, 29.0, 14.0]]
Velocity: [[0.0, 0.0, 0.0], [3.844954787942095, 13.493280729732227, 4.905721797057641], [7.323866265752034, 8.077093944611072, 1.11767859991844], [16.83117894630587, 6.429625325656701, 6.976599603023919]]
Attitude: [[0.0, 0.0, 0.0], [1.3091332202726853, 0.43273101466224884, 1.2344339666278068], [0.8389839275254096, 0.7422604050850995, 1.4686433561898349], [0.5132908177846113, 1.2315474594293268, 1.2013612558293933]]
Save Location: maps/map1051/test.txt
