Path: 513
Path Score: 4.158361504926688
Waypoints: [[1.0, 1.0, 1.0], [9.981785049321614, 2.094242845092411, 3.906087432644374], [15.44249175683154, 18.284183195920107, 9.161844399110448], [29.0, 29.0, 14.0]]
Velocity: [[0.0, 0.0, 0.0], [8.981785049321614, 1.094242845092411, 2.906087432644374], [5.460706707509926, 16.189940350827698, 5.255756966466074], [13.55750824316846, 10.715816804079893, 4.838155600889552]]
Attitude: [[0.0, 0.0, 0.0], [0.33286566125405836, 1.4553984883962245, 1.2600245384619229], [1.2603595565760568, 0.4378318277747613, 1.2723772009620078], [0.714409075190648, 0.9308782745117469, 1.2978165450117953]]
Save Location: maps/map1891/test.txt
