Path: 186
Path Score: 4.357518897101722
Waypoints: [[1.0, 1.0, 1.0], [0.1034748464100077, 6.396090427855569, 9.25430405624771], [15.44249175683154, 18.284183195920107, 9.161844399110448], [29.0, 29.0, 14.0]]
Velocity: [[0.0, 0.0, 0.0], [-0.8965251535899923, 5.396090427855569, 8.25430405624771], [15.339016910421533, 11.888092768064539, -0.09245965713726179], [13.55750824316846, 10.715816804079893, 4.838155600889552]]
Attitude: [[0.0, 0.0, 0.0], [1.6614577493511176, 0.9944855483118206, 0.5852456997051783], [0.6593391573315674, 0.9114806092868578, 1.5755606564804694], [0.714409075190648, 0.9308782745117469, 1.2978165450117953]]
Save Location: maps/map538/test.txt
