Path: 297
Path Score: 4.184889914087057
Waypoints: [[1.0, 1.0, 1.0], [11.62421921707525, 9.637940007438962, 4.108292062461251], [16.596716632096093, 19.215720704642216, 5.13918037419731], [29.0, 29.0, 14.0]]
Velocity: [[0.0, 0.0, 0.0], [10.62421921707525, 8.637940007438962, 3.108292062461251], [4.972497415020843, 9.577780697203254, 1.0308883117360592], [12.403283367903907, 9.784279295357784, 8.86081962580269]]
Attitude: [[0.0, 0.0, 0.0], [0.7126112608988734, 0.9081638967287853, 1.3475745118170808], [1.094281784026526, 0.48752242813033586, 1.4755587990456536], [0.816514821634672, 1.0001521739681158, 1.059633768091095]]
Save Location: maps/map1687/test.txt
