Path: 1874
Path Score: 4.204037531501986
Waypoints: [[1.0, 1.0, 1.0], [5.142904841761517, 4.732071187514425, 9.090826078056057], [20.24894541404868, 13.704934531749169, 10.28792228211892], [29.0, 29.0, 14.0]]
Velocity: [[0.0, 0.0, 0.0], [4.142904841761517, 3.732071187514425, 8.090826078056057], [15.106040572287164, 8.972863344234744, 1.1970962040628628], [8.75105458595132, 15.295065468250831, 3.7120777178810798]]
Attitude: [[0.0, 0.0, 0.0], [1.1355654236864037, 1.1812058528805445, 0.6034260736599171], [0.5398712761349636, 1.036179720615816, 1.502768477559065], [1.0633520659267364, 0.5560751825583984, 1.3631766434720947]]
Save Location: maps/map1525/test.txt
