Path: 1613
Path Score: 4.286717997667558
Waypoints: [[1.0, 1.0, 1.0], [10.36013664890983, 5.847929453477029, 2.4421408215587084], [10.81745541664519, 17.765990078921153, 6.9670533080542265], [29.0, 29.0, 14.0]]
Velocity: [[0.0, 0.0, 0.0], [9.36013664890983, 4.847929453477029, 1.4421408215587084], [0.4573187677353605, 11.918060625444124, 4.524912486495518], [18.18254458335481, 11.234009921078847, 7.0329466919457735]]
Attitude: [[0.0, 0.0, 0.0], [0.49541529610661705, 1.0976792558885609, 1.4348290922750935], [1.5349383235847982, 0.364546702884825, 1.2081830499574835], [0.6298821484480811, 1.0480294904711909, 1.2528998172006138]]
Save Location: maps/map957/test.txt
