Path: 497
Path Score: 4.260067687983801
Waypoints: [[1.0, 1.0, 1.0], [11.29885047226655, 13.922680563011099, 6.0742347128672325], [20.852071857601725, 15.195208825034904, 7.612944235060696], [29.0, 29.0, 14.0]]
Velocity: [[0.0, 0.0, 0.0], [10.29885047226655, 12.922680563011099, 5.0742347128672325], [9.553221385335176, 1.2725282620238048, 1.5387095221934635], [8.147928142398275, 13.804791174965096, 6.387055764939304]]
Attitude: [[0.0, 0.0, 0.0], [0.932550665210745, 0.7263919285052141, 1.2728643435485965], [0.2060455585291206, 1.4400375138704498, 1.4124756277639103], [1.0790221355094318, 0.643470475899189, 1.1916321938329075]]
Save Location: maps/map1137/test.txt
