Path: 1735
Path Score: 4.2615438747617524
Waypoints: [[1.0, 1.0, 1.0], [10.805725952785512, 11.283487147150078, 0.7484718343695662], [19.778926106740936, 25.028774492325528, 13.753258473645548], [29.0, 29.0, 14.0]]
Velocity: [[0.0, 0.0, 0.0], [9.805725952785512, 10.283487147150078, -0.2515281656304338], [8.973200153955425, 13.74528734517545, 13.004786639275983], [9.221073893259064, 3.971225507674472, 0.24674152635445168]]
Attitude: [[0.0, 0.0, 0.0], [0.8093250089126587, 0.7617849255869302, 1.5884962164824006], [1.1279924711765912, 0.8548336594551741, 0.9007978985561056], [0.40736238913210576, 1.1642642704118822, 1.54622508670751]]
Save Location: maps/map1126/test.txt
