Path: 2063
Path Score: 4.262475594220922
Waypoints: [[1.0, 1.0, 1.0], [2.1051801977178286, 12.705542697858661, 1.33533427386211], [16.596716632096093, 19.215720704642216, 5.13918037419731], [29.0, 29.0, 14.0]]
Velocity: [[0.0, 0.0, 0.0], [1.1051801977178286, 11.705542697858661, 0.3353342738621099], [14.491536434378265, 6.510178006783555, 3.8038461003352], [12.403283367903907, 9.784279295357784, 8.86081962580269]]
Attitude: [[0.0, 0.0, 0.0], [1.4766986395106851, 0.09834724994807642, 1.5422834159518], [0.479758545729648, 1.1608897040066481, 1.3357847187225314], [0.816514821634672, 1.0001521739681158, 1.059633768091095]]
Save Location: maps/map1116/test.txt
