Path: 2477
Path Score: 4.301187364030491
Waypoints: [[1.0, 1.0, 1.0], [12.386106231445222, 1.1077460717588705, 7.4490524792482224], [24.548396690958242, 11.577212241638717, 14.392801991557022], [29.0, 29.0, 14.0]]
Velocity: [[0.0, 0.0, 0.0], [11.386106231445222, 0.10774607175887052, 6.4490524792482224], [12.16229045951302, 10.469466169879848, 6.943749512308799], [4.451603309041758, 17.42278775836128, -0.3928019915570218]]
Attitude: [[0.0, 0.0, 0.0], [0.5154044449224107, 1.562562589250552, 1.0554709245652716], [0.801597525840809, 0.9288600220596227, 1.1624282350367012], [1.3207044969365416, 0.251084454734688, 1.5926364233314274]]
Save Location: maps/map858/test.txt
