Path: 1882
Path Score: 4.164089196449467
Waypoints: [[1.0, 1.0, 1.0], [8.469661386104097, 5.59096684474812, 2.5279558793890997], [17.21982023619961, 8.006705393204069, 10.081471535117235], [29.0, 29.0, 14.0]]
Velocity: [[0.0, 0.0, 0.0], [7.469661386104097, 4.59096684474812, 1.5279558793890997], [8.750158850095513, 2.4157385484559484, 7.553515655728135], [11.78017976380039, 20.99329460679593, 3.9185284648827654]]
Attitude: [[0.0, 0.0, 0.0], [0.5747996990566772, 1.0288000156137393, 1.3982583619310816], [0.736293685996924, 1.3647775423074235, 0.8767782334534331], [1.0667154657863167, 0.5340499258370055, 1.4094321512942536]]
Save Location: maps/map1852/test.txt
