Path: 671
Path Score: 4.190490007759608
Waypoints: [[1.0, 1.0, 1.0], [7.279071891786115, 11.99037003440958, 7.619831722996372], [16.060622627406442, 22.284008548073043, 8.655570821620126], [29.0, 29.0, 14.0]]
Velocity: [[0.0, 0.0, 0.0], [6.279071891786115, 10.99037003440958, 6.619831722996372], [8.781550735620327, 10.293638513663463, 1.035739098623754], [12.939377372593558, 6.715991451926957, 5.344429178379874]]
Attitude: [[0.0, 0.0, 0.0], [1.115662030937802, 0.6928797362779866, 1.088924427386206], [0.8669885085955652, 0.7097061844233868, 1.4943968886004855], [0.5856835745155158, 1.123499545747589, 1.2194127759243851]]
Save Location: maps/map1645/test.txt
