Path: 1267
Path Score: 4.311791842453218
Waypoints: [[1.0, 1.0, 1.0], [11.681123338592288, 14.089788280863255, 4.111381059339743], [19.747287023046923, 29.82416487797133, 10.432454096489826], [29.0, 29.0, 14.0]]
Velocity: [[0.0, 0.0, 0.0], [10.681123338592288, 13.089788280863255, 3.1113810593397426], [8.066163684454635, 15.734376597108076, 6.321073037150083], [9.252712976953077, -0.8241648779713309, 3.567545903510174]]
Attitude: [[0.0, 0.0, 0.0], [0.8998039769895753, 0.7044384319041941, 1.3886732407031834], [1.1267815754569592, 0.577291973173762, 1.2274579179020966], [0.3768134483966241, 1.6537149137271474, 1.2041176775046736]]
Save Location: maps/map785/test.txt
