# Note +ve X is north
# Note +ve Y is West
# x, y, height
# waypoints
G: (4.0,-2.0,10)
G: (17.02514874651453,0.2982669027351932,10)
G: (28.45863289362812,-4.6064357629785775,10)
G: (42.22748995647491,-2.7186119007986562,10)
G: (53.12267937297918,5.809171754920115,10)
G: (68.06298270934258,7.113278088881344,10)
G: (80.95175981176418,1.4542230905165425,10)
G: (96.0,-2.0,10)


# wall segments
# x1, y1, x2, y2, z
W: (96.0,-9.200000000000003,64.0,-1.2000000000000028,30)
W: (64.0,-1.2000000000000028,43.2,-10.0,30)
W: (43.2,-10.0,0.0,-9.200000000000003,30)
W: (0.0,5.200000000000003,40.0,5.200000000000003,30)
W: (40.0,5.200000000000003,56.0,13.200000000000003,30)
W: (56.0,13.200000000000003,96.0,5.200000000000003,30)


# environment settings
R: (0)
D: (1)
