Path: 248
Path Score: 4.277680721369386
Waypoints: [[1.0, 1.0, 1.0], [10.236205802881091, 6.726958385030271, 8.616461550781413], [22.76658572963688, 9.235766945696607, 14.657275630817615], [29.0, 29.0, 14.0]]
Velocity: [[0.0, 0.0, 0.0], [9.236205802881091, 5.726958385030271, 7.616461550781413], [12.530379926755788, 2.5088085606663357, 6.040814080036203], [6.23341427036312, 19.764233054303393, -0.6572756308176153]]
Attitude: [[0.0, 0.0, 0.0], [0.801018365502451, 1.1245932303302049, 0.9595076706588436], [0.48110538650209134, 1.392360850478667, 1.1292167047826818], [1.2654404978558256, 0.30710381033439227, 1.6025015139442569]]
Save Location: maps/map1012/test.txt
