Path: 2424
Path Score: 4.262576120861645
Waypoints: [[1.0, 1.0, 1.0], [12.422424952449036, 7.364456284222653, 4.120550879483655], [18.278593753428844, 13.542675969678093, 13.490985374955708], [29.0, 29.0, 14.0]]
Velocity: [[0.0, 0.0, 0.0], [11.422424952449036, 6.364456284222653, 3.1205508794836554], [5.856168800979807, 6.17821968545544, 9.370434495472052], [10.721406246571156, 15.457324030321907, 0.5090146250442924]]
Attitude: [[0.0, 0.0, 0.0], [0.5554007765856399, 1.0776065097557235, 1.3365284239372268], [1.089892773650924, 1.0609772666142396, 0.7374683110294259], [0.964623337542555, 0.6069540453552669, 1.5437444202820336]]
Save Location: maps/map1115/test.txt
