Path: 2058
Path Score: 4.42039941695482
Waypoints: [[1.0, 1.0, 1.0], [2.1051801977178286, 12.705542697858661, 1.33533427386211], [8.771088292754062, 26.539304194177095, 7.14949085870386], [29.0, 29.0, 14.0]]
Velocity: [[0.0, 0.0, 0.0], [1.1051801977178286, 11.705542697858661, 0.3353342738621099], [6.665908095036233, 13.833761496318434, 5.814156584841751], [20.22891170724594, 2.4606958058229047, 6.85050914129614]]
Attitude: [[0.0, 0.0, 0.0], [1.4766986395106851, 0.09834724994807642, 1.5422834159518], [1.1527604274598233, 0.5688853626547911, 1.208852263338987], [0.3454083995920205, 1.4560869507378023, 1.2464936894313159]]
Save Location: maps/map301/test.txt
