Path: 2340
Path Score: 4.203055525312932
Waypoints: [[1.0, 1.0, 1.0], [2.7823021602657514, 3.2626923788090734, 6.811174955232296], [16.060622627406442, 22.284008548073043, 8.655570821620126], [29.0, 29.0, 14.0]]
Velocity: [[0.0, 0.0, 0.0], [1.7823021602657514, 2.2626923788090734, 5.811174955232296], [13.278320467140691, 19.02131616926397, 1.8443958663878295], [12.939377372593558, 6.715991451926957, 5.344429178379874]]
Attitude: [[0.0, 0.0, 0.0], [1.2924157480158258, 1.2144350237412072, 0.46016632051788314], [0.9635573266766769, 0.6139254545542732, 1.4914548631597564], [0.5856835745155158, 1.123499545747589, 1.2194127759243851]]
Save Location: maps/map1537/test.txt
