Path: 1653
Path Score: 4.074967357980397
Waypoints: [[1.0, 1.0, 1.0], [10.36013664890983, 5.847929453477029, 2.4421408215587084], [24.631670230844907, 23.32534168126198, 7.202000853365213], [29.0, 29.0, 14.0]]
Velocity: [[0.0, 0.0, 0.0], [9.36013664890983, 4.847929453477029, 1.4421408215587084], [14.271533581935078, 17.47741222778495, 4.759860031806505], [4.368329769155093, 5.674658318738022, 6.797999146634787]]
Attitude: [[0.0, 0.0, 0.0], [0.49541529610661705, 1.0976792558885609, 1.4348290922750935], [0.9034931073364727, 0.7107244315389196, 1.3628955995767864], [1.112517585562311, 0.9585535715963122, 0.8114172061667323]]
Save Location: maps/map2350/test.txt
