Path: 677
Path Score: 4.180131043403065
Waypoints: [[1.0, 1.0, 1.0], [7.279071891786115, 11.99037003440958, 7.619831722996372], [22.16101751903432, 21.88131243389526, 7.844034735289933], [29.0, 29.0, 14.0]]
Velocity: [[0.0, 0.0, 0.0], [6.279071891786115, 10.99037003440958, 6.619831722996372], [14.881945627248205, 9.89094239948568, 0.224203012293561], [6.838982480965679, 7.1186875661047395, 6.155965264710067]]
Attitude: [[0.0, 0.0, 0.0], [1.115662030937802, 0.6928797362779866, 1.088924427386206], [0.5867075830137466, 0.9842594601194499, 1.558249984749556], [0.9423867443913255, 0.9123337917118957, 1.0131992799999519]]
Save Location: maps/map1724/test.txt
