Path: 1243
Path Score: 4.13838921687149
Waypoints: [[1.0, 1.0, 1.0], [10.98841998167141, 13.67984788740044, 4.669955467169109], [24.631670230844907, 23.32534168126198, 7.202000853365213], [29.0, 29.0, 14.0]]
Velocity: [[0.0, 0.0, 0.0], [9.98841998167141, 12.67984788740044, 3.6699554671691086], [13.643250249173498, 9.645493793861538, 2.5320453861961045], [4.368329769155093, 5.674658318738022, 6.797999146634787]]
Attitude: [[0.0, 0.0, 0.0], [0.9230317793050691, 0.698207449561829, 1.3472349331065676], [0.6311861382702604, 0.9633601138747735, 1.420398270660599], [1.112517585562311, 0.9585535715963122, 0.8114172061667323]]
Save Location: maps/map2013/test.txt
