Path: 1361
Path Score: 4.367604259235465
Waypoints: [[1.0, 1.0, 1.0], [2.1166871798879825, 7.959406805005861, 2.641112218552253], [8.326355677599059, 21.007879601570398, 11.349606769497015], [29.0, 29.0, 14.0]]
Velocity: [[0.0, 0.0, 0.0], [1.1166871798879825, 6.959406805005861, 1.6411122185522529], [6.2096684977110765, 13.048472796564537, 8.708494550944762], [20.67364432240094, 7.992120398429602, 2.650393230502985]]
Attitude: [[0.0, 0.0, 0.0], [1.4158739947349994, 0.27784815422419984, 1.3420381855188857], [1.193887224240435, 0.6866318406484131, 1.0284416216953596], [0.3867733775955384, 1.2046409482682174, 1.4517841548325077]]
Save Location: maps/map479/test.txt
