Path: 223
Path Score: 4.42533151749938
Waypoints: [[1.0, 1.0, 1.0], [0.1034748464100077, 6.396090427855569, 9.25430405624771], [17.142077840697404, 12.866671640253438, 8.671369517017055], [29.0, 29.0, 14.0]]
Velocity: [[0.0, 0.0, 0.0], [-0.8965251535899923, 5.396090427855569, 8.25430405624771], [17.038602994287395, 6.470581212397869, -0.5829345392306546], [11.857922159302596, 16.133328359746564, 5.328630482982945]]
Attitude: [[0.0, 0.0, 0.0], [1.6614577493511176, 0.9944855483118206, 0.5852456997051783], [0.36428080031428295, 1.2080530672971983, 1.6027693310819489], [0.9614723836846367, 0.6782653453057865, 1.3106912242211473]]
Save Location: maps/map282/test.txt
