Path: 1045
Path Score: 4.1736504361176205
Waypoints: [[1.0, 1.0, 1.0], [5.124139793286082, 11.529276214212281, 3.1169525438428494], [25.89146789512382, 17.947079052650324, 10.291630941969098], [29.0, 29.0, 14.0]]
Velocity: [[0.0, 0.0, 0.0], [4.124139793286082, 10.529276214212281, 2.1169525438428494], [20.76732810183774, 6.417802838438043, 7.1746783981262485], [3.108532104876179, 11.052920947349676, 3.708369058030902]]
Attitude: [[0.0, 0.0, 0.0], [1.2041596665548568, 0.4147337109116922, 1.3857324418142094], [0.43404616290494474, 1.28660903464914, 1.2519793256458307], [1.3102246373088302, 0.4126571490004325, 1.2583924394013435]]
Save Location: maps/map1773/test.txt
