Path: 1551
Path Score: 4.2850994938177065
Waypoints: [[1.0, 1.0, 1.0], [5.1328300726842055, 6.167067988359742, 4.338023583503114], [6.938039822185598, 21.090386253324894, 12.519590149875834], [29.0, 29.0, 14.0]]
Velocity: [[0.0, 0.0, 0.0], [4.1328300726842055, 5.167067988359742, 3.338023583503114], [1.8052097495013921, 14.923318264965152, 8.18156656637272], [22.061960177814402, 7.909613746675106, 1.4804098501241665]]
Attitude: [[0.0, 0.0, 0.0], [0.9792202736645594, 0.799275207152919, 1.1035589735254734], [1.4651206731056312, 0.5115739925190157, 1.072360821655332], [0.3497487223204723, 1.2272661765835426, 1.5077145816114603]]
Save Location: maps/map962/test.txt
