Path: 1403
Path Score: 4.372093311702861
Waypoints: [[1.0, 1.0, 1.0], [2.1166871798879825, 7.959406805005861, 2.641112218552253], [11.717608255286521, 26.086366361922085, 10.100298251227693], [29.0, 29.0, 14.0]]
Velocity: [[0.0, 0.0, 0.0], [1.1166871798879825, 6.959406805005861, 1.6411122185522529], [9.600921075398539, 18.126959556916226, 7.45918603267544], [17.28239174471348, 2.913633638077915, 3.8997017487723067]]
Attitude: [[0.0, 0.0, 0.0], [1.4158739947349994, 0.27784815422419984, 1.3420381855188857], [1.1153413481061274, 0.5907994387851621, 1.2220218732228894], [0.27455761083990476, 1.4078003124714065, 1.351856955162436]]
Save Location: maps/map453/test.txt
