Path: 977
Path Score: 4.205136889060288
Waypoints: [[1.0, 1.0, 1.0], [7.03200889148945, 11.212381035806049, 2.4091861245466912], [19.389288025563584, 16.06728025107769, 3.2087782934268243], [29.0, 29.0, 14.0]]
Velocity: [[0.0, 0.0, 0.0], [6.03200889148945, 10.212381035806049, 1.4091861245466912], [12.357279134074133, 4.854899215271642, 0.7995921688801331], [9.610711974436416, 12.93271974892231, 10.791221706573175]]
Attitude: [[0.0, 0.0, 0.0], [1.0413956223611207, 0.5452295055399751, 1.4525400011168248], [0.3789282451291985, 1.1971553763427076, 1.5106440409292414], [1.0522852008502876, 0.8407680585630531, 0.9806749590669072]]
Save Location: maps/map1511/test.txt
