Path: 2470
Path Score: 4.266410537197649
Waypoints: [[1.0, 1.0, 1.0], [12.386106231445222, 1.1077460717588705, 7.4490524792482224], [26.287300151641748, 16.492398494138193, 13.77497605122596], [29.0, 29.0, 14.0]]
Velocity: [[0.0, 0.0, 0.0], [11.386106231445222, 0.10774607175887052, 6.4490524792482224], [13.901193920196526, 15.384652422379322, 6.325923571977737], [2.712699848358252, 12.507601505861807, 0.22502394877404086]]
Attitude: [[0.0, 0.0, 0.0], [0.5154044449224107, 1.562562589250552, 1.0554709245652716], [0.874670519710341, 0.7817519526929687, 1.2746784773299893], [1.3572535290988061, 0.21428765206758904, 1.553215933347118]]
Save Location: maps/map1080/test.txt
