Path: 1668
Path Score: 4.3874960341128215
Waypoints: [[1.0, 1.0, 1.0], [1.4862613186235762, 5.302297197202417, 9.54279168299124], [16.562231948918217, 23.36225528971405, 10.468909590942717], [29.0, 29.0, 14.0]]
Velocity: [[0.0, 0.0, 0.0], [0.48626131862357624, 4.302297197202417, 8.54279168299124], [15.075970630294641, 18.059958092511632, 0.9261179079514772], [12.437768051081783, 5.637744710285951, 3.531090409057283]]
Attitude: [[0.0, 0.0, 0.0], [1.520002440634727, 1.1049085373684124, 0.46909167611999897], [0.875854754243043, 0.6965141284330406, 1.5314500107363131], [0.4911333101171544, 1.159608420333512, 1.31776151037235]]
Save Location: maps/map406/test.txt
