Path: 93
Path Score: 4.300396930949962
Waypoints: [[1.0, 1.0, 1.0], [6.844542921659472, 12.575654287568902, 0.7512941296865822], [20.225861212634335, 15.04532595668622, 11.643310714362196], [29.0, 29.0, 14.0]]
Velocity: [[0.0, 0.0, 0.0], [5.844542921659472, 11.575654287568902, -0.24870587031341784], [13.381318290974864, 2.469671669117318, 10.892016584675613], [8.774138787365665, 13.95467404331378, 2.3566892856378043]]
Attitude: [[0.0, 0.0, 0.0], [1.103329579532339, 0.4679236243581791, 1.5899732357353402], [0.6955050753492814, 1.428624691884769, 0.8957791204799146], [1.0158144950798451, 0.5771097040965634, 1.4287893660504631]]
Save Location: maps/map866/test.txt
