Path: 790
Path Score: 4.282221913492247
Waypoints: [[1.0, 1.0, 1.0], [4.844954787942095, 14.493280729732227, 5.905721797057641], [10.81745541664519, 17.765990078921153, 6.9670533080542265], [29.0, 29.0, 14.0]]
Velocity: [[0.0, 0.0, 0.0], [3.844954787942095, 13.493280729732227, 4.905721797057641], [5.972500628703095, 3.2727093491889256, 1.0613315109965855], [18.18254458335481, 11.234009921078847, 7.0329466919457735]]
Attitude: [[0.0, 0.0, 0.0], [1.3091332202726853, 0.43273101466224884, 1.2344339666278068], [0.5226283781370353, 1.0760419184791832, 1.4161997552713175], [0.6298821484480811, 1.0480294904711909, 1.2528998172006138]]
Save Location: maps/map979/test.txt
