Path: 2232
Path Score: 4.131970754171073
Waypoints: [[1.0, 1.0, 1.0], [5.7591996310330025, 10.496060591014656, 1.1961851557501069], [17.427868364228836, 16.4750747584921, 4.825948732556496], [29.0, 29.0, 14.0]]
Velocity: [[0.0, 0.0, 0.0], [4.7591996310330025, 9.496060591014656, 0.19618515575010687], [11.668668733195833, 5.979014167477443, 3.629763576806389], [11.572131635771164, 12.524925241507901, 9.174051267443504]]
Attitude: [[0.0, 0.0, 0.0], [1.1062936554501903, 0.46492826404694765, 1.5523285842779897], [0.5400005609496517, 1.1157667056065133, 1.3007182613223893], [0.930265420446883, 0.8673805595008431, 1.0772217983493675]]
Save Location: maps/map2062/test.txt
