Path: 1707
Path Score: 4.204634847172116
Waypoints: [[1.0, 1.0, 1.0], [10.805725952785512, 11.283487147150078, 0.7484718343695662], [16.596716632096093, 19.215720704642216, 5.13918037419731], [29.0, 29.0, 14.0]]
Velocity: [[0.0, 0.0, 0.0], [9.805725952785512, 10.283487147150078, -0.2515281656304338], [5.790990679310582, 7.932233557492138, 4.3907085398277435], [12.403283367903907, 9.784279295357784, 8.86081962580269]]
Attitude: [[0.0, 0.0, 0.0], [0.8093250089126587, 0.7617849255869302, 1.5884962164824006], [1.0023812701535948, 0.7416802241988374, 1.1503862275657746], [0.816514821634672, 1.0001521739681158, 1.059633768091095]]
Save Location: maps/map1515/test.txt
