Path: 1301
Path Score: 4.232051377494063
Waypoints: [[1.0, 1.0, 1.0], [11.681123338592288, 14.089788280863255, 4.111381059339743], [27.392959345270903, 23.005156066345783, 14.43568391042985], [29.0, 29.0, 14.0]]
Velocity: [[0.0, 0.0, 0.0], [10.681123338592288, 13.089788280863255, 3.1113810593397426], [15.711836006678615, 8.915367785482529, 10.324302851090106], [1.6070406547290972, 5.9948439336542165, -0.4356839104298498]]
Attitude: [[0.0, 0.0, 0.0], [0.8998039769895753, 0.7044384319041941, 1.3886732407031834], [0.7149626014366687, 1.1279903432887621, 1.0515907757555534], [1.309541788024109, 0.27091869121991397, 1.6408792813009851]]
Save Location: maps/map1325/test.txt
