Path: 2026
Path Score: 4.226177681708196
Waypoints: [[1.0, 1.0, 1.0], [1.6574939373145603, 7.640942564656317, 6.853106441814953], [19.70415101856637, 13.671074305937509, 12.81372080915123], [29.0, 29.0, 14.0]]
Velocity: [[0.0, 0.0, 0.0], [0.6574939373145603, 6.640942564656317, 5.853106441814953], [18.046657081251812, 6.030131741281192, 5.960614367336277], [9.295848981433629, 15.328925694062491, 1.1862791908487704]]
Attitude: [[0.0, 0.0, 0.0], [1.4966576018134188, 0.7255359120981532, 0.8507902510389312], [0.43922252090544295, 1.2635601706483974, 1.2672158003659493], [1.0269884977688475, 0.548718444626354, 1.5047210663746937]]
Save Location: maps/map1365/test.txt
