Path: 1293
Path Score: 4.287177565563588
Waypoints: [[1.0, 1.0, 1.0], [11.681123338592288, 14.089788280863255, 4.111381059339743], [15.684579521262053, 24.294407344774495, 11.460625578176513], [29.0, 29.0, 14.0]]
Velocity: [[0.0, 0.0, 0.0], [10.681123338592288, 13.089788280863255, 3.1113810593397426], [4.003456182669765, 10.20461906391124, 7.3492445188367705], [13.315420478737947, 4.705592655225505, 2.539374421823487]]
Attitude: [[0.0, 0.0, 0.0], [0.8998039769895753, 0.7044384319041941, 1.3886732407031834], [1.2625897634185028, 0.6868848182298882, 0.9801866389486537], [0.38185806857320004, 1.2366735425670707, 1.3928860386768187]]
Save Location: maps/map953/test.txt
