Path: 639
Path Score: 4.27691960357831
Waypoints: [[1.0, 1.0, 1.0], [12.65259495451803, 15.504691539838976, 1.3902173466937446], [28.351474234720296, 25.498527752787144, 7.37118465653362], [29.0, 29.0, 14.0]]
Velocity: [[0.0, 0.0, 0.0], [11.65259495451803, 14.504691539838976, 0.39021734669374464], [15.698879280202267, 9.993836212948167, 5.980967309839875], [0.6485257652797038, 3.501472247212856, 6.62881534346638]]
Attitude: [[0.0, 0.0, 0.0], [0.8941821376993422, 0.6770644370273821, 1.5498263094141658], [0.6382901439813248, 1.0341462449565935, 1.2598376835884688], [1.4845037528142369, 1.0867929210996663, 0.49296575546596705]]
Save Location: maps/map1017/test.txt
