Path: 1081
Path Score: 4.481523670079016
Waypoints: [[1.0, 1.0, 1.0], [5.124139793286082, 11.529276214212281, 3.1169525438428494], [7.2422472543241465, 15.760615466297706, 13.658007264698963], [29.0, 29.0, 14.0]]
Velocity: [[0.0, 0.0, 0.0], [4.124139793286082, 10.529276214212281, 2.1169525438428494], [2.118107461038065, 4.231339252085425, 10.541054720856113], [21.75775274567585, 13.239384533702294, 0.34199273530103724]]
Attitude: [[0.0, 0.0, 0.0], [1.2041596665548568, 0.4147337109116922, 1.3857324418142094], [1.3864378736410639, 1.1958637210294571, 0.42193818655524507], [0.5467872106274848, 1.0242120818809008, 1.5573694452781284]]
Save Location: maps/map148/test.txt
