Path: 2499
Path Score: 4.596255177713174
Waypoints: [[1.0, 1.0, 1.0], [1.327818985938627, 0.12165432475222393, 2.009587905737008], [10.236205802881091, 6.726958385030271, 8.616461550781413], [29.0, 29.0, 14.0]]
Velocity: [[0.0, 0.0, 0.0], [0.3278189859386269, -0.8783456752477761, 1.0095879057370079], [8.908386816942464, 6.605304060278048, 6.606873645044405], [18.76379419711891, 22.273041614969728, 5.383538449218587]]
Attitude: [[0.0, 0.0, 0.0], [1.3305559476771869, 2.2620673328650165, 0.7484058480919805], [0.8091752979487888, 1.033651121711417, 1.03350959688475], [0.8846584087794623, 0.7196408431985295, 1.388006583094779]]
Save Location: maps/map23/test.txt
