Path: 794
Path Score: 4.385333125706612
Waypoints: [[1.0, 1.0, 1.0], [4.844954787942095, 14.493280729732227, 5.905721797057641], [8.326355677599059, 21.007879601570398, 11.349606769497015], [29.0, 29.0, 14.0]]
Velocity: [[0.0, 0.0, 0.0], [3.844954787942095, 13.493280729732227, 4.905721797057641], [3.481400889656964, 6.514598871838171, 5.443884972439374], [20.67364432240094, 7.992120398429602, 2.650393230502985]]
Attitude: [[0.0, 0.0, 0.0], [1.3091332202726853, 0.43273101466224884, 1.2344339666278068], [1.1816383182624468, 0.7813363911152879, 0.9356632271319988], [0.3867733775955384, 1.2046409482682174, 1.4517841548325077]]
Save Location: maps/map413/test.txt
