Path: 2046
Path Score: 4.1684343836956685
Waypoints: [[1.0, 1.0, 1.0], [1.6574939373145603, 7.640942564656317, 6.853106441814953], [20.610598369444524, 19.278006681353382, 8.827928443474919], [29.0, 29.0, 14.0]]
Velocity: [[0.0, 0.0, 0.0], [0.6574939373145603, 6.640942564656317, 5.853106441814953], [18.953104432129965, 11.637064116697065, 1.974822001659966], [8.389401630555476, 9.721993318646618, 5.172071556525081]]
Attitude: [[0.0, 0.0, 0.0], [1.4966576018134188, 0.7255359120981532, 0.8507902510389312], [0.5569946681166119, 1.0225561692882525, 1.4822347748337354], [0.919766086046802, 0.7922213235648208, 1.1879058042443305]]
Save Location: maps/map1814/test.txt
