Path: 1618
Path Score: 4.036622569735165
Waypoints: [[1.0, 1.0, 1.0], [10.36013664890983, 5.847929453477029, 2.4421408215587084], [24.231363728279373, 24.064238050008328, 9.859876317962396], [29.0, 29.0, 14.0]]
Velocity: [[0.0, 0.0, 0.0], [9.36013664890983, 4.847929453477029, 1.4421408215587084], [13.871227079369543, 18.2163085965313, 7.4177354964036875], [4.768636271720627, 4.935761949991672, 4.140123682037604]]
Attitude: [[0.0, 0.0, 0.0], [0.49541529610661705, 1.0976792558885609, 1.4348290922750935], [0.9565591068340645, 0.7122871672031001, 1.2574966704726356], [0.9335872338350895, 0.9073880140782924, 1.02799260384737]]
Save Location: maps/map2450/test.txt
