Path: 376
Path Score: 4.413150235078408
Waypoints: [[1.0, 1.0, 1.0], [5.0694130019156045, 0.10947803648002186, 11.387112714668532], [18.278593753428844, 13.542675969678093, 13.490985374955708], [29.0, 29.0, 14.0]]
Velocity: [[0.0, 0.0, 0.0], [4.0694130019156045, -0.8905219635199781, 10.387112714668532], [13.20918075151324, 13.433197933198072, 2.103872660287175], [10.721406246571156, 15.457324030321907, 0.5090146250442924]]
Attitude: [[0.0, 0.0, 0.0], [1.1986423454069668, 1.65045321960768, 0.3814078923026202], [0.799862897955315, 0.7832525752555755, 1.4595846325832056], [0.964623337542555, 0.6069540453552669, 1.5437444202820336]]
Save Location: maps/map321/test.txt
