Path: 2234
Path Score: 4.15903484582486
Waypoints: [[1.0, 1.0, 1.0], [5.7591996310330025, 10.496060591014656, 1.1961851557501069], [16.562231948918217, 23.36225528971405, 10.468909590942717], [29.0, 29.0, 14.0]]
Velocity: [[0.0, 0.0, 0.0], [4.7591996310330025, 9.496060591014656, 0.19618515575010687], [10.803032317885215, 12.866194698699394, 9.272724435192611], [12.437768051081783, 5.637744710285951, 3.531090409057283]]
Attitude: [[0.0, 0.0, 0.0], [1.1062936554501903, 0.46492826404694765, 1.5523285842779897], [0.9728180758059358, 0.8359283821679705, 1.0664622030043032], [0.4911333101171544, 1.159608420333512, 1.31776151037235]]
Save Location: maps/map1885/test.txt
