Path: 733
Path Score: 4.100475247847322
Waypoints: [[1.0, 1.0, 1.0], [12.697608925444278, 6.8811022717284045, 6.207161753256], [26.70124871286478, 19.147010920760337, 12.70089468843873], [29.0, 29.0, 14.0]]
Velocity: [[0.0, 0.0, 0.0], [11.697608925444278, 5.8811022717284045, 5.207161753256], [14.0036397874205, 12.265908649031932, 6.49373293518273], [2.2987512871352216, 9.852989079239663, 1.29910531156127]]
Attitude: [[0.0, 0.0, 0.0], [0.5913478455125089, 1.1402281118229445, 1.1922640516212777], [0.7809208218087565, 0.8993387716253789, 1.2351678838885265], [1.3434906352786418, 0.26183169500923487, 1.4430944105763563]]
Save Location: maps/map2245/test.txt
