Path: 1250
Path Score: 4.2054506943606
Waypoints: [[1.0, 1.0, 1.0], [11.681123338592288, 14.089788280863255, 4.111381059339743], [21.908711729896172, 25.238135856299944, 5.545207600887396], [29.0, 29.0, 14.0]]
Velocity: [[0.0, 0.0, 0.0], [10.681123338592288, 13.089788280863255, 3.1113810593397426], [10.227588391303884, 11.14834757543669, 1.4338265415476537], [7.091288270103828, 3.7618641437000555, 8.454792399112604]]
Attitude: [[0.0, 0.0, 0.0], [0.8998039769895753, 0.7044384319041941, 1.3886732407031834], [0.8325309612845181, 0.7471999293417784, 1.4763057024531738], [0.9169442204311326, 1.2422469685705426, 0.7594689249536318]]
Save Location: maps/map1507/test.txt
