Path: 2134
Path Score: 4.406845673869014
Waypoints: [[1.0, 1.0, 1.0], [7.976694836660609, 10.929766397758005, 9.409001445334173], [8.698977053221993, 19.48629808039675, 13.371846165404145], [29.0, 29.0, 14.0]]
Velocity: [[0.0, 0.0, 0.0], [6.976694836660609, 9.929766397758005, 8.409001445334173], [0.7222822165613838, 8.556531682638745, 3.962844720069972], [20.301022946778005, 9.51370191960325, 0.6281538345958548]]
Attitude: [[0.0, 0.0, 0.0], [1.0786293818483852, 0.8331465441750755, 0.9648405508336908], [1.4943487060970173, 0.4399886468194851, 1.1384239555151976], [0.4390758398022054, 1.132740622989748, 1.5427856888103315]]
Save Location: maps/map345/test.txt
