Path: 1638
Path Score: 4.2522903363413125
Waypoints: [[1.0, 1.0, 1.0], [10.36013664890983, 5.847929453477029, 2.4421408215587084], [12.16882105369413, 22.5703746743433, 7.023400396976081], [29.0, 29.0, 14.0]]
Velocity: [[0.0, 0.0, 0.0], [9.36013664890983, 4.847929453477029, 1.4421408215587084], [1.8086844047842998, 16.72244522086627, 4.581259575417373], [16.83117894630587, 6.429625325656701, 6.976599603023919]]
Attitude: [[0.0, 0.0, 0.0], [0.49541529610661705, 1.0976792558885609, 1.4348290922750935], [1.4668569538586207, 0.28643692590338227, 1.3048766606453506], [0.5132908177846113, 1.2315474594293268, 1.2013612558293933]]
Save Location: maps/map1177/test.txt
