Path: 562
Path Score: 4.503544973643821
Waypoints: [[1.0, 1.0, 1.0], [8.077819295469498, 4.630177089274074, 13.001091877302175], [10.035552414872543, 14.727385926720864, 12.424650413075828], [29.0, 29.0, 14.0]]
Velocity: [[0.0, 0.0, 0.0], [7.077819295469498, 3.630177089274074, 12.001091877302175], [1.957733119403045, 10.09720883744679, -0.5764414642263471], [18.96444758512746, 14.272614073279136, 1.5753495869241725]]
Attitude: [[0.0, 0.0, 0.0], [1.0568857360289043, 1.315913356872022, 0.5853298029477871], [1.3795878002043744, 0.19943187728551975, 1.62678321167619], [0.6480734763088719, 0.9272854822750475, 1.5045215484811172]]
Save Location: maps/map110/test.txt
