Path: 1073
Path Score: 4.079157894030846
Waypoints: [[1.0, 1.0, 1.0], [5.124139793286082, 11.529276214212281, 3.1169525438428494], [22.31107341157168, 20.857103800923483, 7.836819148340205], [29.0, 29.0, 14.0]]
Velocity: [[0.0, 0.0, 0.0], [4.124139793286082, 10.529276214212281, 2.1169525438428494], [17.1869336182856, 9.327827586711201, 4.719866604497356], [6.68892658842832, 8.142896199076517, 6.163180851659795]]
Attitude: [[0.0, 0.0, 0.0], [1.2041596665548568, 0.4147337109116922, 1.3857324418142094], [0.5464643923245428, 1.08864211221778, 1.3339626504002606], [0.9909241630968201, 0.8405978425021317, 1.041586930795209]]
Save Location: maps/map2332/test.txt
