Path: 1272
Path Score: 4.150632369662564
Waypoints: [[1.0, 1.0, 1.0], [11.681123338592288, 14.089788280863255, 4.111381059339743], [18.987168424161545, 21.350324413129044, 10.434584031210562], [29.0, 29.0, 14.0]]
Velocity: [[0.0, 0.0, 0.0], [10.681123338592288, 13.089788280863255, 3.1113810593397426], [7.306045085569258, 7.2605361322657895, 6.32320297187082], [10.012831575838455, 7.649675586870956, 3.565415968789438]]
Attitude: [[0.0, 0.0, 0.0], [0.8998039769895753, 0.7044384319041941, 1.3886732407031834], [0.9216656930392835, 0.9263839961465733, 1.0202242892349058], [0.7003550436294252, 0.9469578898565721, 1.2950479413160163]]
Save Location: maps/map1941/test.txt
