Path: 1772
Path Score: 4.165541818724237
Waypoints: [[1.0, 1.0, 1.0], [5.8300877579373775, 12.986927175779844, 2.2883830638241456], [15.326606466973086, 21.339557800606936, 5.709370475713641], [29.0, 29.0, 14.0]]
Velocity: [[0.0, 0.0, 0.0], [4.8300877579373775, 11.986927175779844, 1.2883830638241456], [9.496518709035708, 8.352630624827093, 3.420987411889495], [13.673393533026914, 7.660442199393064, 8.29062952428636]]
Attitude: [[0.0, 0.0, 0.0], [1.1897394258126446, 0.3951048953544142, 1.471431398260883], [0.7600039132001937, 0.8795152711909842, 1.306623359395816], [0.690120256163992, 1.1240390241586073, 1.0842390444713212]]
Save Location: maps/map1835/test.txt
