Path: 1170
Path Score: 4.169068541983023
Waypoints: [[1.0, 1.0, 1.0], [7.244355243304841, 4.686769508950413, 5.732290508395203], [12.699318080032214, 19.485873547121262, 13.643108962855027], [29.0, 29.0, 14.0]]
Velocity: [[0.0, 0.0, 0.0], [6.244355243304841, 3.6867695089504133, 4.732290508395203], [5.454962836727373, 14.79910403817085, 7.910818454459824], [16.300681919967786, 9.514126452878738, 0.3568910371449725]]
Attitude: [[0.0, 0.0, 0.0], [0.7653529368027897, 1.1309818444795048, 0.9925991767107255], [1.2564992218605924, 0.5758920429713769, 1.1059020189686397], [0.5286275051045267, 1.042579273198718, 1.5518895222311728]]
Save Location: maps/map1805/test.txt
