Path: 668
Path Score: 4.3385758624336255
Waypoints: [[1.0, 1.0, 1.0], [7.279071891786115, 11.99037003440958, 7.619831722996372], [10.035552414872543, 14.727385926720864, 12.424650413075828], [29.0, 29.0, 14.0]]
Velocity: [[0.0, 0.0, 0.0], [6.279071891786115, 10.99037003440958, 6.619831722996372], [2.7564805230864273, 2.737015892311284, 4.804818690079456], [18.96444758512746, 14.272614073279136, 1.5753495869241725]]
Attitude: [[0.0, 0.0, 0.0], [1.115662030937802, 0.6928797362779866, 1.088924427386206], [1.1083600069539334, 1.1118769495377343, 0.6798793947955415], [0.6480734763088719, 0.9272854822750475, 1.5045215484811172]]
Save Location: maps/map638/test.txt
