Path: 2305
Path Score: 4.266945671507887
Waypoints: [[1.0, 1.0, 1.0], [4.608820246079843, 7.120273707001329, 9.286680001717013], [11.40378861351021, 23.288761880938765, 11.804403224732908], [29.0, 29.0, 14.0]]
Velocity: [[0.0, 0.0, 0.0], [3.6088202460798433, 6.120273707001329, 8.286680001717013], [6.794968367430367, 16.168488173937437, 2.5177232230158957], [17.59621138648979, 5.711238119061235, 2.1955967752670915]]
Attitude: [[0.0, 0.0, 0.0], [1.233845257898589, 0.9755770124671417, 0.7087760394342274], [1.1772081778542849, 0.4213404959855869, 1.4282146543013627], [0.33465120952432154, 1.2592127196021017, 1.4526670982553629]]
Save Location: maps/map1075/test.txt
