Path: 2140
Path Score: 4.303593966966239
Waypoints: [[1.0, 1.0, 1.0], [7.976694836660609, 10.929766397758005, 9.409001445334173], [12.704603846584774, 19.922199713463662, 8.33279809450805], [29.0, 29.0, 14.0]]
Velocity: [[0.0, 0.0, 0.0], [6.976694836660609, 9.929766397758005, 8.409001445334173], [4.727909009924165, 8.992433315705657, -1.0762033508261233], [16.295396153415226, 9.077800286536338, 5.66720190549195]]
Attitude: [[0.0, 0.0, 0.0], [1.0786293818483852, 0.8331465441750755, 0.9648405508336908], [1.089672615954932, 0.49452478540641776, 1.6763327038378129], [0.5810873343497762, 1.0864359774071253, 1.2758411019683804]]
Save Location: maps/map837/test.txt
