Path: 674
Path Score: 4.33517790527346
Waypoints: [[1.0, 1.0, 1.0], [7.279071891786115, 11.99037003440958, 7.619831722996372], [8.326355677599059, 21.007879601570398, 11.349606769497015], [29.0, 29.0, 14.0]]
Velocity: [[0.0, 0.0, 0.0], [6.279071891786115, 10.99037003440958, 6.619831722996372], [1.0472837858129438, 9.017509567160818, 3.7297750465006434], [20.67364432240094, 7.992120398429602, 2.650393230502985]]
Attitude: [[0.0, 0.0, 0.0], [1.115662030937802, 0.6928797362779866, 1.088924427386206], [1.4638844630586294, 0.40576952298777996, 1.1809689017916412], [0.3867733775955384, 1.2046409482682174, 1.4517841548325077]]
Save Location: maps/map652/test.txt
