Path: 2083
Path Score: 4.313364358404965
Waypoints: [[1.0, 1.0, 1.0], [2.1051801977178286, 12.705542697858661, 1.33533427386211], [9.17398002603554, 20.73897641344332, 6.283632757243895], [29.0, 29.0, 14.0]]
Velocity: [[0.0, 0.0, 0.0], [1.1051801977178286, 11.705542697858661, 0.3353342738621099], [7.068799828317712, 8.03343371558466, 4.948298483381786], [19.82601997396446, 8.261023586556679, 7.716367242756105]]
Attitude: [[0.0, 0.0, 0.0], [1.4766986395106851, 0.09834724994807642, 1.5422834159518], [0.9278074850853597, 0.8211057395761042, 1.1376541928585866], [0.5181999547692874, 1.2004145141772051, 1.2258923638516876]]
Save Location: maps/map774/test.txt
