Path: 10
Path Total Score: 2.051920106004723
Waypoints: [[0.1, 0.1, 0.1], [7.12032848815427, 5.208807448881869, 2.995363490632075], [4.442100711127011, 2.3487441677332432, 1.6264564984847008], [10.36013664890983, 5.847929453477029, 2.4421408215587084], [5.470500853285972, 2.285158914775783, 1.3212913765783796], [11.275939810828383, 5.356679655043392, 0.7044604432239543], [8.515453150908659, 1.3275472280091438, 2.3088038935700537], [13.912980951007995, 7.793880547144607, 2.872490182310962], [12.422424952449036, 7.364456284222653, 4.120550879483655], [15.0, 15.0, 7.5]]
Velocity: [[0.0, 0.0, 0.0], [7.02032848815427, 5.108807448881869, 2.895363490632075], [-2.6782277770272582, -2.8600632811486255, -1.3689069921473744], [5.918035937782818, 3.4991852857437857, 0.8156843230740076], [-4.889635795623858, -3.562770538701246, -1.1208494449803288], [5.805438957542411, 3.0715207402676086, -0.6168309333544253], [-2.7604866599197244, -4.029132427034248, 1.6043434503460994], [5.397527800099336, 6.466333319135463, 0.5636862887409082], [-1.4905559985589587, -0.42942426292195357, 1.2480606971726935], [2.5775750475509636, 7.635543715777347, 3.3794491205163446]]
Attitude: [[0.0, 0.0, 0.0], [0.0, 0.0, 0.0], [0.0, 0.0, 0.0], [0.0, 0.0, 0.0], [0.0, 0.0, 0.0], [0.0, 0.0, 0.0], [0.0, 0.0, 0.0], [0.0, 0.0, 0.0], [0.0, 0.0, 0.0], [0.0, 0.0, 0.0]]
Save Location: maps/map13/test.txt
