Path: 1451
Path Score: 4.271856879459463
Waypoints: [[1.0, 1.0, 1.0], [1.5831056317866898, 11.289807463775418, 6.886569014408189], [17.495244973045097, 26.03561227858441, 12.515738341607829], [29.0, 29.0, 14.0]]
Velocity: [[0.0, 0.0, 0.0], [0.5831056317866898, 10.289807463775418, 5.886569014408189], [15.912139341258406, 14.745804814808992, 5.62916932719964], [11.504755026954903, 2.9643877214155907, 1.484261658392171]]
Attitude: [[0.0, 0.0, 0.0], [1.5216478577442305, 0.5217422173051365, 1.0518517055369716], [0.7813470646391849, 0.8527346584595603, 1.316916332298314], [0.2805594303655102, 1.3206025270465491, 1.4465080099651364]]
Save Location: maps/map1047/test.txt
