Path: 851
Path Score: 4.320892241303815
Waypoints: [[1.0, 1.0, 1.0], [13.622214221490246, 10.560085107867, 6.307093757900562], [15.326606466973086, 21.339557800606936, 5.709370475713641], [29.0, 29.0, 14.0]]
Velocity: [[0.0, 0.0, 0.0], [12.622214221490246, 9.560085107867, 5.307093757900562], [1.7043922454828397, 10.779472692739937, -0.5977232821869212], [13.673393533026914, 7.660442199393064, 8.29062952428636]]
Attitude: [[0.0, 0.0, 0.0], [0.7138698155414545, 0.9612815674177257, 1.2473929819737224], [1.4142165344147637, 0.16601367141429285, 1.6255113997437343], [0.690120256163992, 1.1240390241586073, 1.0842390444713212]]
Save Location: maps/map731/test.txt
