Path: 2428
Path Score: 4.074255087684868
Waypoints: [[1.0, 1.0, 1.0], [12.422424952449036, 7.364456284222653, 4.120550879483655], [24.29282605726432, 17.273783965333514, 9.528106741585457], [29.0, 29.0, 14.0]]
Velocity: [[0.0, 0.0, 0.0], [11.422424952449036, 6.364456284222653, 3.1205508794836554], [11.870401104815285, 9.909327681110861, 5.407555862101802], [4.707173942735679, 11.726216034666486, 4.471893258414543]]
Attitude: [[0.0, 0.0, 0.0], [0.5554007765856399, 1.0776065097557235, 1.3365284239372268], [0.7602891476076933, 0.9211287850157862, 1.2343783846941856], [1.2119605623526288, 0.5056733733733509, 1.2306436859371142]]
Save Location: maps/map2352/test.txt
