Path: 2348
Path Score: 4.2095220564387645
Waypoints: [[1.0, 1.0, 1.0], [2.7823021602657514, 3.2626923788090734, 6.811174955232296], [13.622214221490246, 10.560085107867, 6.307093757900562], [29.0, 29.0, 14.0]]
Velocity: [[0.0, 0.0, 0.0], [1.7823021602657514, 2.2626923788090734, 5.811174955232296], [10.839912061224496, 7.297392729057926, -0.5040811973317343], [15.377785778509754, 18.439914892133, 7.692906242099438]]
Attitude: [[0.0, 0.0, 0.0], [1.2924157480158258, 1.2144350237412072, 0.46016632051788314], [0.5936128601332149, 0.9787868068748363, 1.6093528348545196], [0.914838330820967, 0.7504678954034324, 1.2607334357451414]]
Save Location: maps/map1476/test.txt
