Path: 1830
Path Score: 4.277041867244163
Waypoints: [[1.0, 1.0, 1.0], [5.142904841761517, 4.732071187514425, 9.090826078056057], [10.035552414872543, 14.727385926720864, 12.424650413075828], [29.0, 29.0, 14.0]]
Velocity: [[0.0, 0.0, 0.0], [4.142904841761517, 3.732071187514425, 8.090826078056057], [4.8926475731110255, 9.995314739206439, 3.33382433501977], [18.96444758512746, 14.272614073279136, 1.5753495869241725]]
Attitude: [[0.0, 0.0, 0.0], [1.1355654236864037, 1.1812058528805445, 0.6034260736599171], [1.1360763053291578, 0.5347592758228957, 1.2797300538463021], [0.6480734763088719, 0.9272854822750475, 1.5045215484811172]]
Save Location: maps/map1016/test.txt
