Path: 1779
Path Score: 4.2984722192128135
Waypoints: [[1.0, 1.0, 1.0], [5.8300877579373775, 12.986927175779844, 2.2883830638241456], [13.127617811288149, 26.235374032803584, 6.157926047197438], [29.0, 29.0, 14.0]]
Velocity: [[0.0, 0.0, 0.0], [4.8300877579373775, 11.986927175779844, 1.2883830638241456], [7.297530053350771, 13.24844685702374, 3.869542983373292], [15.872382188711851, 2.764625967196416, 7.842073952802562]]
Attitude: [[0.0, 0.0, 0.0], [1.1897394258126446, 0.3951048953544142, 1.471431398260883], [1.0844292992539486, 0.5574968745696065, 1.320336159362752], [0.482563653737281, 1.4158888951789448, 1.1178111555993027]]
Save Location: maps/map881/test.txt
