Path: 437
Path Score: 4.217742795704682
Waypoints: [[1.0, 1.0, 1.0], [8.23561037690084, 4.511685430060676, 8.33124458240136], [12.699318080032214, 19.485873547121262, 13.643108962855027], [29.0, 29.0, 14.0]]
Velocity: [[0.0, 0.0, 0.0], [7.235610376900841, 3.511685430060676, 7.331244582401361], [4.463707703131373, 14.974188117060585, 5.311864380453667], [16.300681919967786, 9.514126452878738, 0.3568910371449725]]
Attitude: [[0.0, 0.0, 0.0], [0.8434728410597166, 1.2422312953632766, 0.8316455994328315], [1.2969154670727088, 0.433903015569011, 1.2431007573995105], [0.5286275051045267, 1.042579273198718, 1.5518895222311728]]
Save Location: maps/map1420/test.txt
