Path: 178
Path Score: 4.38016499520448
Waypoints: [[1.0, 1.0, 1.0], [0.8689948832512862, 4.64282219210965, 7.776103442790986], [12.699318080032214, 19.485873547121262, 13.643108962855027], [29.0, 29.0, 14.0]]
Velocity: [[0.0, 0.0, 0.0], [-0.13100511674871385, 3.6428221921096497, 6.776103442790986], [11.830323196780927, 14.843051355011612, 5.867005520064041], [16.300681919967786, 9.514126452878738, 0.3568910371449725]]
Attitude: [[0.0, 0.0, 0.0], [1.5878233126910848, 1.077602275761293, 0.4935415452562085], [0.9329351934452785, 0.7270717518978967, 1.2710107877182453], [0.5286275051045267, 1.042579273198718, 1.5518895222311728]]
Save Location: maps/map429/test.txt
