Path: 2458
Path Score: 4.312125618574619
Waypoints: [[1.0, 1.0, 1.0], [12.386106231445222, 1.1077460717588705, 7.4490524792482224], [28.580074351282803, 14.872208336339622, 10.610098631150464], [29.0, 29.0, 14.0]]
Velocity: [[0.0, 0.0, 0.0], [11.386106231445222, 0.10774607175887052, 6.4490524792482224], [16.19396811983758, 13.76446226458075, 3.1610461519022417], [0.4199256487171965, 14.127791663660378, 3.389901368849536]]
Attitude: [[0.0, 0.0, 0.0], [0.5154044449224107, 1.562562589250552, 1.0554709245652716], [0.7171855263417491, 0.8755290839194547, 1.42314705625365], [1.5419013819474265, 0.2372269626522856, 1.3354029484393914]]
Save Location: maps/map781/test.txt
