Path: 1294
Path Score: 4.320881474187151
Waypoints: [[1.0, 1.0, 1.0], [11.681123338592288, 14.089788280863255, 4.111381059339743], [23.80619581829966, 28.941778377351817, 14.88524117496731], [29.0, 29.0, 14.0]]
Velocity: [[0.0, 0.0, 0.0], [10.681123338592288, 13.089788280863255, 3.1113810593397426], [12.125072479707372, 14.851990096488562, 10.773860115627567], [5.19380418170034, 0.05822162264818331, -0.8852411749673106]]
Attitude: [[0.0, 0.0, 0.0], [0.8998039769895753, 0.7044384319041941, 1.3886732407031834], [0.9868450301111431, 0.829401633412291, 1.0588380437850207], [0.16917730242266035, 1.5597463151797681, 1.7396054079197876]]
Save Location: maps/map732/test.txt
