Path: 721
Path Score: 4.292427127625105
Waypoints: [[1.0, 1.0, 1.0], [7.279071891786115, 11.99037003440958, 7.619831722996372], [17.142077840697404, 12.866671640253438, 8.671369517017055], [29.0, 29.0, 14.0]]
Velocity: [[0.0, 0.0, 0.0], [6.279071891786115, 10.99037003440958, 6.619831722996372], [9.863005948911288, 0.8763016058438584, 1.0515377940206836], [11.857922159302596, 16.133328359746564, 5.328630482982945]]
Attitude: [[0.0, 0.0, 0.0], [1.115662030937802, 0.6928797362779866, 1.088924427386206], [0.13790121934652863, 1.4826784750141526, 1.4649968500328796], [0.9614723836846367, 0.6782653453057865, 1.3106912242211473]]
Save Location: maps/map916/test.txt
