Path: 219
Path Score: 4.4430655101690375
Waypoints: [[1.0, 1.0, 1.0], [0.1034748464100077, 6.396090427855569, 9.25430405624771], [13.095324436113561, 15.033365545267669, 6.706312039110363], [29.0, 29.0, 14.0]]
Velocity: [[0.0, 0.0, 0.0], [-0.8965251535899923, 5.396090427855569, 8.25430405624771], [12.991849589703554, 8.6372751174121, -2.5479920171373465], [15.904675563886439, 13.966634454732331, 7.293687960889637]]
Attitude: [[0.0, 0.0, 0.0], [1.6614577493511176, 0.9944855483118206, 0.5852456997051783], [0.6061119538545278, 0.9927398957931425, 1.7326894936921295], [0.7807156099511975, 0.8971446612687055, 1.2389541045829986]]
Save Location: maps/map219/test.txt
