Path: 979
Path Score: 4.153380763935454
Waypoints: [[1.0, 1.0, 1.0], [7.03200889148945, 11.212381035806049, 2.4091861245466912], [24.29282605726432, 17.273783965333514, 9.528106741585457], [29.0, 29.0, 14.0]]
Velocity: [[0.0, 0.0, 0.0], [6.03200889148945, 10.212381035806049, 1.4091861245466912], [17.26081716577487, 6.061402929527466, 7.118920617038766], [4.707173942735679, 11.726216034666486, 4.471893258414543]]
Attitude: [[0.0, 0.0, 0.0], [1.0413956223611207, 0.5452295055399751, 1.4525400011168248], [0.4964333941319868, 1.256891294080176, 1.1996902624989545], [1.2119605623526288, 0.5056733733733509, 1.2306436859371142]]
Save Location: maps/map1926/test.txt
