Path: 1939
Path Score: 4.228007943740128
Waypoints: [[1.0, 1.0, 1.0], [7.908661902969909, 13.249370598681029, 5.122888052721978], [26.70124871286478, 19.147010920760337, 12.70089468843873], [29.0, 29.0, 14.0]]
Velocity: [[0.0, 0.0, 0.0], [6.908661902969909, 12.249370598681029, 4.122888052721978], [18.79258680989487, 5.897640322079308, 7.578006635716752], [2.2987512871352216, 9.852989079239663, 1.29910531156127]]
Attitude: [[0.0, 0.0, 0.0], [1.0799032623057099, 0.5811391675180452, 1.2856207472042467], [0.4723879828319474, 1.2875658030193626, 1.2035113080644322], [1.3434906352786418, 0.26183169500923487, 1.4430944105763563]]
Save Location: maps/map1351/test.txt
