Path: 1617
Path Score: 4.042449296182418
Waypoints: [[1.0, 1.0, 1.0], [10.36013664890983, 5.847929453477029, 2.4421408215587084], [22.16101751903432, 21.88131243389526, 7.844034735289933], [29.0, 29.0, 14.0]]
Velocity: [[0.0, 0.0, 0.0], [9.36013664890983, 4.847929453477029, 1.4421408215587084], [11.800880870124491, 16.03338298041823, 5.401893913731224], [6.838982480965679, 7.1186875661047395, 6.155965264710067]]
Attitude: [[0.0, 0.0, 0.0], [0.49541529610661705, 1.0976792558885609, 1.4348290922750935], [0.9617527820430297, 0.6804868025283842, 1.3058338271554], [0.9423867443913255, 0.9123337917118957, 1.0131992799999519]]
Save Location: maps/map2439/test.txt
