Path: 408
Path Score: 4.1080931788983435
Waypoints: [[1.0, 1.0, 1.0], [8.23561037690084, 4.511685430060676, 8.33124458240136], [18.987168424161545, 21.350324413129044, 10.434584031210562], [29.0, 29.0, 14.0]]
Velocity: [[0.0, 0.0, 0.0], [7.235610376900841, 3.511685430060676, 7.331244582401361], [10.751558047260705, 16.838638983068368, 2.1033394488092014], [10.012831575838455, 7.649675586870956, 3.565415968789438]]
Attitude: [[0.0, 0.0, 0.0], [0.8434728410597166, 1.2422312953632766, 0.8316455994328315], [1.0060498644075058, 0.5768030379771212, 1.4659019706551777], [0.7003550436294252, 0.9469578898565721, 1.2950479413160163]]
Save Location: maps/map2208/test.txt
