Path: 2441
Path Score: 4.160433906480458
Waypoints: [[1.0, 1.0, 1.0], [12.422424952449036, 7.364456284222653, 4.120550879483655], [22.781985147361475, 18.865246195222316, 4.237269029022857], [29.0, 29.0, 14.0]]
Velocity: [[0.0, 0.0, 0.0], [11.422424952449036, 6.364456284222653, 3.1205508794836554], [10.359560194912438, 11.500789910999663, 0.11671814953920201], [6.218014852638525, 10.134753804777684, 9.762730970977142]]
Attitude: [[0.0, 0.0, 0.0], [0.5554007765856399, 1.0776065097557235, 1.3365284239372268], [0.8375818852003069, 0.7332716095735811, 1.5632558807499426], [1.154725411250614, 0.8516309695069436, 0.8833371316925762]]
Save Location: maps/map1882/test.txt
