Path: 1384
Path Score: 4.383440267957562
Waypoints: [[1.0, 1.0, 1.0], [2.1166871798879825, 7.959406805005861, 2.641112218552253], [10.752760318917543, 18.75992942067851, 14.80087523764835], [29.0, 29.0, 14.0]]
Velocity: [[0.0, 0.0, 0.0], [1.1166871798879825, 6.959406805005861, 1.6411122185522529], [8.63607313902956, 10.80052261567265, 12.159763019096097], [18.247239681082455, 10.24007057932149, -0.8008752376483503]]
Attitude: [[0.0, 0.0, 0.0], [1.4158739947349994, 0.27784815422419984, 1.3420381855188857], [1.082657541945847, 0.944036501247248, 0.8495286171160507], [0.5126920098124623, 1.0598172007710935, 1.6090527819834075]]
Save Location: maps/map423/test.txt
