Path: 191
Path Score: 4.561853753003309
Waypoints: [[1.0, 1.0, 1.0], [0.1034748464100077, 6.396090427855569, 9.25430405624771], [2.1616208998558317, 19.577272155097678, 12.053924913108883], [29.0, 29.0, 14.0]]
Velocity: [[0.0, 0.0, 0.0], [-0.8965251535899923, 5.396090427855569, 8.25430405624771], [2.058146053445824, 13.181181727242109, 2.799620856861173], [26.838379100144167, 9.422727844902322, 1.946075086891117]]
Attitude: [[0.0, 0.0, 0.0], [1.6614577493511176, 0.9944855483118206, 0.5852456997051783], [1.4192319863244542, 0.2577501907699893, 1.363945378477275], [0.3442280934395665, 1.233968131528867, 1.5024860739076924]]
Save Location: maps/map43/test.txt
