Path: 687
Path Score: 4.143651587041653
Waypoints: [[1.0, 1.0, 1.0], [7.279071891786115, 11.99037003440958, 7.619831722996372], [22.592720703848663, 25.526803242435573, 12.228206346267022], [29.0, 29.0, 14.0]]
Velocity: [[0.0, 0.0, 0.0], [6.279071891786115, 10.99037003440958, 6.619831722996372], [15.313648812062548, 13.536433208025993, 4.608374623270651], [6.407279296151337, 3.473196757564427, 1.7717936537329777]]
Attitude: [[0.0, 0.0, 0.0], [1.115662030937802, 0.6928797362779866, 1.088924427386206], [0.7511606292012416, 0.8683675196965949, 1.3490323576057128], [0.5466676487799201, 1.0893405550292934, 1.3323147563268598]]
Save Location: maps/map1982/test.txt
