Path: 56
Path Score: 4.11896528714387
Waypoints: [[1.0, 1.0, 1.0], [8.883832853990807, 7.619820070167713, 5.821889119101872], [12.613060744395664, 17.548051480031873, 8.080005726347148], [29.0, 29.0, 14.0]]
Velocity: [[0.0, 0.0, 0.0], [7.883832853990807, 6.619820070167713, 4.821889119101872], [3.7292278904048572, 9.92823140986416, 2.2581166072452756], [16.386939255604336, 11.451948519968127, 5.919994273652852]]
Attitude: [[0.0, 0.0, 0.0], [0.8044304960935175, 0.9492050844908356, 1.1327513067607105], [1.2197061472573285, 0.41376334808243187, 1.361009958414909], [0.6665783723714116, 0.989326980912511, 1.28290425102486]]
Save Location: maps/map2141/test.txt
