Path: 1581
Path Score: 4.170483079159218
Waypoints: [[1.0, 1.0, 1.0], [5.1328300726842055, 6.167067988359742, 4.338023583503114], [25.79209058027837, 11.910847199982666, 9.017382596249654], [29.0, 29.0, 14.0]]
Velocity: [[0.0, 0.0, 0.0], [4.1328300726842055, 5.167067988359742, 3.338023583503114], [20.659260507594162, 5.743779211622924, 4.67935901274654], [3.2079094197216307, 17.089152800017334, 4.982617403750346]]
Attitude: [[0.0, 0.0, 0.0], [0.9792202736645594, 0.799275207152919, 1.1035589735254734], [0.34432389947996833, 1.3060074778444772, 1.3559400672616138], [1.3924977157249556, 0.3337927357398629, 1.2917140564701521]]
Save Location: maps/map1800/test.txt
