Path: 396
Path Score: 4.1792690794301235
Waypoints: [[1.0, 1.0, 1.0], [8.23561037690084, 4.511685430060676, 8.33124458240136], [22.909069045040045, 10.835196024953614, 13.228528156939884], [29.0, 29.0, 14.0]]
Velocity: [[0.0, 0.0, 0.0], [7.235610376900841, 3.511685430060676, 7.331244582401361], [14.673458668139205, 6.323510594892938, 4.897283574538523], [6.090930954959955, 18.164803975046386, 0.771471843060116]]
Attitude: [[0.0, 0.0, 0.0], [0.8434728410597166, 1.2422312953632766, 0.8316455994328315], [0.4990541638156176, 1.1827416269686757, 1.2733858082127987], [1.2475348540835867, 0.325939212643112, 1.5305508334281337]]
Save Location: maps/map1732/test.txt
