Path: 1503
Path Score: 4.393116407261749
Waypoints: [[1.0, 1.0, 1.0], [1.5831056317866898, 11.289807463775418, 6.886569014408189], [7.2422472543241465, 15.760615466297706, 13.658007264698963], [29.0, 29.0, 14.0]]
Velocity: [[0.0, 0.0, 0.0], [0.5831056317866898, 10.289807463775418, 5.886569014408189], [5.659141622537456, 4.470808002522288, 6.771438250290774], [21.75775274567585, 13.239384533702294, 0.34199273530103724]]
Attitude: [[0.0, 0.0, 0.0], [1.5216478577442305, 0.5217422173051365, 1.0518517055369716], [0.961793629366704, 1.1018708663913428, 0.8168988168499566], [0.5467872106274848, 1.0242120818809008, 1.5573694452781284]]
Save Location: maps/map384/test.txt
