Path: 488
Path Score: 4.244695421761745
Waypoints: [[1.0, 1.0, 1.0], [11.29885047226655, 13.922680563011099, 6.0742347128672325], [18.441097262136424, 17.537267266708554, 6.281086639361177], [29.0, 29.0, 14.0]]
Velocity: [[0.0, 0.0, 0.0], [10.29885047226655, 12.922680563011099, 5.0742347128672325], [7.1422467898698745, 3.614586703697455, 0.20685192649394413], [10.558902737863576, 11.462732733291446, 7.718913360638823]]
Attitude: [[0.0, 0.0, 0.0], [0.932550665210745, 0.7263919285052141, 1.2728643435485965], [0.4691630229010845, 1.1024611496833836, 1.5449611108975267], [0.9183550643402842, 0.8511782172620342, 1.1109269665548651]]
Save Location: maps/map1226/test.txt
