Path: 1476
Path Score: 4.26969501808837
Waypoints: [[1.0, 1.0, 1.0], [1.5831056317866898, 11.289807463775418, 6.886569014408189], [21.391366360934747, 19.016584990160858, 9.132275513596717], [29.0, 29.0, 14.0]]
Velocity: [[0.0, 0.0, 0.0], [0.5831056317866898, 10.289807463775418, 5.886569014408189], [19.808260729148056, 7.72677752638544, 2.245706499188528], [7.608633639065253, 9.983415009839142, 4.867724486403283]]
Attitude: [[0.0, 0.0, 0.0], [1.5216478577442305, 0.5217422173051365, 1.0518517055369716], [0.38585675335346575, 1.2010289520656685, 1.4655655430992742], [0.9701837951063373, 0.7354334851728955, 1.20085483013767]]
Save Location: maps/map1056/test.txt
