Path: 836
Path Score: 4.210833303907865
Waypoints: [[1.0, 1.0, 1.0], [4.844954787942095, 14.493280729732227, 5.905721797057641], [22.31107341157168, 20.857103800923483, 7.836819148340205], [29.0, 29.0, 14.0]]
Velocity: [[0.0, 0.0, 0.0], [3.844954787942095, 13.493280729732227, 4.905721797057641], [17.466118623629583, 6.363823071191256, 1.9310973512825642], [6.68892658842832, 8.142896199076517, 6.163180851659795]]
Attitude: [[0.0, 0.0, 0.0], [1.3091332202726853, 0.43273101466224884, 1.2344339666278068], [0.36380932861458115, 1.2233425023861324, 1.4672856277718298], [0.9909241630968201, 0.8405978425021317, 1.041586930795209]]
Save Location: maps/map1465/test.txt
