Path: 2466
Path Score: 4.240323810568944
Waypoints: [[1.0, 1.0, 1.0], [12.386106231445222, 1.1077460717588705, 7.4490524792482224], [26.70124871286478, 19.147010920760337, 12.70089468843873], [29.0, 29.0, 14.0]]
Velocity: [[0.0, 0.0, 0.0], [11.386106231445222, 0.10774607175887052, 6.4490524792482224], [14.315142481419556, 18.039264849001466, 5.2518422091905075], [2.2987512871352216, 9.852989079239663, 1.29910531156127]]
Attitude: [[0.0, 0.0, 0.0], [0.5154044449224107, 1.562562589250552, 1.0554709245652716], [0.919709030066813, 0.7017439073183912, 1.3465782261328956], [1.3434906352786418, 0.26183169500923487, 1.4430944105763563]]
Save Location: maps/map1265/test.txt
