Path: 578
Path Score: 4.37884630916113
Waypoints: [[1.0, 1.0, 1.0], [8.077819295469498, 4.630177089274074, 13.001091877302175], [21.391366360934747, 19.016584990160858, 9.132275513596717], [29.0, 29.0, 14.0]]
Velocity: [[0.0, 0.0, 0.0], [7.077819295469498, 3.630177089274074, 12.001091877302175], [13.313547065465249, 14.386407900886784, -3.8688163637054576], [7.608633639065253, 9.983415009839142, 4.867724486403283]]
Attitude: [[0.0, 0.0, 0.0], [1.0568857360289043, 1.315913356872022, 0.5853298029477871], [0.8414869056485572, 0.7669183340888821, 1.7656650053543472], [0.9701837951063373, 0.7354334851728955, 1.20085483013767]]
Save Location: maps/map436/test.txt
