Path: 155
Path Score: 4.38698961913225
Waypoints: [[1.0, 1.0, 1.0], [0.8689948832512862, 4.64282219210965, 7.776103442790986], [16.060622627406442, 22.284008548073043, 8.655570821620126], [29.0, 29.0, 14.0]]
Velocity: [[0.0, 0.0, 0.0], [-0.13100511674871385, 3.6428221921096497, 6.776103442790986], [15.191627744155156, 17.64118635596339, 0.8794673788291396], [12.939377372593558, 6.715991451926957, 5.344429178379874]]
Attitude: [[0.0, 0.0, 0.0], [1.5878233126910848, 1.077602275761293, 0.4935415452562085], [0.8604808583464842, 0.7117564031186983, 1.5330378184184463], [0.5856835745155158, 1.123499545747589, 1.2194127759243851]]
Save Location: maps/map408/test.txt
