Path: 1841
Path Score: 4.21425501659068
Waypoints: [[1.0, 1.0, 1.0], [5.142904841761517, 4.732071187514425, 9.090826078056057], [14.43692874246404, 21.36894668574859, 11.322509376936443], [29.0, 29.0, 14.0]]
Velocity: [[0.0, 0.0, 0.0], [4.142904841761517, 3.732071187514425, 8.090826078056057], [9.294023900702523, 16.636875498234165, 2.2316832988803856], [14.56307125753596, 7.63105331425141, 2.677490623063557]]
Attitude: [[0.0, 0.0, 0.0], [1.1355654236864037, 1.1812058528805445, 0.6034260736599171], [1.065131559107605, 0.52147291623607, 1.4542208310625133], [0.5069175043207065, 1.0949344880442036, 1.4093618733327953]]
Save Location: maps/map1443/test.txt
