Path: 2104
Path Score: 4.5612052223942925
Waypoints: [[1.0, 1.0, 1.0], [2.1051801977178286, 12.705542697858661, 1.33533427386211], [6.182946964185052, 24.399637540719603, 12.353833088001682], [29.0, 29.0, 14.0]]
Velocity: [[0.0, 0.0, 0.0], [1.1051801977178286, 11.705542697858661, 0.3353342738621099], [4.0777667664672235, 11.694094842860942, 11.018498814139573], [22.817053035814947, 4.600362459280397, 1.6461669119983178]]
Attitude: [[0.0, 0.0, 0.0], [1.4766986395106851, 0.09834724994807642, 1.5422834159518], [1.3222515482063335, 0.7877338756925593, 0.8437074445389775], [0.2109530550983087, 1.3723463749952485, 1.5001906908246303]]
Save Location: maps/map44/test.txt
