Path: 2203
Path Score: 4.127188274016097
Waypoints: [[1.0, 1.0, 1.0], [5.839689469355285, 6.231079992564079, 1.4400139470819306], [12.613060744395664, 17.548051480031873, 8.080005726347148], [29.0, 29.0, 14.0]]
Velocity: [[0.0, 0.0, 0.0], [4.839689469355285, 5.231079992564079, 0.44001394708193065], [6.773371275040379, 11.316971487467793, 6.639991779265217], [16.386939255604336, 11.451948519968127, 5.919994273652852]]
Attitude: [[0.0, 0.0, 0.0], [0.8259996858182699, 0.748605830934555, 1.5091311358387776], [1.094257338147915, 0.6975653101761967, 1.1043962448447726], [0.6665783723714116, 0.989326980912511, 1.28290425102486]]
Save Location: maps/map2092/test.txt
