Path: 321
Path Score: 4.10810655829877
Waypoints: [[1.0, 1.0, 1.0], [11.62421921707525, 9.637940007438962, 4.108292062461251], [24.80078989068509, 16.52228778449424, 8.560347909072977], [29.0, 29.0, 14.0]]
Velocity: [[0.0, 0.0, 0.0], [10.62421921707525, 8.637940007438962, 3.108292062461251], [13.176570673609838, 6.884347777055277, 4.452055846611726], [4.199210109314912, 12.477712215505761, 5.439652090927023]]
Attitude: [[0.0, 0.0, 0.0], [0.7126112608988734, 0.9081638967287853, 1.3475745118170808], [0.5565841719051893, 1.1111738316250086, 1.279828898775581], [1.2715632840353657, 0.5034073100322944, 1.1789804677621314]]
Save Location: maps/map2207/test.txt
