Path: 1738
Path Score: 4.174939286749014
Waypoints: [[1.0, 1.0, 1.0], [10.805725952785512, 11.283487147150078, 0.7484718343695662], [24.763677749990574, 23.196099440540394, 5.0803972974418175], [29.0, 29.0, 14.0]]
Velocity: [[0.0, 0.0, 0.0], [9.805725952785512, 10.283487147150078, -0.2515281656304338], [13.957951797205062, 11.912612293390316, 4.331925463072251], [4.236322250009426, 5.803900559459606, 8.919602702558183]]
Attitude: [[0.0, 0.0, 0.0], [0.8093250089126587, 0.7617849255869302, 1.5884962164824006], [0.7372951939853419, 0.8869092634161152, 1.3389725594612287], [1.1919383611801295, 1.03942056702344, 0.6781386041617308]]
Save Location: maps/map1764/test.txt
