Path: 143
Path Score: 4.1404879315216245
Waypoints: [[1.0, 1.0, 1.0], [1.4054990619177365, 2.018923329900705, 5.290815032320245], [13.095324436113561, 15.033365545267669, 6.706312039110363], [29.0, 29.0, 14.0]]
Velocity: [[0.0, 0.0, 0.0], [0.40549906191773655, 1.018923329900705, 4.290815032320245], [11.689825374195824, 13.014442215366964, 1.415497006790118], [15.904675563886439, 13.966634454732331, 7.293687960889637]]
Attitude: [[0.0, 0.0, 0.0], [1.479107067399564, 1.338645930601151, 0.2502235615876531], [0.8418880455308142, 0.7354499841472718, 1.490057313013021], [0.7807156099511975, 0.8971446612687055, 1.2389541045829986]]
Save Location: maps/map1997/test.txt
