Path: 512
Path Score: 4.492609079387438
Waypoints: [[1.0, 1.0, 1.0], [11.29885047226655, 13.922680563011099, 6.0742347128672325], [17.142077840697404, 12.866671640253438, 8.671369517017055], [29.0, 29.0, 14.0]]
Velocity: [[0.0, 0.0, 0.0], [10.29885047226655, 12.922680563011099, 5.0742347128672325], [5.843227368430854, -1.0560089227576608, 2.597134804149823], [11.857922159302596, 16.133328359746564, 5.328630482982945]]
Attitude: [[0.0, 0.0, 0.0], [0.932550665210745, 0.7263919285052141, 1.2728643435485965], [0.4473623871721312, 1.7344648467203778, 1.1584833168548823], [0.9614723836846367, 0.6782653453057865, 1.3106912242211473]]
Save Location: maps/map126/test.txt
