Path: 1244
Path Score: 4.151140425830356
Waypoints: [[1.0, 1.0, 1.0], [10.98841998167141, 13.67984788740044, 4.669955467169109], [24.539485932888955, 19.73672816277327, 8.00225603479158], [29.0, 29.0, 14.0]]
Velocity: [[0.0, 0.0, 0.0], [9.98841998167141, 12.67984788740044, 3.6699554671691086], [13.551065951217545, 6.056880275372832, 3.3323005676224717], [4.4605140671110455, 9.263271837226728, 5.99774396520842]]
Attitude: [[0.0, 0.0, 0.0], [0.9230317793050691, 0.698207449561829, 1.3472349331065676], [0.4717320656863647, 1.1612966120002535, 1.349956054805094], [1.1866756395694507, 0.678936129498745, 1.0426972103159322]]
Save Location: maps/map1936/test.txt
