Path: 1979
Path Score: 4.1887586503406755
Waypoints: [[1.0, 1.0, 1.0], [7.908661902969909, 13.249370598681029, 5.122888052721978], [15.684579521262053, 24.294407344774495, 11.460625578176513], [29.0, 29.0, 14.0]]
Velocity: [[0.0, 0.0, 0.0], [6.908661902969909, 12.249370598681029, 4.122888052721978], [7.775917618292144, 11.045036746093466, 6.337737525454536], [13.315420478737947, 4.705592655225505, 2.539374421823487]]
Attitude: [[0.0, 0.0, 0.0], [1.0799032623057099, 0.5811391675180452, 1.2856207472042467], [1.0225952680950106, 0.7373488152854093, 1.1320952252663057], [0.38185806857320004, 1.2366735425670707, 1.3928860386768187]]
Save Location: maps/map1658/test.txt
