Path: 658
Path Score: 4.189120779743158
Waypoints: [[1.0, 1.0, 1.0], [12.65259495451803, 15.504691539838976, 1.3902173466937446], [24.631670230844907, 23.32534168126198, 7.202000853365213], [29.0, 29.0, 14.0]]
Velocity: [[0.0, 0.0, 0.0], [11.65259495451803, 14.504691539838976, 0.39021734669374464], [11.979075276326878, 7.820650141423002, 5.8117835066714685], [4.368329769155093, 5.674658318738022, 6.797999146634787]]
Attitude: [[0.0, 0.0, 0.0], [0.8941821376993422, 0.6770644370273821, 1.5498263094141658], [0.6828536664351694, 1.0397080540346508, 1.184914695942357], [1.112517585562311, 0.9585535715963122, 0.8114172061667323]]
Save Location: maps/map1655/test.txt
