Path: 2402
Path Score: 4.07953288287829
Waypoints: [[1.0, 1.0, 1.0], [12.422424952449036, 7.364456284222653, 4.120550879483655], [27.54896392543646, 23.68501668390871, 10.359708634880405], [29.0, 29.0, 14.0]]
Velocity: [[0.0, 0.0, 0.0], [11.422424952449036, 6.364456284222653, 3.1205508794836554], [15.126538972987424, 16.32056039968606, 6.23915775539675], [1.4510360745635396, 5.31498331609129, 3.6402913651195945]]
Attitude: [[0.0, 0.0, 0.0], [0.5554007765856399, 1.0776065097557235, 1.3365284239372268], [0.857238049110474, 0.7866887275854393, 1.2974349775613663], [1.3492511805320635, 0.6353347243649624, 0.9869147846242055]]
Save Location: maps/map2329/test.txt
