Path: 1141
Path Score: 4.046125789749089
Waypoints: [[1.0, 1.0, 1.0], [7.244355243304841, 4.686769508950413, 5.732290508395203], [19.70415101856637, 13.671074305937509, 12.81372080915123], [29.0, 29.0, 14.0]]
Velocity: [[0.0, 0.0, 0.0], [6.244355243304841, 3.6867695089504133, 4.732290508395203], [12.45979577526153, 8.984304796987097, 7.081430300756026], [9.295848981433629, 15.328925694062491, 1.1862791908487704]]
Attitude: [[0.0, 0.0, 0.0], [0.7653529368027897, 1.1309818444795048, 0.9925991767107255], [0.7427368532585921, 1.0108389190551919, 1.138835205303422], [1.0269884977688475, 0.548718444626354, 1.5047210663746937]]
Save Location: maps/map2435/test.txt
