Path: 756
Path Score: 4.193955597219269
Waypoints: [[1.0, 1.0, 1.0], [12.697608925444278, 6.8811022717284045, 6.207161753256], [26.38955246870181, 17.442107880007757, 6.309566030629197], [29.0, 29.0, 14.0]]
Velocity: [[0.0, 0.0, 0.0], [11.697608925444278, 5.8811022717284045, 5.207161753256], [13.691943543257533, 10.561005608279352, 0.10240427737319724], [2.6104475312981883, 11.557892119992243, 7.690433969370803]]
Attitude: [[0.0, 0.0, 0.0], [0.5913478455125089, 1.1402281118229445, 1.1922640516212777], [0.6570358150184764, 0.9137967710872021, 1.5648742449290465], [1.384929812396437, 0.6125168476528547, 0.995099526744653]]
Save Location: maps/map1618/test.txt
