Path: 1212
Path Score: 4.162024451606541
Waypoints: [[1.0, 1.0, 1.0], [10.98841998167141, 13.67984788740044, 4.669955467169109], [22.48463544099993, 22.910796544751268, 5.995441400636155], [29.0, 29.0, 14.0]]
Velocity: [[0.0, 0.0, 0.0], [9.98841998167141, 12.67984788740044, 3.6699554671691086], [11.496215459328521, 9.230948657350828, 1.3254859334670464], [6.515364559000069, 6.089203455248732, 8.004558599363845]]
Attitude: [[0.0, 0.0, 0.0], [0.9230317793050691, 0.698207449561829, 1.3472349331065676], [0.6815276151040296, 0.8974771187079986, 1.4811348346628246], [0.9959567092637175, 1.0377754035517597, 0.8393162236524304]]
Save Location: maps/map1872/test.txt
