Path: 891
Path Score: 4.26555911318291
Waypoints: [[1.0, 1.0, 1.0], [13.622214221490246, 10.560085107867, 6.307093757900562], [18.295648198935922, 21.67677091998945, 14.790388562251113], [29.0, 29.0, 14.0]]
Velocity: [[0.0, 0.0, 0.0], [12.622214221490246, 9.560085107867, 5.307093757900562], [4.673433977445676, 11.116685812122451, 8.483294804350551], [10.704351801064078, 7.323229080010549, -0.7903885622511133]]
Attitude: [[0.0, 0.0, 0.0], [0.7138698155414545, 0.9612815674177257, 1.2473929819737224], [1.2482631415073684, 0.7167023138502802, 0.9577405447264158], [0.6027006201753293, 0.9720633967168617, 1.6316622645059446]]
Save Location: maps/map1088/test.txt
