Path: 164
Path Score: 4.434278231572453
Waypoints: [[1.0, 1.0, 1.0], [0.8689948832512862, 4.64282219210965, 7.776103442790986], [9.057942771808293, 22.483164120725405, 13.633419250864584], [29.0, 29.0, 14.0]]
Velocity: [[0.0, 0.0, 0.0], [-0.13100511674871385, 3.6428221921096497, 6.776103442790986], [8.188947888557006, 17.840341928615757, 5.857315808073598], [19.942057228191707, 6.516835879274595, 0.36658074913541583]]
Attitude: [[0.0, 0.0, 0.0], [1.5878233126910848, 1.077602275761293, 0.4935415452562085], [1.1595535385858193, 0.5137903670942083, 1.2808209048130086], [0.3163154151017467, 1.2549974740262801, 1.5533251264663486]]
Save Location: maps/map249/test.txt
