Path: 2145
Path Score: 4.222823501216056
Waypoints: [[1.0, 1.0, 1.0], [7.976694836660609, 10.929766397758005, 9.409001445334173], [12.699318080032214, 19.485873547121262, 13.643108962855027], [29.0, 29.0, 14.0]]
Velocity: [[0.0, 0.0, 0.0], [6.976694836660609, 9.929766397758005, 8.409001445334173], [4.722623243371604, 8.556107149363257, 4.2341075175208545], [16.300681919967786, 9.514126452878738, 0.3568910371449725]]
Attitude: [[0.0, 0.0, 0.0], [1.0786293818483852, 0.8331465441750755, 0.9648405508336908], [1.111398012923094, 0.6379200820521898, 1.161959860047995], [0.5286275051045267, 1.042579273198718, 1.5518895222311728]]
Save Location: maps/map1391/test.txt
