Path: 1183
Path Score: 4.251887563831448
Waypoints: [[1.0, 1.0, 1.0], [10.98841998167141, 13.67984788740044, 4.669955467169109], [15.326606466973086, 21.339557800606936, 5.709370475713641], [29.0, 29.0, 14.0]]
Velocity: [[0.0, 0.0, 0.0], [9.98841998167141, 12.67984788740044, 3.6699554671691086], [4.3381864853016765, 7.6597099132064965, 1.0394150085445322], [13.673393533026914, 7.660442199393064, 8.29062952428636]]
Attitude: [[0.0, 0.0, 0.0], [0.9230317793050691, 0.698207449561829, 1.3472349331065676], [1.059379223723464, 0.5273733151382284, 1.4532640706767133], [0.690120256163992, 1.1240390241586073, 1.0842390444713212]]
Save Location: maps/map1181/test.txt
