Path: 60
Path Score: 4.057626090737969
Waypoints: [[1.0, 1.0, 1.0], [8.883832853990807, 7.619820070167713, 5.821889119101872], [20.24894541404868, 13.704934531749169, 10.28792228211892], [29.0, 29.0, 14.0]]
Velocity: [[0.0, 0.0, 0.0], [7.883832853990807, 6.619820070167713, 4.821889119101872], [11.365112560057874, 6.085114461581456, 4.466033163017048], [8.75105458595132, 15.295065468250831, 3.7120777178810798]]
Attitude: [[0.0, 0.0, 0.0], [0.8044304960935175, 0.9492050844908356, 1.1327513067607105], [0.5862568972340507, 1.1084887957819598, 1.2373066846076926], [1.0633520659267364, 0.5560751825583984, 1.3631766434720947]]
Save Location: maps/map2404/test.txt
