Path: 2078
Path Score: 4.272023077865797
Waypoints: [[1.0, 1.0, 1.0], [2.1051801977178286, 12.705542697858661, 1.33533427386211], [16.562231948918217, 23.36225528971405, 10.468909590942717], [29.0, 29.0, 14.0]]
Velocity: [[0.0, 0.0, 0.0], [1.1051801977178286, 11.705542697858661, 0.3353342738621099], [14.457051751200389, 10.656712591855388, 9.133575317080608], [12.437768051081783, 5.637744710285951, 3.531090409057283]]
Attitude: [[0.0, 0.0, 0.0], [1.4766986395106851, 0.09834724994807642, 1.5422834159518], [0.7705945233101155, 1.0135069849102047, 1.1003378016586487], [0.4911333101171544, 1.159608420333512, 1.31776151037235]]
Save Location: maps/map1044/test.txt
