Path: 1317
Path Score: 4.442178752569423
Waypoints: [[1.0, 1.0, 1.0], [3.4670120800623283, 8.98615020457587, 12.766320645476934], [24.417165918970664, 21.028566972505814, 13.862338142170172], [29.0, 29.0, 14.0]]
Velocity: [[0.0, 0.0, 0.0], [2.4670120800623283, 7.986150204575869, 11.766320645476934], [20.950153838908335, 12.042416767929945, 1.0960174966932374], [4.582834081029336, 7.971433027494186, 0.1376618578298281]]
Attitude: [[0.0, 0.0, 0.0], [1.399024108228292, 0.9844440153430374, 0.6176559127637982], [0.5234775120179216, 1.0496929774764134, 1.525471096976297], [1.0490962265383572, 0.5219593966089846, 1.5558258939074248]]
Save Location: maps/map224/test.txt
