Path: 2096
Path Score: 4.368492861866768
Waypoints: [[1.0, 1.0, 1.0], [2.1051801977178286, 12.705542697858661, 1.33533427386211], [20.852071857601725, 15.195208825034904, 7.612944235060696], [29.0, 29.0, 14.0]]
Velocity: [[0.0, 0.0, 0.0], [1.1051801977178286, 11.705542697858661, 0.3353342738621099], [18.746891659883897, 2.4896661271762426, 6.277609961198586], [8.147928142398275, 13.804791174965096, 6.387055764939304]]
Attitude: [[0.0, 0.0, 0.0], [1.4766986395106851, 0.09834724994807642, 1.5422834159518], [0.3457634126134746, 1.4455244772464686, 1.2502940765332944], [1.0790221355094318, 0.643470475899189, 1.1916321938329075]]
Save Location: maps/map474/test.txt
