Path: 1472
Path Score: 4.281676224667613
Waypoints: [[1.0, 1.0, 1.0], [1.5831056317866898, 11.289807463775418, 6.886569014408189], [19.778926106740936, 25.028774492325528, 13.753258473645548], [29.0, 29.0, 14.0]]
Velocity: [[0.0, 0.0, 0.0], [0.5831056317866898, 10.289807463775418, 5.886569014408189], [18.195820474954246, 13.73896702855011, 6.866689459237359], [9.221073893259064, 3.971225507674472, 0.24674152635445168]]
Attitude: [[0.0, 0.0, 0.0], [1.5216478577442305, 0.5217422173051365, 1.0518517055369716], [0.7010681514967713, 0.9557661942719913, 1.278267827602195], [0.40736238913210576, 1.1642642704118822, 1.54622508670751]]
Save Location: maps/map982/test.txt
