# waypoints
G: (11.0,-17.0,15)
G: (13.957286947915527,-15.017274149094803,15)
G: (17.40348550364363,-14.92112364423388,15)
G: (20.411679325325654,-13.071433143062249,15)
G: (23.86303675305727,-13.213884125328322,15)
G: (26.818696425822356,-14.269285302630431,15)
G: (29.0,-17.0,15)


# wall segments
W: (30.0,-18.8,26.2,-17.0,3)
W: (26.2,-17.0,22.0,-14.8,3)
W: (22.0,-14.8,10.0,-18.8,3)
W: (10.0,-15.2,17.0,-12.2,3)
W: (17.0,-12.2,26.8,-12.0,3)
W: (26.8,-12.0,30.0,-15.2,3)


# environment settings
R: (0)
D: (1)
