Path: 1457
Path Score: 4.372005479467915
Waypoints: [[1.0, 1.0, 1.0], [1.5831056317866898, 11.289807463775418, 6.886569014408189], [5.071981601234553, 16.0705067071635, 8.253409506893876], [29.0, 29.0, 14.0]]
Velocity: [[0.0, 0.0, 0.0], [0.5831056317866898, 10.289807463775418, 5.886569014408189], [3.488875969447863, 4.7806992433880815, 1.3668404924856867], [23.928018398765445, 12.9294932928365, 5.746590493106124]]
Attitude: [[0.0, 0.0, 0.0], [1.5216478577442305, 0.5217422173051365, 1.0518517055369716], [0.9589514462076392, 0.664778654867176, 1.3438277314444402], [0.5340100961639119, 1.0870281697948079, 1.362570299726199]]
Save Location: maps/map454/test.txt
