# Note +ve X is north
# Note +ve Y is West
# x, y, height
# waypoints
G: (4.0,-2.0,10)
G: (17.02514874651453,0.2982669027351932,10)
G: (30.4333379987149,6.684079902570488,10)
G: (44.7121294193677,5.5567875437257115,10)
G: (57.07091697769079,6.536619739406305,10)
G: (69.19919622890777,3.4074633911354866,10)
G: (83.6832564279249,-0.5783498278518238,10)
G: (96.0,-2.0,10)


# wall segments
# x1, y1, x2, y2, z
W: (96.0,-9.200000000000003,36.0,-1.2000000000000028,30)
W: (36.0,-1.2000000000000028,0.0,-9.200000000000003,30)
W: (0.0,5.200000000000003,48.0,13.200000000000003,30)
W: (48.0,13.200000000000003,96.0,5.200000000000003,30)


# environment settings
R: (0)
D: (1)
