Path: 1309
Path Score: 4.26076050745172
Waypoints: [[1.0, 1.0, 1.0], [11.681123338592288, 14.089788280863255, 4.111381059339743], [24.22349256074267, 28.430817726704724, 6.498472538272287], [29.0, 29.0, 14.0]]
Velocity: [[0.0, 0.0, 0.0], [10.681123338592288, 13.089788280863255, 3.1113810593397426], [12.542369222150382, 14.34102944584147, 2.387091478932544], [4.77650743925733, 0.5691822732952758, 7.501527461727713]]
Attitude: [[0.0, 0.0, 0.0], [0.8998039769895753, 0.7044384319041941, 1.3886732407031834], [0.858969659021541, 0.7274179415187058, 1.446151938937436], [1.005100316943389, 1.506881106585688, 0.5701943732992484]]
Save Location: maps/map1131/test.txt
