Path: 1543
Path Score: 4.163666163685839
Waypoints: [[1.0, 1.0, 1.0], [5.1328300726842055, 6.167067988359742, 4.338023583503114], [22.909069045040045, 10.835196024953614, 13.228528156939884], [29.0, 29.0, 14.0]]
Velocity: [[0.0, 0.0, 0.0], [4.1328300726842055, 5.167067988359742, 3.338023583503114], [17.77623897235584, 4.668128036593872, 8.89050457343677], [6.090930954959955, 18.164803975046386, 0.771471843060116]]
Attitude: [[0.0, 0.0, 0.0], [0.9792202736645594, 0.799275207152919, 1.1035589735254734], [0.514199685434533, 1.3401090963884286, 1.120246969521255], [1.2475348540835867, 0.325939212643112, 1.5305508334281337]]
Save Location: maps/map1859/test.txt
