Path: 1230
Path Score: 4.3425269498857535
Waypoints: [[1.0, 1.0, 1.0], [10.98841998167141, 13.67984788740044, 4.669955467169109], [14.31024281394206, 14.397341180730484, 10.344580509492056], [29.0, 29.0, 14.0]]
Velocity: [[0.0, 0.0, 0.0], [9.98841998167141, 12.67984788740044, 3.6699554671691086], [3.32182283227065, 0.717493293330044, 5.674625042322948], [14.68975718605794, 14.602658819269516, 3.655419490507944]]
Attitude: [[0.0, 0.0, 0.0], [0.9230317793050691, 0.698207449561829, 1.3472349331065676], [1.044645461026668, 1.4621085086196652, 0.5395964957141625], [0.7976180124622528, 0.8033878261380559, 1.3961151528842315]]
Save Location: maps/map616/test.txt
