Path: 1334
Path Score: 4.485379272500891
Waypoints: [[1.0, 1.0, 1.0], [3.4670120800623283, 8.98615020457587, 12.766320645476934], [8.698977053221993, 19.48629808039675, 13.371846165404145], [29.0, 29.0, 14.0]]
Velocity: [[0.0, 0.0, 0.0], [2.4670120800623283, 7.986150204575869, 11.766320645476934], [5.2319649731596645, 10.50014787582088, 0.6055255199272107], [20.301022946778005, 9.51370191960325, 0.6281538345958548]]
Attitude: [[0.0, 0.0, 0.0], [1.399024108228292, 0.9844440153430374, 0.6176559127637982], [1.1091916942514937, 0.46492790976000437, 1.519226451037708], [0.4390758398022054, 1.132740622989748, 1.5427856888103315]]
Save Location: maps/map140/test.txt
