Path: 1719
Path Score: 4.197495327884956
Waypoints: [[1.0, 1.0, 1.0], [10.805725952785512, 11.283487147150078, 0.7484718343695662], [19.150517884687012, 16.221567393022806, 9.065163787729501], [29.0, 29.0, 14.0]]
Velocity: [[0.0, 0.0, 0.0], [9.805725952785512, 10.283487147150078, -0.2515281656304338], [8.3447919319015, 4.938080245872728, 8.316691953359935], [9.849482115312988, 12.778432606977194, 4.934836212270499]]
Attitude: [[0.0, 0.0, 0.0], [0.8093250089126587, 0.7617849255869302, 1.5884962164824006], [0.8589420851892619, 1.173899819558955, 0.8618436801915591], [0.9474095871230266, 0.7114898316461911, 1.2739640805957166]]
Save Location: maps/map1582/test.txt
