Path: 1169
Path Score: 4.004137482730257
Waypoints: [[1.0, 1.0, 1.0], [7.244355243304841, 4.686769508950413, 5.732290508395203], [20.610598369444524, 19.278006681353382, 8.827928443474919], [29.0, 29.0, 14.0]]
Velocity: [[0.0, 0.0, 0.0], [6.244355243304841, 3.6867695089504133, 4.732290508395203], [13.366243126139683, 14.59123717240297, 3.095637935079716], [8.389401630555476, 9.721993318646618, 5.172071556525081]]
Attitude: [[0.0, 0.0, 0.0], [0.7653529368027897, 1.1309818444795048, 0.9925991767107255], [0.8401396615604994, 0.7546356904549241, 1.4156131239465468], [0.919766086046802, 0.7922213235648208, 1.1879058042443305]]
Save Location: maps/map2494/test.txt
