Path: 136
Path Score: 4.148249353291623
Waypoints: [[1.0, 1.0, 1.0], [1.4054990619177365, 2.018923329900705, 5.290815032320245], [13.622214221490246, 10.560085107867, 6.307093757900562], [29.0, 29.0, 14.0]]
Velocity: [[0.0, 0.0, 0.0], [0.40549906191773655, 1.018923329900705, 4.290815032320245], [12.216715159572509, 8.541161777966295, 1.0162787255803165], [15.377785778509754, 18.439914892133, 7.692906242099438]]
Attitude: [[0.0, 0.0, 0.0], [1.479107067399564, 1.338645930601151, 0.2502235615876531], [0.6134516377056757, 0.962267860330641, 1.5027241430717475], [0.914838330820967, 0.7504678954034324, 1.2607334357451414]]
Save Location: maps/map1953/test.txt
