Path: 1683
Path Score: 4.442419215331359
Waypoints: [[1.0, 1.0, 1.0], [1.4862613186235762, 5.302297197202417, 9.54279168299124], [10.30043474338533, 16.763297732058618, 6.875926560339274], [29.0, 29.0, 14.0]]
Velocity: [[0.0, 0.0, 0.0], [0.48626131862357624, 4.302297197202417, 8.54279168299124], [8.814173424761753, 11.4610005348562, -2.6668651226519655], [18.69956525661467, 12.236702267941382, 7.124073439660726]]
Attitude: [[0.0, 0.0, 0.0], [1.520002440634727, 1.1049085373684124, 0.46909167611999897], [0.9279055862593526, 0.6768649042340513, 1.753197615518081], [0.6480970733888322, 1.0219569516917306, 1.2621948308972217]]
Save Location: maps/map223/test.txt
