Path: 2051
Path Score: 4.3078183606052445
Waypoints: [[1.0, 1.0, 1.0], [1.6574939373145603, 7.640942564656317, 6.853106441814953], [7.2422472543241465, 15.760615466297706, 13.658007264698963], [29.0, 29.0, 14.0]]
Velocity: [[0.0, 0.0, 0.0], [0.6574939373145603, 6.640942564656317, 5.853106441814953], [5.584753317009586, 8.119672901641389, 6.80490082288401], [21.75775274567585, 13.239384533702294, 0.34199273530103724]]
Attitude: [[0.0, 0.0, 0.0], [1.4966576018134188, 0.7255359120981532, 0.8507902510389312], [1.085661424992808, 0.82576634862058, 0.9664671553599049], [0.5467872106274848, 1.0242120818809008, 1.5573694452781284]]
Save Location: maps/map812/test.txt
