Path: 972
Path Score: 4.176761900300302
Waypoints: [[1.0, 1.0, 1.0], [7.03200889148945, 11.212381035806049, 2.4091861245466912], [25.89146789512382, 17.947079052650324, 10.291630941969098], [29.0, 29.0, 14.0]]
Velocity: [[0.0, 0.0, 0.0], [6.03200889148945, 10.212381035806049, 1.4091861245466912], [18.85945900363437, 6.734698016844275, 7.882444817422407], [3.108532104876179, 11.052920947349676, 3.708369058030902]]
Attitude: [[0.0, 0.0, 0.0], [1.0413956223611207, 0.5452295055399751, 1.4525400011168248], [0.5026393268326415, 1.2525187663479227, 1.1958079427654271], [1.3102246373088302, 0.4126571490004325, 1.2583924394013435]]
Save Location: maps/map1753/test.txt
