Path: 2244
Path Score: 4.280103782695876
Waypoints: [[1.0, 1.0, 1.0], [5.7591996310330025, 10.496060591014656, 1.1961851557501069], [16.883025564776037, 28.590923589761672, 8.346739006746619], [29.0, 29.0, 14.0]]
Velocity: [[0.0, 0.0, 0.0], [4.7591996310330025, 9.496060591014656, 0.19618515575010687], [11.123825933743035, 18.09486299874702, 7.150553850996512], [12.116974435223963, 0.4090764102383275, 5.653260993253381]]
Attitude: [[0.0, 0.0, 0.0], [1.1062936554501903, 0.46492826404694765, 1.5523285842779897], [1.0514239996341597, 0.6311035281649754, 1.246067890750323], [0.43753856464082885, 1.5402112905645133, 1.134477297818289]]
Save Location: maps/map991/test.txt
