Path: 1883
Path Score: 4.186663778841912
Waypoints: [[1.0, 1.0, 1.0], [8.469661386104097, 5.59096684474812, 2.5279558793890997], [10.81745541664519, 17.765990078921153, 6.9670533080542265], [29.0, 29.0, 14.0]]
Velocity: [[0.0, 0.0, 0.0], [7.469661386104097, 4.59096684474812, 1.5279558793890997], [2.3477940305410936, 12.175023234173032, 4.439097428665127], [18.18254458335481, 11.234009921078847, 7.0329466919457735]]
Attitude: [[0.0, 0.0, 0.0], [0.5747996990566772, 1.0288000156137393, 1.3982583619310816], [1.391570014155674, 0.39120244794327064, 1.2270025387679886], [0.6298821484480811, 1.0480294904711909, 1.2528998172006138]]
Save Location: maps/map1672/test.txt
