Path: 1940
Path Score: 4.256203608071432
Waypoints: [[1.0, 1.0, 1.0], [7.908661902969909, 13.249370598681029, 5.122888052721978], [16.0492409098564, 24.532128528212887, 5.259776536804952], [29.0, 29.0, 14.0]]
Velocity: [[0.0, 0.0, 0.0], [6.908661902969909, 12.249370598681029, 4.122888052721978], [8.140579006886492, 11.282757929531858, 0.1368884840829745], [12.950759090143599, 4.467871471787113, 8.740223463195047]]
Attitude: [[0.0, 0.0, 0.0], [1.0799032623057099, 0.5811391675180452, 1.2856207472042467], [0.9458169826986774, 0.6250813409058561, 1.5609577050295933], [0.6485671725677874, 1.2922699173049879, 1.0029155967308279]]
Save Location: maps/map1157/test.txt
