Path: 109
Path Score: 4.3517155468497055
Waypoints: [[1.0, 1.0, 1.0], [6.844542921659472, 12.575654287568902, 0.7512941296865822], [9.662916602314, 22.21326367479614, 9.15459432162151], [29.0, 29.0, 14.0]]
Velocity: [[0.0, 0.0, 0.0], [5.844542921659472, 11.575654287568902, -0.24870587031341784], [2.8183736806545285, 9.637609387227236, 8.403300191934926], [19.337083397686, 6.7867363252038615, 4.845405678378491]]
Attitude: [[0.0, 0.0, 0.0], [1.103329579532339, 0.4679236243581791, 1.5899732357353402], [1.3538502541551738, 0.7435719648891115, 0.8739699255375993], [0.40714433808387096, 1.242659214067075, 1.3386234911715096]]
Save Location: maps/map575/test.txt
