Path: 761
Path Score: 4.1668655083157375
Waypoints: [[1.0, 1.0, 1.0], [12.697608925444278, 6.8811022717284045, 6.207161753256], [21.79639181727039, 14.477895924297679, 6.70148367285092], [29.0, 29.0, 14.0]]
Velocity: [[0.0, 0.0, 0.0], [11.697608925444278, 5.8811022717284045, 5.207161753256], [9.098782891826112, 7.596793652569274, 0.49432191959492044], [7.20360818272961, 14.522104075702321, 7.29851632714908]]
Attitude: [[0.0, 0.0, 0.0], [0.5913478455125089, 1.1402281118229445, 1.1922640516212777], [0.6967159098489816, 0.8758448163681251, 1.5291169249971588], [1.1535972127018381, 0.6148409412743631, 1.1477501781583583]]
Save Location: maps/map1824/test.txt
