Path: 382
Path Score: 4.457381361702674
Waypoints: [[1.0, 1.0, 1.0], [5.0694130019156045, 0.10947803648002186, 11.387112714668532], [24.882695815361128, 14.368288597070304, 12.113832918894575], [29.0, 29.0, 14.0]]
Velocity: [[0.0, 0.0, 0.0], [4.0694130019156045, -0.8905219635199781, 10.387112714668532], [19.813282813445525, 14.258810560590282, 0.7267202042260426], [4.117304184638872, 14.631711402929696, 1.886167081105425]]
Attitude: [[0.0, 0.0, 0.0], [1.1986423454069668, 1.65045321960768, 0.3814078923026202], [0.6244136454048905, 0.9473164450308436, 1.54103449699534], [1.2986348105444985, 0.30016579609209537, 1.4473372730099068]]
Save Location: maps/map200/test.txt
