Path: 2119
Path Score: 4.191668300527808
Waypoints: [[1.0, 1.0, 1.0], [7.976694836660609, 10.929766397758005, 9.409001445334173], [16.562231948918217, 23.36225528971405, 10.468909590942717], [29.0, 29.0, 14.0]]
Velocity: [[0.0, 0.0, 0.0], [6.976694836660609, 9.929766397758005, 8.409001445334173], [8.585537112257608, 12.432488891956044, 1.059908145608544], [12.437768051081783, 5.637744710285951, 3.531090409057283]]
Attitude: [[0.0, 0.0, 0.0], [1.0786293818483852, 0.8331465441750755, 0.9648405508336908], [0.9681174804940268, 0.6079118084717313, 1.5007597226516565], [0.4911333101171544, 1.159608420333512, 1.31776151037235]]
Save Location: maps/map1634/test.txt
