Path: 2133
Path Score: 4.344117410821466
Waypoints: [[1.0, 1.0, 1.0], [7.976694836660609, 10.929766397758005, 9.409001445334173], [10.752760318917543, 18.75992942067851, 14.80087523764835], [29.0, 29.0, 14.0]]
Velocity: [[0.0, 0.0, 0.0], [6.976694836660609, 9.929766397758005, 8.409001445334173], [2.776065482256934, 7.830163022920505, 5.391873792314177], [18.247239681082455, 10.24007057932149, -0.8008752376483503]]
Attitude: [[0.0, 0.0, 0.0], [1.0786293818483852, 0.8331465441750755, 0.9648405508336908], [1.2866940152860036, 0.6590051976396533, 0.9951098417029531], [0.5126920098124623, 1.0598172007710935, 1.6090527819834075]]
Save Location: maps/map608/test.txt
