Path: 171
Path Score: 4.429936941453397
Waypoints: [[1.0, 1.0, 1.0], [0.8689948832512862, 4.64282219210965, 7.776103442790986], [8.698977053221993, 19.48629808039675, 13.371846165404145], [29.0, 29.0, 14.0]]
Velocity: [[0.0, 0.0, 0.0], [-0.13100511674871385, 3.6428221921096497, 6.776103442790986], [7.829982169970707, 14.8434758882871, 5.595742722613159], [20.301022946778005, 9.51370191960325, 0.6281538345958548]]
Attitude: [[0.0, 0.0, 0.0], [1.5878233126910848, 1.077602275761293, 0.4935415452562085], [1.1122865444589012, 0.5752244080714157, 1.248953312965491], [0.4390758398022054, 1.132740622989748, 1.5427856888103315]]
Save Location: maps/map269/test.txt
