Path: 1425
Path Score: 4.264804618668287
Waypoints: [[1.0, 1.0, 1.0], [10.074445050749116, 1.0357225832720962, 9.412027835082272], [20.225861212634335, 15.04532595668622, 11.643310714362196], [29.0, 29.0, 14.0]]
Velocity: [[0.0, 0.0, 0.0], [9.074445050749116, 0.03572258327209621, 8.412027835082272], [10.15141616188522, 14.009603373414123, 2.2312828792799237], [8.774138787365665, 13.95467404331378, 2.3566892856378043]]
Attitude: [[0.0, 0.0, 0.0], [0.7475390695972799, 1.5679093516700198, 0.8232656157544957], [0.9496869899415994, 0.6382977175869666, 1.442534953482651], [1.0158144950798451, 0.5771097040965634, 1.4287893660504631]]
Save Location: maps/map1092/test.txt
