Path: 2189
Path Score: 4.149967474117744
Waypoints: [[1.0, 1.0, 1.0], [5.839689469355285, 6.231079992564079, 1.4400139470819306], [10.30043474338533, 16.763297732058618, 6.875926560339274], [29.0, 29.0, 14.0]]
Velocity: [[0.0, 0.0, 0.0], [4.839689469355285, 5.231079992564079, 0.44001394708193065], [4.460745274030044, 10.532217739494538, 5.435912613257344], [18.69956525661467, 12.236702267941382, 7.124073439660726]]
Attitude: [[0.0, 0.0, 0.0], [0.8259996858182699, 0.748605830934555, 1.5091311358387776], [1.2108325489949372, 0.5886862785618032, 1.1271408692740719], [0.6480970733888322, 1.0219569516917306, 1.2621948308972217]]
Save Location: maps/map1943/test.txt
