Path: 1479
Path Score: 4.327645304195881
Waypoints: [[1.0, 1.0, 1.0], [1.5831056317866898, 11.289807463775418, 6.886569014408189], [14.664796282188101, 21.28024012885323, 5.468764640312363], [29.0, 29.0, 14.0]]
Velocity: [[0.0, 0.0, 0.0], [0.5831056317866898, 10.289807463775418, 5.886569014408189], [13.081690650401411, 9.990432665077812, -1.4178043740958257], [14.335203717811899, 7.7197598711467705, 8.531235359687637]]
Attitude: [[0.0, 0.0, 0.0], [1.5216478577442305, 0.5217422173051365, 1.0518517055369716], [0.6570244194309919, 0.92140169092768, 1.6567193677972574], [0.6763273336917041, 1.1373758967665009, 1.0881508960767203]]
Save Location: maps/map694/test.txt
