Path: 434
Path Score: 4.189211031156814
Waypoints: [[1.0, 1.0, 1.0], [8.23561037690084, 4.511685430060676, 8.33124458240136], [27.392959345270903, 23.005156066345783, 14.43568391042985], [29.0, 29.0, 14.0]]
Velocity: [[0.0, 0.0, 0.0], [7.235610376900841, 3.511685430060676, 7.331244582401361], [19.157348968370062, 18.493470636285107, 6.104439328028489], [1.6070406547290972, 5.9948439336542165, -0.4356839104298498]]
Attitude: [[0.0, 0.0, 0.0], [0.8434728410597166, 1.2422312953632766, 0.8316455994328315], [0.7936184184479985, 0.8271602845830931, 1.345435609971699], [1.309541788024109, 0.27091869121991397, 1.6408792813009851]]
Save Location: maps/map1652/test.txt
