Path: 1406
Path Score: 4.226674769140384
Waypoints: [[1.0, 1.0, 1.0], [2.1166871798879825, 7.959406805005861, 2.641112218552253], [17.142077840697404, 12.866671640253438, 8.671369517017055], [29.0, 29.0, 14.0]]
Velocity: [[0.0, 0.0, 0.0], [1.1166871798879825, 6.959406805005861, 1.6411122185522529], [15.025390660809421, 4.907264835247577, 6.030257298464802], [11.857922159302596, 16.133328359746564, 5.328630482982945]]
Attitude: [[0.0, 0.0, 0.0], [1.4158739947349994, 0.27784815422419984, 1.3420381855188857], [0.47749767194019616, 1.276499074736454, 1.2063337374460685], [0.9614723836846367, 0.6782653453057865, 1.3106912242211473]]
Save Location: maps/map1361/test.txt
