Path: 1656
Path Score: 4.14078675199957
Waypoints: [[1.0, 1.0, 1.0], [10.36013664890983, 5.847929453477029, 2.4421408215587084], [18.095718329045553, 11.448179577573537, 4.254273268600727], [29.0, 29.0, 14.0]]
Velocity: [[0.0, 0.0, 0.0], [9.36013664890983, 4.847929453477029, 1.4421408215587084], [7.735581680135724, 5.600250124096508, 1.8121324470420186], [10.904281670954447, 17.551820422426463, 9.745726731399273]]
Attitude: [[0.0, 0.0, 0.0], [0.49541529610661705, 1.0976792558885609, 1.4348290922750935], [0.6504516855115562, 0.956804589169286, 1.383273188108202], [1.0732272559405516, 0.6946779801901964, 1.130088538280598]]
Save Location: maps/map1996/test.txt
