Path: 1407
Path Score: 4.3438221534984205
Waypoints: [[1.0, 1.0, 1.0], [10.074445050749116, 1.0357225832720962, 9.412027835082272], [15.44249175683154, 18.284183195920107, 9.161844399110448], [29.0, 29.0, 14.0]]
Velocity: [[0.0, 0.0, 0.0], [9.074445050749116, 0.03572258327209621, 8.412027835082272], [5.368046706082424, 17.24846061264801, -0.2501834359718238], [13.55750824316846, 10.715816804079893, 4.838155600889552]]
Attitude: [[0.0, 0.0, 0.0], [0.7475390695972799, 1.5679093516700198, 0.8232656157544957], [1.2691088618228095, 0.3020252667993927, 1.584644911841744], [0.714409075190648, 0.9308782745117469, 1.2978165450117953]]
Save Location: maps/map609/test.txt
