Path: 1345
Path Score: 4.184759243695301
Waypoints: [[1.0, 1.0, 1.0], [2.1166871798879825, 7.959406805005861, 2.641112218552253], [15.44249175683154, 18.284183195920107, 9.161844399110448], [29.0, 29.0, 14.0]]
Velocity: [[0.0, 0.0, 0.0], [1.1166871798879825, 6.959406805005861, 1.6411122185522529], [13.325804576943558, 10.324776390914247, 6.520732180558195], [13.55750824316846, 10.715816804079893, 4.838155600889552]]
Attitude: [[0.0, 0.0, 0.0], [1.4158739947349994, 0.27784815422419984, 1.3420381855188857], [0.7417918127936504, 0.9627984747187962, 1.2017094726590902], [0.714409075190648, 0.9308782745117469, 1.2978165450117953]]
Save Location: maps/map1688/test.txt
