Path: 1291
Path Score: 4.340600562995144
Waypoints: [[1.0, 1.0, 1.0], [11.681123338592288, 14.089788280863255, 4.111381059339743], [17.10037516700489, 29.239729622642756, 11.903971497075933], [29.0, 29.0, 14.0]]
Velocity: [[0.0, 0.0, 0.0], [10.681123338592288, 13.089788280863255, 3.1113810593397426], [5.4192518284126034, 15.1499413417795, 7.79259043773619], [11.899624832995109, -0.23972962264275566, 2.0960285029240673]]
Attitude: [[0.0, 0.0, 0.0], [0.8998039769895753, 0.7044384319041941, 1.3886732407031834], [1.262822400675741, 0.5596906140404024, 1.1197778702861765], [0.17546746908711836, 1.5906342688103356, 1.396477078710701]]
Save Location: maps/map629/test.txt
