Path: 993
Path Score: 4.212206218155618
Waypoints: [[1.0, 1.0, 1.0], [7.03200889148945, 11.212381035806049, 2.4091861245466912], [14.31024281394206, 14.397341180730484, 10.344580509492056], [29.0, 29.0, 14.0]]
Velocity: [[0.0, 0.0, 0.0], [6.03200889148945, 10.212381035806049, 1.4091861245466912], [7.27823392245261, 3.1849601449244354, 7.935394384945365], [14.68975718605794, 14.602658819269516, 3.655419490507944]]
Attitude: [[0.0, 0.0, 0.0], [1.0413956223611207, 0.5452295055399751, 1.4525400011168248], [0.865614229292617, 1.2832076791979086, 0.7859778265492596], [0.7976180124622528, 0.8033878261380559, 1.3961151528842315]]
Save Location: maps/map1456/test.txt
