Path: 1682
Path Score: 4.456966921587881
Waypoints: [[1.0, 1.0, 1.0], [1.4862613186235762, 5.302297197202417, 9.54279168299124], [12.16882105369413, 22.5703746743433, 7.023400396976081], [29.0, 29.0, 14.0]]
Velocity: [[0.0, 0.0, 0.0], [0.48626131862357624, 4.302297197202417, 8.54279168299124], [10.682559735070553, 17.26807747714088, -2.519391286015159], [16.83117894630587, 6.429625325656701, 6.976599603023919]]
Attitude: [[0.0, 0.0, 0.0], [1.520002440634727, 1.1049085373684124, 0.46909167611999897], [1.021491174657738, 0.5661870749578927, 1.69424123224871], [0.5132908177846113, 1.2315474594293268, 1.2013612558293933]]
Save Location: maps/map201/test.txt
