Path: 872
Path Score: 4.156329257521519
Waypoints: [[1.0, 1.0, 1.0], [13.622214221490246, 10.560085107867, 6.307093757900562], [18.987168424161545, 21.350324413129044, 10.434584031210562], [29.0, 29.0, 14.0]]
Velocity: [[0.0, 0.0, 0.0], [12.622214221490246, 9.560085107867, 5.307093757900562], [5.364954202671299, 10.790239305262045, 4.12749027331], [10.012831575838455, 7.649675586870956, 3.565415968789438]]
Attitude: [[0.0, 0.0, 0.0], [0.7138698155414545, 0.9612815674177257, 1.2473929819737224], [1.1360414239647623, 0.5602681340266108, 1.2408014788423987], [0.7003550436294252, 0.9469578898565721, 1.2950479413160163]]
Save Location: maps/map1910/test.txt
