Path: 51
Path Score: 4.105737547504945
Waypoints: [[1.0, 1.0, 1.0], [8.883832853990807, 7.619820070167713, 5.821889119101872], [24.882695815361128, 14.368288597070304, 12.113832918894575], [29.0, 29.0, 14.0]]
Velocity: [[0.0, 0.0, 0.0], [7.883832853990807, 6.619820070167713, 4.821889119101872], [15.998862961370321, 6.748468526902591, 6.291943799792703], [4.117304184638872, 14.631711402929696, 1.886167081105425]]
Attitude: [[0.0, 0.0, 0.0], [0.8044304960935175, 0.9492050844908356, 1.1327513067607105], [0.5231141519781205, 1.196734167610104, 1.223155293124973], [1.2986348105444985, 0.30016579609209537, 1.4473372730099068]]
Save Location: maps/map2220/test.txt
