Path: 2457
Path Score: 4.344790639186906
Waypoints: [[1.0, 1.0, 1.0], [12.386106231445222, 1.1077460717588705, 7.4490524792482224], [27.822656248019474, 8.966284290898267, 11.8871596385062], [29.0, 29.0, 14.0]]
Velocity: [[0.0, 0.0, 0.0], [11.386106231445222, 0.10774607175887052, 6.4490524792482224], [15.436550016574252, 7.858538219139397, 4.438107159257977], [1.1773437519805263, 20.033715709101735, 2.1128403614938005]]
Attitude: [[0.0, 0.0, 0.0], [0.5154044449224107, 1.562562589250552, 1.0554709245652716], [0.529064755005794, 1.1157723195696956, 1.3199763190057774], [1.5124187447335886, 0.1201512035615584, 1.465900180879202]]
Save Location: maps/map603/test.txt
