Path: 640
Path Score: 4.422626417116756
Waypoints: [[1.0, 1.0, 1.0], [12.65259495451803, 15.504691539838976, 1.3902173466937446], [14.201298455250685, 22.98387750158817, 5.257885864403107], [29.0, 29.0, 14.0]]
Velocity: [[0.0, 0.0, 0.0], [11.65259495451803, 14.504691539838976, 0.39021734669374464], [1.548703500732655, 7.479185961749195, 3.8676685177093626], [14.798701544749315, 6.0161224984118284, 8.742114135596893]]
Attitude: [[0.0, 0.0, 0.0], [0.8941821376993422, 0.6770644370273821, 1.5498263094141658], [1.3888987235943502, 0.5082330103804628, 1.1020561276532161], [0.622111751572226, 1.2341041498642775, 1.070072352441417]]
Save Location: maps/map293/test.txt
