# Note +ve X is north
# Note +ve Y is West
# x, y, height
# waypoints
G: (4.0,-2.0,10)
G: (20.589713049745754,2.031464829264273,10)
G: (36.88537054275623,2.127771475714539,10)
G: (52.47418939993521,8.204742469982634,10)
G: (67.22699743157064,17.684524601423988,10)
G: (81.93951103174274,9.73164852993007,10)
G: (96.0,-2.0,10)


# wall segments
# x1, y1, x2, y2, z
W: (96.0,-9.200000000000003,76.0,2.799999999999997,30)
W: (76.0,2.799999999999997,56.0,2.799999999999997,30)
W: (56.0,2.799999999999997,32.0,-5.200000000000003,30)
W: (32.0,-5.200000000000003,0.0,-9.200000000000003,30)
W: (0.0,5.200000000000003,44.8,14.0,30)
W: (44.8,14.0,64.0,25.200000000000003,30)
W: (64.0,25.200000000000003,96.0,9.200000000000003,30)


# environment settings
R: (0)
D: (1)
