Path: 1238
Path Score: 4.117790585764139
Waypoints: [[1.0, 1.0, 1.0], [10.98841998167141, 13.67984788740044, 4.669955467169109], [20.610598369444524, 19.278006681353382, 8.827928443474919], [29.0, 29.0, 14.0]]
Velocity: [[0.0, 0.0, 0.0], [9.98841998167141, 12.67984788740044, 3.6699554671691086], [9.622178387773115, 5.598158793952942, 4.15797297630581], [8.389401630555476, 9.721993318646618, 5.172071556525081]]
Attitude: [[0.0, 0.0, 0.0], [0.9230317793050691, 0.698207449561829, 1.3472349331065676], [0.6271247396284598, 1.0802680626992376, 1.213333548006343], [0.919766086046802, 0.7922213235648208, 1.1879058042443305]]
Save Location: maps/map2147/test.txt
