Path: 445
Path Score: 4.270192065752905
Waypoints: [[1.0, 1.0, 1.0], [11.29885047226655, 13.922680563011099, 6.0742347128672325], [16.702169176436314, 28.43696480624766, 9.763844081040961], [29.0, 29.0, 14.0]]
Velocity: [[0.0, 0.0, 0.0], [10.29885047226655, 12.922680563011099, 5.0742347128672325], [5.403318704169765, 14.51428424323656, 3.6896093681737288], [12.297830823563686, 0.5630351937523415, 4.236155918959039]]
Attitude: [[0.0, 0.0, 0.0], [0.932550665210745, 0.7263919285052141, 1.2728643435485965], [1.2245319448099405, 0.42350897189243203, 1.3369231513151656], [0.3344395960989817, 1.5275361923898203, 1.2393843932691453]]
Save Location: maps/map1053/test.txt
