Path: 1106
Path Score: 4.313400652458569
Waypoints: [[1.0, 1.0, 1.0], [6.277705044557794, 0.35330246109405494, 2.6825947684151497], [13.672045760431148, 4.948134197388966, 9.730872468243405], [29.0, 29.0, 14.0]]
Velocity: [[0.0, 0.0, 0.0], [5.277705044557794, -0.6466975389059451, 1.6825947684151497], [7.394340715873354, 4.594831736294911, 7.048277699828255], [15.327954239568852, 24.051865802611033, 4.269127531756595]]
Attitude: [[0.0, 0.0, 0.0], [0.32912608513099045, 1.687014641004876, 1.264321452563771], [0.8497938270312486, 1.1481133983459344, 0.8902176740357519], [1.0104157859078653, 0.5844477658153928, 1.422214966215894]]
Save Location: maps/map773/test.txt
