Path: 995
Path Score: 4.149067903312076
Waypoints: [[1.0, 1.0, 1.0], [7.03200889148945, 11.212381035806049, 2.4091861245466912], [20.852071857601725, 15.195208825034904, 7.612944235060696], [29.0, 29.0, 14.0]]
Velocity: [[0.0, 0.0, 0.0], [6.03200889148945, 10.212381035806049, 1.4091861245466912], [13.820062966112275, 3.982827789228855, 5.203758110514005], [8.147928142398275, 13.804791174965096, 6.387055764939304]]
Attitude: [[0.0, 0.0, 0.0], [1.0413956223611207, 0.5452295055399751, 1.4525400011168248], [0.44276834403708043, 1.3073586904599244, 1.2236383299404747], [1.0790221355094318, 0.643470475899189, 1.1916321938329075]]
Save Location: maps/map1947/test.txt
