Path: 2459
Path Score: 4.3354337188544765
Waypoints: [[1.0, 1.0, 1.0], [12.386106231445222, 1.1077460717588705, 7.4490524792482224], [16.72641038031882, 15.264827052821502, 13.846194206338602], [29.0, 29.0, 14.0]]
Velocity: [[0.0, 0.0, 0.0], [11.386106231445222, 0.10774607175887052, 6.4490524792482224], [4.340304148873599, 14.15708098106263, 6.397141727090379], [12.273589619681179, 13.735172947178498, 0.15380579366139813]]
Attitude: [[0.0, 0.0, 0.0], [0.5154044449224107, 1.562562589250552, 1.0554709245652716], [1.2983599743053906, 0.49981056727227663, 1.16299369049113], [0.8415660736191315, 0.7293004114667039, 1.5624465811421142]]
Save Location: maps/map649/test.txt
