Path: 1831
Path Score: 4.264614622075991
Waypoints: [[1.0, 1.0, 1.0], [5.142904841761517, 4.732071187514425, 9.090826078056057], [17.21982023619961, 8.006705393204069, 10.081471535117235], [29.0, 29.0, 14.0]]
Velocity: [[0.0, 0.0, 0.0], [4.142904841761517, 3.732071187514425, 8.090826078056057], [12.076915394438092, 3.274634205689644, 0.9906454570611771], [11.78017976380039, 20.99329460679593, 3.9185284648827654]]
Attitude: [[0.0, 0.0, 0.0], [1.1355654236864037, 1.1812058528805445, 0.6034260736599171], [0.27605156852869994, 1.3068602705577252, 1.4917917985825402], [1.0667154657863167, 0.5340499258370055, 1.4094321512942536]]
Save Location: maps/map1095/test.txt
