Path: 2088
Path Score: 4.349850753053951
Waypoints: [[1.0, 1.0, 1.0], [2.1051801977178286, 12.705542697858661, 1.33533427386211], [15.400672772919897, 26.69900395650807, 5.879479941270359], [29.0, 29.0, 14.0]]
Velocity: [[0.0, 0.0, 0.0], [1.1051801977178286, 11.705542697858661, 0.3353342738621099], [13.295492575202069, 13.993461258649408, 4.54414566740825], [13.599327227080103, 2.3009960434919314, 8.12052005872964]]
Attitude: [[0.0, 0.0, 0.0], [1.4766986395106851, 0.09834724994807642, 1.5422834159518], [0.835957866755002, 0.7874356519707302, 1.3395889557105465], [0.5554547236335042, 1.4265344991304623, 1.0386836664292136]]
Save Location: maps/map583/test.txt
