Path: 892
Path Score: 4.2627440249288036
Waypoints: [[1.0, 1.0, 1.0], [13.622214221490246, 10.560085107867, 6.307093757900562], [15.684579521262053, 24.294407344774495, 11.460625578176513], [29.0, 29.0, 14.0]]
Velocity: [[0.0, 0.0, 0.0], [12.622214221490246, 9.560085107867, 5.307093757900562], [2.062365299771807, 13.734322236907495, 5.153531820275951], [13.315420478737947, 4.705592655225505, 2.539374421823487]]
Attitude: [[0.0, 0.0, 0.0], [0.7138698155414545, 0.9612815674177257, 1.2473929819737224], [1.431121895502353, 0.384088296020721, 1.2154756268480376], [0.38185806857320004, 1.2366735425670707, 1.3928860386768187]]
Save Location: maps/map1114/test.txt
