Path: 1701
Path Score: 4.284256272909024
Waypoints: [[1.0, 1.0, 1.0], [10.805725952785512, 11.283487147150078, 0.7484718343695662], [15.44249175683154, 18.284183195920107, 9.161844399110448], [29.0, 29.0, 14.0]]
Velocity: [[0.0, 0.0, 0.0], [9.805725952785512, 10.283487147150078, -0.2515281656304338], [4.6367658040460284, 7.000696048770029, 8.413372564740882], [13.55750824316846, 10.715816804079893, 4.838155600889552]]
Attitude: [[0.0, 0.0, 0.0], [0.8093250089126587, 0.7617849255869302, 1.5884962164824006], [1.1700784967519757, 0.9410362285482712, 0.784423261959661], [0.714409075190648, 0.9308782745117469, 1.2978165450117953]]
Save Location: maps/map966/test.txt
