Path: 8
Path Score: 1.4760652283611104
Waypoints: [[1.0, 1.0, 1.0], [10.04907864139752, 10.783943696465872, 5.819857126169678], [29.0, 29.0, 14.0]]
Velocity: [[0.0, 0.0, 0.0], [9.04907864139752, 9.783943696465872, 4.819857126169678], [18.95092135860248, 18.216056303534128, 8.180142873830322]]
Attitude: [[0.0, 0.0, 0.0], [0.8782185459364257, 0.808786447698268, 1.2237732337063159], [0.8115370194463954, 0.8477248572207262, 1.2691000409106004]]
Save Location: maps/map9/test.txt
