Path: 863
Path Score: 4.157004955281318
Waypoints: [[1.0, 1.0, 1.0], [13.622214221490246, 10.560085107867, 6.307093757900562], [19.150517884687012, 16.221567393022806, 9.065163787729501], [29.0, 29.0, 14.0]]
Velocity: [[0.0, 0.0, 0.0], [12.622214221490246, 9.560085107867, 5.307093757900562], [5.528303663196766, 5.661482285155806, 2.7580700298289393], [9.849482115312988, 12.778432606977194, 4.934836212270499]]
Attitude: [[0.0, 0.0, 0.0], [0.7138698155414545, 0.9612815674177257, 1.2473929819737224], [0.8503557248923753, 0.829006416647574, 1.2354119442966351], [0.9474095871230266, 0.7114898316461911, 1.2739640805957166]]
Save Location: maps/map1903/test.txt
