Path: 418
Path Score: 4.229021757904294
Waypoints: [[1.0, 1.0, 1.0], [8.23561037690084, 4.511685430060676, 8.33124458240136], [25.752844741997475, 11.22365858767903, 10.0403064910286], [29.0, 29.0, 14.0]]
Velocity: [[0.0, 0.0, 0.0], [7.235610376900841, 3.511685430060676, 7.331244582401361], [17.517234365096634, 6.7119731576183534, 1.7090619086272394], [3.2471552580025254, 17.77634141232097, 3.9596935089714]]
Attitude: [[0.0, 0.0, 0.0], [0.8434728410597166, 1.2422312953632766, 0.8316455994328315], [0.37652618472682, 1.2064673494733043, 1.4799414263169182], [1.39435302498806, 0.28047766201905855, 1.355080829085384]]
Save Location: maps/map1346/test.txt
