Path: 2349
Path Score: 4.347297273702707
Waypoints: [[1.0, 1.0, 1.0], [2.7823021602657514, 3.2626923788090734, 6.811174955232296], [9.057942771808293, 22.483164120725405, 13.633419250864584], [29.0, 29.0, 14.0]]
Velocity: [[0.0, 0.0, 0.0], [1.7823021602657514, 2.2626923788090734, 5.811174955232296], [6.275640611542541, 19.22047174191633, 6.822244295632288], [19.942057228191707, 6.516835879274595, 0.36658074913541583]]
Attitude: [[0.0, 0.0, 0.0], [1.2924157480158258, 1.2144350237412072, 0.46016632051788314], [1.272290499110016, 0.4493720371331281, 1.2453753723771712], [0.3163154151017467, 1.2549974740262801, 1.5533251264663486]]
Save Location: maps/map591/test.txt
