Path: 1890
Path Score: 4.181690915033019
Waypoints: [[1.0, 1.0, 1.0], [8.469661386104097, 5.59096684474812, 2.5279558793890997], [14.201298455250685, 22.98387750158817, 5.257885864403107], [29.0, 29.0, 14.0]]
Velocity: [[0.0, 0.0, 0.0], [7.469661386104097, 4.59096684474812, 1.5279558793890997], [5.731637069146588, 17.39291065684005, 2.7299299850140075], [14.798701544749315, 6.0161224984118284, 8.742114135596893]]
Attitude: [[0.0, 0.0, 0.0], [0.5747996990566772, 1.0288000156137393, 1.3982583619310816], [1.2560643052552944, 0.34998221308863253, 1.4228152371989395], [0.622111751572226, 1.2341041498642775, 1.070072352441417]]
Save Location: maps/map1713/test.txt
