Path: 1556
Path Score: 4.299488088778403
Waypoints: [[1.0, 1.0, 1.0], [5.1328300726842055, 6.167067988359742, 4.338023583503114], [7.177206899450002, 15.45719743824309, 14.540668792615357], [29.0, 29.0, 14.0]]
Velocity: [[0.0, 0.0, 0.0], [4.1328300726842055, 5.167067988359742, 3.338023583503114], [2.044376826765796, 9.290129449883349, 10.202645209112243], [21.822793100549998, 13.54280256175691, -0.5406687926153566]]
Attitude: [[0.0, 0.0, 0.0], [0.9792202736645594, 0.799275207152919, 1.1035589735254734], [1.4237077203922393, 0.8419658416276167, 0.7504019973187479], [0.5557718496340723, 1.0155187584190801, 1.591844435500265]]
Save Location: maps/map870/test.txt
