Path: 353
Path Score: 4.371633794206578
Waypoints: [[1.0, 1.0, 1.0], [11.62421921707525, 9.637940007438962, 4.108292062461251], [12.699318080032214, 19.485873547121262, 13.643108962855027], [29.0, 29.0, 14.0]]
Velocity: [[0.0, 0.0, 0.0], [10.62421921707525, 8.637940007438962, 3.108292062461251], [1.0750988629569633, 9.8479335396823, 9.534816900393777], [16.300681919967786, 9.514126452878738, 0.3568910371449725]]
Attitude: [[0.0, 0.0, 0.0], [0.7126112608988734, 0.9081638967287853, 1.3475745118170808], [1.4925249133194134, 0.7724022156117447, 0.8045112157713005], [0.5286275051045267, 1.042579273198718, 1.5518895222311728]]
Save Location: maps/map458/test.txt
