Path: 545
Path Score: 4.309248221433189
Waypoints: [[1.0, 1.0, 1.0], [9.981785049321614, 2.094242845092411, 3.906087432644374], [11.922439956495857, 17.336683693731057, 5.215453288665816], [29.0, 29.0, 14.0]]
Velocity: [[0.0, 0.0, 0.0], [8.981785049321614, 1.094242845092411, 2.906087432644374], [1.9406549071742436, 15.242440848638646, 1.3093658560214418], [17.077560043504143, 11.663316306268943, 8.784546711334183]]
Attitude: [[0.0, 0.0, 0.0], [0.33286566125405836, 1.4553984883962245, 1.2600245384619229], [1.4446182495286937, 0.15239764281128115, 1.4857869562084196], [0.7073929618515384, 1.0250094498144648, 1.169113814241912]]
Save Location: maps/map800/test.txt
