Path: 1895
Path Score: 4.099956566083618
Waypoints: [[1.0, 1.0, 1.0], [8.469661386104097, 5.59096684474812, 2.5279558793890997], [24.763677749990574, 23.196099440540394, 5.0803972974418175], [29.0, 29.0, 14.0]]
Velocity: [[0.0, 0.0, 0.0], [7.469661386104097, 4.59096684474812, 1.5279558793890997], [16.294016363886477, 17.605132595792274, 2.5524414180527177], [4.236322250009426, 5.803900559459606, 8.919602702558183]]
Attitude: [[0.0, 0.0, 0.0], [0.5747996990566772, 1.0288000156137393, 1.3982583619310816], [0.8292386850955463, 0.7527857096657531, 1.4647913180736147], [1.1919383611801295, 1.03942056702344, 0.6781386041617308]]
Save Location: maps/map2248/test.txt
