Path: 920
Path Score: 4.365901064189862
Waypoints: [[1.0, 1.0, 1.0], [7.363766588778974, 0.518530266354752, 10.190548616200227], [24.548396690958242, 11.577212241638717, 14.392801991557022], [29.0, 29.0, 14.0]]
Velocity: [[0.0, 0.0, 0.0], [6.363766588778974, -0.48146973364524803, 9.190548616200227], [17.18463010217927, 11.058681975283966, 4.202253375356795], [4.451603309041758, 17.42278775836128, -0.3928019915570218]]
Attitude: [[0.0, 0.0, 0.0], [0.9658135015594402, 1.6138399388547588, 0.6069604064989591], [0.6029096796997203, 1.012122821369468, 1.367987572705205], [1.3207044969365416, 0.251084454734688, 1.5926364233314274]]
Save Location: maps/map492/test.txt
