Path: 881
Path Score: 4.179682835959099
Waypoints: [[1.0, 1.0, 1.0], [13.622214221490246, 10.560085107867, 6.307093757900562], [19.778926106740936, 25.028774492325528, 13.753258473645548], [29.0, 29.0, 14.0]]
Velocity: [[0.0, 0.0, 0.0], [12.622214221490246, 9.560085107867, 5.307093757900562], [6.15671188525069, 14.468689384458528, 7.446164715744986], [9.221073893259064, 3.971225507674472, 0.24674152635445168]]
Attitude: [[0.0, 0.0, 0.0], [0.7138698155414545, 0.9612815674177257, 1.2473929819737224], [1.2090875944617456, 0.5887683550547688, 1.128531422402998], [0.40736238913210576, 1.1642642704118822, 1.54622508670751]]
Save Location: maps/map1728/test.txt
