Path: 934
Path Score: 4.489204221548722
Waypoints: [[1.0, 1.0, 1.0], [7.363766588778974, 0.518530266354752, 10.190548616200227], [13.672045760431148, 4.948134197388966, 9.730872468243405], [29.0, 29.0, 14.0]]
Velocity: [[0.0, 0.0, 0.0], [6.363766588778974, -0.48146973364524803, 9.190548616200227], [6.308279171652174, 4.429603931034214, -0.4596761479568219], [15.327954239568852, 24.051865802611033, 4.269127531756595]]
Attitude: [[0.0, 0.0, 0.0], [0.9658135015594402, 1.6138399388547588, 0.6069604064989591], [0.6147146086436702, 0.9598475223203325, 1.6303607634325408], [1.0104157859078653, 0.5844477658153928, 1.422214966215894]]
Save Location: maps/map130/test.txt
