Path: 17
Path Score: 4.0151130345457435
Waypoints: [[1.0, 1.0, 1.0], [8.883832853990807, 7.619820070167713, 5.821889119101872], [24.231363728279373, 24.064238050008328, 9.859876317962396], [29.0, 29.0, 14.0]]
Velocity: [[0.0, 0.0, 0.0], [7.883832853990807, 6.619820070167713, 4.821889119101872], [15.347530874288566, 16.444417979840615, 4.037987198860524], [4.768636271720627, 4.935761949991672, 4.140123682037604]]
Attitude: [[0.0, 0.0, 0.0], [0.8044304960935175, 0.9492050844908356, 1.1327513067607105], [0.8344720967497564, 0.7676193150595052, 1.3931717238413224], [0.9335872338350895, 0.9073880140782924, 1.02799260384737]]
Save Location: maps/map2485/test.txt
