Path: 2033
Path Score: 4.340409288133414
Waypoints: [[1.0, 1.0, 1.0], [1.6574939373145603, 7.640942564656317, 6.853106441814953], [4.741607970860676, 20.312016916218365, 10.401134851825734], [29.0, 29.0, 14.0]]
Velocity: [[0.0, 0.0, 0.0], [0.6574939373145603, 6.640942564656317, 5.853106441814953], [3.084114033546116, 12.671074351562048, 3.5480284100107813], [24.258392029139323, 8.687983083781635, 3.5988651481742657]]
Attitude: [[0.0, 0.0, 0.0], [1.4966576018134188, 0.7255359120981532, 0.8507902510389312], [1.3405692561675528, 0.3552677715262337, 1.305158903625553], [0.3698186467173986, 1.2303260930621542, 1.4320257768829774]]
Save Location: maps/map630/test.txt
