Path: 1399
Path Score: 4.164920854213187
Waypoints: [[1.0, 1.0, 1.0], [2.1166871798879825, 7.959406805005861, 2.641112218552253], [13.095324436113561, 15.033365545267669, 6.706312039110363], [29.0, 29.0, 14.0]]
Velocity: [[0.0, 0.0, 0.0], [1.1166871798879825, 6.959406805005861, 1.6411122185522529], [10.978637256225579, 7.0739587402618085, 4.06519982055811], [15.904675563886439, 13.966634454732331, 7.293687960889637]]
Attitude: [[0.0, 0.0, 0.0], [1.4158739947349994, 0.27784815422419984, 1.3420381855188857], [0.639106789389503, 1.0272614345733417, 1.2690379311181048], [0.7807156099511975, 0.8971446612687055, 1.2389541045829986]]
Save Location: maps/map1841/test.txt
