Path: 2478
Path Score: 4.237793319345164
Waypoints: [[1.0, 1.0, 1.0], [12.386106231445222, 1.1077460717588705, 7.4490524792482224], [25.89146789512382, 17.947079052650324, 10.291630941969098], [29.0, 29.0, 14.0]]
Velocity: [[0.0, 0.0, 0.0], [11.386106231445222, 0.10774607175887052, 6.4490524792482224], [13.505361663678599, 16.839332980891452, 2.8425784627208754], [3.108532104876179, 11.052920947349676, 3.708369058030902]]
Attitude: [[0.0, 0.0, 0.0], [0.5154044449224107, 1.562562589250552, 1.0554709245652716], [0.9016752560008904, 0.6865696305871348, 1.4398638498265872], [1.3102246373088302, 0.4126571490004325, 1.2583924394013435]]
Save Location: maps/map1278/test.txt
