Path: 925
Path Score: 4.328749356733676
Waypoints: [[1.0, 1.0, 1.0], [7.363766588778974, 0.518530266354752, 10.190548616200227], [24.29282605726432, 17.273783965333514, 9.528106741585457], [29.0, 29.0, 14.0]]
Velocity: [[0.0, 0.0, 0.0], [6.363766588778974, -0.48146973364524803, 9.190548616200227], [16.92905946848535, 16.755253698978763, -0.6624418746147693], [4.707173942735679, 11.726216034666486, 4.471893258414543]]
Attitude: [[0.0, 0.0, 0.0], [0.9658135015594402, 1.6138399388547588, 0.6069604064989591], [0.7806288228663453, 0.7909404441950963, 1.5986009721481562], [1.2119605623526288, 0.5056733733733509, 1.2306436859371142]]
Save Location: maps/map690/test.txt
