Path: 1188
Path Score: 4.389233983267772
Waypoints: [[1.0, 1.0, 1.0], [10.98841998167141, 13.67984788740044, 4.669955467169109], [13.127617811288149, 26.235374032803584, 6.157926047197438], [29.0, 29.0, 14.0]]
Velocity: [[0.0, 0.0, 0.0], [9.98841998167141, 12.67984788740044, 3.6699554671691086], [2.139197829616739, 12.555526145403144, 1.4879705800283292], [15.872382188711851, 2.764625967196416, 7.842073952802562]]
Attitude: [[0.0, 0.0, 0.0], [0.9230317793050691, 0.698207449561829, 1.3472349331065676], [1.4031886951733004, 0.20463737121697473, 1.454495886604346], [0.482563653737281, 1.4158888951789448, 1.1178111555993027]]
Save Location: maps/map397/test.txt
