Path: 883
Path Score: 4.307212418745113
Waypoints: [[1.0, 1.0, 1.0], [13.622214221490246, 10.560085107867, 6.307093757900562], [18.278593753428844, 13.542675969678093, 13.490985374955708], [29.0, 29.0, 14.0]]
Velocity: [[0.0, 0.0, 0.0], [12.622214221490246, 9.560085107867, 5.307093757900562], [4.656379531938597, 2.9825908618110937, 7.183891617055146], [10.721406246571156, 15.457324030321907, 0.5090146250442924]]
Attitude: [[0.0, 0.0, 0.0], [0.7138698155414545, 0.9612815674177257, 1.2473929819737224], [1.0313875050969241, 1.235552848049018, 0.6560140404748679], [0.964623337542555, 0.6069540453552669, 1.5437444202820336]]
Save Location: maps/map818/test.txt
