Path: 1540
Path Score: 4.2443898508010225
Waypoints: [[1.0, 1.0, 1.0], [5.1328300726842055, 6.167067988359742, 4.338023583503114], [7.389357188954467, 23.477432848813812, 10.209341262023914], [29.0, 29.0, 14.0]]
Velocity: [[0.0, 0.0, 0.0], [4.1328300726842055, 5.167067988359742, 3.338023583503114], [2.256527116270261, 17.310364860454072, 5.8713176785208], [21.610642811045533, 5.522567151186188, 3.790658737976086]]
Attitude: [[0.0, 0.0, 0.0], [0.9792202736645594, 0.799275207152919, 1.1035589735254734], [1.4479684734646765, 0.348533048799923, 1.246347875783004], [0.3005654335537563, 1.324213007369078, 1.4024590083582664]]
Save Location: maps/map1232/test.txt
