Path: 44
Path Score: 4.215087446932279
Waypoints: [[1.0, 1.0, 1.0], [8.883832853990807, 7.619820070167713, 5.821889119101872], [9.662916602314, 22.21326367479614, 9.15459432162151], [29.0, 29.0, 14.0]]
Velocity: [[0.0, 0.0, 0.0], [7.883832853990807, 6.619820070167713, 4.821889119101872], [0.7790837483231936, 14.593443604628426, 3.3327052025196373], [19.337083397686, 6.7867363252038615, 4.845405678378491]]
Attitude: [[0.0, 0.0, 0.0], [0.8044304960935175, 0.9492050844908356, 1.1327513067607105], [1.5187972944686767, 0.23036368776533975, 1.346585226889123], [0.40714433808387096, 1.242659214067075, 1.3386234911715096]]
Save Location: maps/map1437/test.txt
