Path: 591
Path Score: 4.503357868578709
Waypoints: [[1.0, 1.0, 1.0], [8.077819295469498, 4.630177089274074, 13.001091877302175], [17.142077840697404, 12.866671640253438, 8.671369517017055], [29.0, 29.0, 14.0]]
Velocity: [[0.0, 0.0, 0.0], [7.077819295469498, 3.630177089274074, 12.001091877302175], [9.064258545227906, 8.236494550979364, -4.329722360285119], [11.857922159302596, 16.133328359746564, 5.328630482982945]]
Attitude: [[0.0, 0.0, 0.0], [1.0568857360289043, 1.315913356872022, 0.5853298029477871], [0.7985126469919595, 0.8840155765976103, 1.9106032116783607], [0.9614723836846367, 0.6782653453057865, 1.3106912242211473]]
Save Location: maps/map111/test.txt
