Path: 1914
Path Score: 4.009155421541491
Waypoints: [[1.0, 1.0, 1.0], [8.469661386104097, 5.59096684474812, 2.5279558793890997], [20.610598369444524, 19.278006681353382, 8.827928443474919], [29.0, 29.0, 14.0]]
Velocity: [[0.0, 0.0, 0.0], [7.469661386104097, 4.59096684474812, 1.5279558793890997], [12.140936983340428, 13.687039836605262, 6.299972564085819], [8.389401630555476, 9.721993318646618, 5.172071556525081]]
Attitude: [[0.0, 0.0, 0.0], [0.5747996990566772, 1.0288000156137393, 1.3982583619310816], [0.8925418709710554, 0.7850735950273019, 1.239173363559233], [0.919766086046802, 0.7922213235648208, 1.1879058042443305]]
Save Location: maps/map2491/test.txt
