Path: 775
Path Score: 4.150717720733991
Waypoints: [[1.0, 1.0, 1.0], [12.697608925444278, 6.8811022717284045, 6.207161753256], [17.142077840697404, 12.866671640253438, 8.671369517017055], [29.0, 29.0, 14.0]]
Velocity: [[0.0, 0.0, 0.0], [11.697608925444278, 5.8811022717284045, 5.207161753256], [4.444468915253125, 5.9855693685250335, 2.4642077637610553], [11.857922159302596, 16.133328359746564, 5.328630482982945]]
Attitude: [[0.0, 0.0, 0.0], [0.5913478455125089, 1.1402281118229445, 1.1922640516212777], [0.9691070802684664, 0.7039271448912079, 1.2515668972061327], [0.9614723836846367, 0.6782653453057865, 1.3106912242211473]]
Save Location: maps/map1940/test.txt
