Path: 626
Path Score: 4.369867169645145
Waypoints: [[1.0, 1.0, 1.0], [1.9869655009534015, 2.3470905443897805, 9.726710653669548], [17.142077840697404, 12.866671640253438, 8.671369517017055], [29.0, 29.0, 14.0]]
Velocity: [[0.0, 0.0, 0.0], [0.9869655009534015, 1.3470905443897805, 8.726710653669548], [15.155112339744003, 10.519581095863657, -1.0553411366524923], [11.857922159302596, 16.133328359746564, 5.328630482982945]]
Attitude: [[0.0, 0.0, 0.0], [1.4594850995761104, 1.4185963426785977, 0.18907565762625306], [0.6091213520106603, 0.965155009108749, 1.6279394444225037], [0.9614723836846367, 0.6782653453057865, 1.3106912242211473]]
Save Location: maps/map468/test.txt
