# Note +ve X is north
# Note +ve Y is West
# x, y, height
# waypoints
G: (4.0,-2.0,10)
G: (19.36236951376521,-4.5928347890067585,10)
G: (31.971184682825875,-4.734619480216054,10)
G: (46.8866757739106,-6.689242774414467,10)
G: (61.09031164294602,-13.861252819068788,10)
G: (73.94243658817783,-12.413645283784007,10)
G: (84.90064947944596,-6.579651804792164,10)
G: (96.0,-2.0,10)


# wall segments
# x1, y1, x2, y2, z
W: (96.0,-9.200000000000003,68.0,-21.200000000000003,30)
W: (68.0,-21.200000000000003,0.0,-9.200000000000003,30)
W: (0.0,5.200000000000003,60.0,-2.799999999999997,30)
W: (60.0,-2.799999999999997,76.0,-2.799999999999997,30)
W: (76.0,-2.799999999999997,96.0,5.200000000000003,30)


# environment settings
R: (0)
D: (1)
