Path: 2258
Path Score: 4.177917129690064
Waypoints: [[1.0, 1.0, 1.0], [5.7591996310330025, 10.496060591014656, 1.1961851557501069], [11.922439956495857, 17.336683693731057, 5.215453288665816], [29.0, 29.0, 14.0]]
Velocity: [[0.0, 0.0, 0.0], [4.7591996310330025, 9.496060591014656, 0.19618515575010687], [6.163240325462855, 6.8406231027164015, 4.019268132915709], [17.077560043504143, 11.663316306268943, 8.784546711334183]]
Attitude: [[0.0, 0.0, 0.0], [1.1062936554501903, 0.46492826404694765, 1.5523285842779897], [0.9103551952753326, 0.8218200390520942, 1.159211263779907], [0.7073929618515384, 1.0250094498144648, 1.169113814241912]]
Save Location: maps/map1742/test.txt
