Path: 446
Path Score: 4.334970003011148
Waypoints: [[1.0, 1.0, 1.0], [11.29885047226655, 13.922680563011099, 6.0742347128672325], [18.1367759330625, 27.51943688599429, 5.760318237087204], [29.0, 29.0, 14.0]]
Velocity: [[0.0, 0.0, 0.0], [10.29885047226655, 12.922680563011099, 5.0742347128672325], [6.837925460795949, 13.59675632298319, -0.31391647578002857], [10.863224066937502, 1.4805631140057116, 8.239681762912795]]
Attitude: [[0.0, 0.0, 0.0], [0.932550665210745, 0.7263919285052141, 1.2728643435485965], [1.1049315002585924, 0.4663944314805772, 1.5914195271187914], [0.6565808947189486, 1.462631373986738, 0.9263070006364166]]
Save Location: maps/map656/test.txt
