Path: 1602
Path Score: 4.326344729113609
Waypoints: [[1.0, 1.0, 1.0], [5.1328300726842055, 6.167067988359742, 4.338023583503114], [6.182946964185052, 24.399637540719603, 12.353833088001682], [29.0, 29.0, 14.0]]
Velocity: [[0.0, 0.0, 0.0], [4.1328300726842055, 5.167067988359742, 3.338023583503114], [1.0501168915008465, 18.232569552359863, 8.015809504498568], [22.817053035814947, 4.600362459280397, 1.6461669119983178]]
Attitude: [[0.0, 0.0, 0.0], [0.9792202736645594, 0.799275207152919, 1.1035589735254734], [1.5181199796386065, 0.4173509647893266, 1.15719887809452], [0.2109530550983087, 1.3723463749952485, 1.5001906908246303]]
Save Location: maps/map702/test.txt
