# Note +ve X is north
# Note +ve Y is West
# x, y, height
# waypoints
G: (4.0,-2.0,10)
G: (20.589713049745754,2.031464829264273,10)
G: (3.5525650749017963,6.953537849024691,10)
G: (22.849682568286617,9.604503298810513,10)
G: (42.79005191868424,10.228768131498413,10)
G: (61.687095548069394,5.58035105817676,10)
G: (80.68957993703486,5.097596841763789,10)
G: (96.0,-2.0,10)


# wall segments
# x1, y1, x2, y2, z
W: (96.0,-9.200000000000003,64.0,-1.2000000000000028,30)
W: (64.0,-1.2000000000000028,36.0,2.799999999999997,30)
W: (36.0,2.799999999999997,8.0,-9.200000000000003,30)
W: (8.0,-9.200000000000003,0.0,-9.200000000000003,30)
W: (0.0,13.200000000000003,88.0,13.200000000000003,30)
W: (88.0,13.200000000000003,96.0,9.200000000000003,30)


# environment settings
R: (0)
D: (1)
