Path: 1949
Path Score: 4.289887616770214
Waypoints: [[1.0, 1.0, 1.0], [7.908661902969909, 13.249370598681029, 5.122888052721978], [19.747287023046923, 29.82416487797133, 10.432454096489826], [29.0, 29.0, 14.0]]
Velocity: [[0.0, 0.0, 0.0], [6.908661902969909, 12.249370598681029, 4.122888052721978], [11.838625120077014, 16.574794279290302, 5.309566043767848], [9.252712976953077, -0.8241648779713309, 3.567545903510174]]
Attitude: [[0.0, 0.0, 0.0], [1.0799032623057099, 0.5811391675180452, 1.2856207472042467], [0.9734785958670916, 0.6641654055770833, 1.3157960882891224], [0.3768134483966241, 1.6537149137271474, 1.2041176775046736]]
Save Location: maps/map933/test.txt
