Path: 915
Path Score: 4.3137249915912115
Waypoints: [[1.0, 1.0, 1.0], [7.363766588778974, 0.518530266354752, 10.190548616200227], [19.150517884687012, 16.221567393022806, 9.065163787729501], [29.0, 29.0, 14.0]]
Velocity: [[0.0, 0.0, 0.0], [6.363766588778974, -0.48146973364524803, 9.190548616200227], [11.786751295908038, 15.703037126668054, -1.1253848284707253], [9.849482115312988, 12.778432606977194, 4.934836212270499]]
Attitude: [[0.0, 0.0, 0.0], [0.9658135015594402, 1.6138399388547588, 0.6069604064989591], [0.928138574090575, 0.6460669405422048, 1.6280504412605319], [0.9474095871230266, 0.7114898316461911, 1.2739640805957166]]
Save Location: maps/map770/test.txt
