Path: 1118
Path Score: 4.147768141117103
Waypoints: [[1.0, 1.0, 1.0], [7.244355243304841, 4.686769508950413, 5.732290508395203], [11.29885047226655, 13.922680563011099, 6.0742347128672325], [29.0, 29.0, 14.0]]
Velocity: [[0.0, 0.0, 0.0], [6.244355243304841, 3.6867695089504133, 4.732290508395203], [4.054495228961708, 9.235911054060686, 0.34194420447202933], [17.70114952773345, 15.077319436988901, 7.9257652871327675]]
Attitude: [[0.0, 0.0, 0.0], [0.7653529368027897, 1.1309818444795048, 0.9925991767107255], [1.1573859168948797, 0.4149683290768816, 1.5369087128277608], [0.7661818536866618, 0.9099886285213937, 1.2422839364012292]]
Save Location: maps/map1957/test.txt
