Path: 232
Path Score: 4.444908916289175
Waypoints: [[1.0, 1.0, 1.0], [0.2429086269009595, 4.401009458247564, 1.9766829018839305], [6.351589522056588, 15.595530052506257, 9.804307665027011], [29.0, 29.0, 14.0]]
Velocity: [[0.0, 0.0, 0.0], [-0.7570913730990405, 3.4010094582475636, 0.9766829018839305], [6.108680895155628, 11.194520594258695, 7.82762476314308], [22.64841047794341, 13.404469947493743, 4.195692334972989]]
Attitude: [[0.0, 0.0, 0.0], [1.7815782743907893, 0.34851827104464184, 1.297497366701187], [1.1502710688535205, 0.7255658655053969, 1.0202931432360143], [0.5551154872057305, 1.0437555844404118, 1.4127030288890532]]
Save Location: maps/map217/test.txt
