Path: 1992
Path Score: 4.141190056958923
Waypoints: [[1.0, 1.0, 1.0], [7.908661902969909, 13.249370598681029, 5.122888052721978], [21.78645601699983, 26.938246068819566, 10.468055210066508], [29.0, 29.0, 14.0]]
Velocity: [[0.0, 0.0, 0.0], [6.908661902969909, 12.249370598681029, 4.122888052721978], [13.87779411402992, 13.688875470138537, 5.34516715734453], [7.2135439830001715, 2.0617539311804336, 3.531944789933492]]
Attitude: [[0.0, 0.0, 0.0], [1.0799032623057099, 0.5811391675180452, 1.2856207472042467], [0.8140063468405546, 0.8267851806566329, 1.3031656009246064], [0.5157591343381982, 1.3195229300441227, 1.1308007241554319]]
Save Location: maps/map1994/test.txt
