Path: 1669
Path Score: 4.4328575897065985
Waypoints: [[1.0, 1.0, 1.0], [1.4862613186235762, 5.302297197202417, 9.54279168299124], [7.177206899450002, 15.45719743824309, 14.540668792615357], [29.0, 29.0, 14.0]]
Velocity: [[0.0, 0.0, 0.0], [0.48626131862357624, 4.302297197202417, 8.54279168299124], [5.690945580826425, 10.154900241040673, 4.997877109624117], [21.822793100549998, 13.54280256175691, -0.5406687926153566]]
Attitude: [[0.0, 0.0, 0.0], [1.520002440634727, 1.1049085373684124, 0.46909167611999897], [1.1048989496560822, 0.6408384405229652, 1.1652550981653234], [0.5557718496340723, 1.0155187584190801, 1.591844435500265]]
Save Location: maps/map261/test.txt
