Path: 1206
Path Score: 4.596347303773847
Waypoints: [[1.0, 1.0, 1.0], [10.98841998167141, 13.67984788740044, 4.669955467169109], [9.057942771808293, 22.483164120725405, 13.633419250864584], [29.0, 29.0, 14.0]]
Velocity: [[0.0, 0.0, 0.0], [9.98841998167141, 12.67984788740044, 3.6699554671691086], [-1.9304772098631169, 8.803316233324965, 8.963463783695476], [19.942057228191707, 6.516835879274595, 0.36658074913541583]]
Attitude: [[0.0, 0.0, 0.0], [0.9230317793050691, 0.698207449561829, 1.3472349331065676], [1.723261201226263, 0.8057420111920574, 0.7881259187614522], [0.3163154151017467, 1.2549974740262801, 1.5533251264663486]]
Save Location: maps/map22/test.txt
