# Note +ve X is north
# Note +ve Y is West
# x, y, height
# waypoints
G: (11.0,-17.0,15)
G: (13.734194048258011,-18.784398086739195,15)
G: (17.102987572317353,-20.244257233633594,15)
G: (20.241018873009946,-20.01005070475891,15)
G: (23.518050983451474,-20.149341954938663,15)
G: (26.95364978056222,-19.288206394048643,15)
G: (29.0,-17.0,15)


# wall segments
# x1, y1, x2, y2, z
W: (40.0,-14.6,28.0,-20.6,3)
W: (28.0,-20.6,8.0,-18.6,3)
W: (8.0,-18.6,0.0,-14.6,3)
W: (0.0,-7.399999999999999,18.0,-13.4,3)
W: (18.0,-13.4,32.4,-11.0,3)
W: (32.4,-11.0,40.0,-7.399999999999999,3)


# environment settings
R: (0)
D: (1)
