Path: 971
Path Score: 4.1808113148288015
Waypoints: [[1.0, 1.0, 1.0], [7.03200889148945, 11.212381035806049, 2.4091861245466912], [24.80078989068509, 16.52228778449424, 8.560347909072977], [29.0, 29.0, 14.0]]
Velocity: [[0.0, 0.0, 0.0], [6.03200889148945, 10.212381035806049, 1.4091861245466912], [17.768780999195638, 5.30990674868819, 6.151161784526286], [4.199210109314912, 12.477712215505761, 5.439652090927023]]
Attitude: [[0.0, 0.0, 0.0], [1.0413956223611207, 0.5452295055399751, 1.4525400011168248], [0.42892373086829744, 1.295571487103665, 1.2505302514046073], [1.2715632840353657, 0.5034073100322944, 1.1789804677621314]]
Save Location: maps/map1719/test.txt
