Path: 547
Path Score: 4.2114670459786945
Waypoints: [[1.0, 1.0, 1.0], [9.981785049321614, 2.094242845092411, 3.906087432644374], [14.31024281394206, 14.397341180730484, 10.344580509492056], [29.0, 29.0, 14.0]]
Velocity: [[0.0, 0.0, 0.0], [8.981785049321614, 1.094242845092411, 2.906087432644374], [4.328457764620445, 12.303098335638072, 6.438493076847682], [14.68975718605794, 14.602658819269516, 3.655419490507944]]
Attitude: [[0.0, 0.0, 0.0], [0.33286566125405836, 1.4553984883962245, 1.2600245384619229], [1.268627453059363, 0.562608640097663, 1.1122318591692437], [0.7976180124622528, 0.8033878261380559, 1.3961151528842315]]
Save Location: maps/map1459/test.txt
