Path: 215
Path Score: 4.4387176395752626
Waypoints: [[1.0, 1.0, 1.0], [0.1034748464100077, 6.396090427855569, 9.25430405624771], [7.976694836660609, 10.929766397758005, 9.409001445334173], [29.0, 29.0, 14.0]]
Velocity: [[0.0, 0.0, 0.0], [-0.8965251535899923, 5.396090427855569, 8.25430405624771], [7.873219990250602, 4.533675969902436, 0.15469738908646313], [21.02330516333939, 18.070233602241995, 4.590998554665827]]
Attitude: [[0.0, 0.0, 0.0], [1.6614577493511176, 0.9944855483118206, 0.5852456997051783], [0.5227132472246966, 1.0484181721699866, 1.5537706642398068], [0.7254969031588144, 0.8722868357785716, 1.4066777616859754]]
Save Location: maps/map236/test.txt
