Path: 1662
Path Score: 4.453654774807481
Waypoints: [[1.0, 1.0, 1.0], [1.4862613186235762, 5.302297197202417, 9.54279168299124], [17.21982023619961, 8.006705393204069, 10.081471535117235], [29.0, 29.0, 14.0]]
Velocity: [[0.0, 0.0, 0.0], [0.48626131862357624, 4.302297197202417, 8.54279168299124], [15.733558917576033, 2.7044081960016513, 0.5386798521259948], [11.78017976380039, 20.99329460679593, 3.9185284648827654]]
Attitude: [[0.0, 0.0, 0.0], [1.520002440634727, 1.1049085373684124, 0.46909167611999897], [0.1735023406421213, 1.4006696537935224, 1.5370663334050139], [1.0667154657863167, 0.5340499258370055, 1.4094321512942536]]
Save Location: maps/map207/test.txt
