Path: 1524
Path Score: 4.5136844257620705
Waypoints: [[1.0, 1.0, 1.0], [0.8300875511549277, 1.6500330013832676, 11.560854587793756], [10.813854449086909, 5.567310892634433, 14.210772721131594], [29.0, 29.0, 14.0]]
Velocity: [[0.0, 0.0, 0.0], [-0.16991244884507228, 0.6500330013832676, 10.560854587793756], [9.983766897931982, 3.9172778912511657, 2.649918133337838], [18.18614555091309, 23.43268910736557, -0.21077272113159395]]
Attitude: [[0.0, 0.0, 0.0], [1.5868534482018404, 1.5093306408644638, 0.06353355267918272], [0.44239365315390766, 1.2083190993264683, 1.328564069746826], [0.9108180394168425, 0.6600304083671558, 1.5779020534585397]]
Save Location: maps/map96/test.txt
