Path: 1919
Path Score: 4.030376680085802
Waypoints: [[1.0, 1.0, 1.0], [8.469661386104097, 5.59096684474812, 2.5279558793890997], [24.539485932888955, 19.73672816277327, 8.00225603479158], [29.0, 29.0, 14.0]]
Velocity: [[0.0, 0.0, 0.0], [7.469661386104097, 4.59096684474812, 1.5279558793890997], [16.069824546784858, 14.145761318025151, 5.474300155402481], [4.4605140671110455, 9.263271837226728, 5.99774396520842]]
Attitude: [[0.0, 0.0, 0.0], [0.5747996990566772, 1.0288000156137393, 1.3982583619310816], [0.7565390430501471, 0.8761088487870523, 1.32045846269314], [1.1866756395694507, 0.678936129498745, 1.0426972103159322]]
Save Location: maps/map2465/test.txt
