Path: 1767
Path Score: 4.162372915915814
Waypoints: [[1.0, 1.0, 1.0], [5.8300877579373775, 12.986927175779844, 2.2883830638241456], [15.44249175683154, 18.284183195920107, 9.161844399110448], [29.0, 29.0, 14.0]]
Velocity: [[0.0, 0.0, 0.0], [4.8300877579373775, 11.986927175779844, 1.2883830638241456], [9.612403998894163, 5.297256020140264, 6.8734613352863025], [13.55750824316846, 10.715816804079893, 4.838155600889552]]
Attitude: [[0.0, 0.0, 0.0], [1.1897394258126446, 0.3951048953544142, 1.471431398260883], [0.7343478524152665, 1.1493802453076818, 1.011290653940732], [0.714409075190648, 0.9308782745117469, 1.2978165450117953]]
Save Location: maps/map1871/test.txt
