Path: 354
Path Score: 4.10762925285732
Waypoints: [[1.0, 1.0, 1.0], [11.62421921707525, 9.637940007438962, 4.108292062461251], [21.78645601699983, 26.938246068819566, 10.468055210066508], [29.0, 29.0, 14.0]]
Velocity: [[0.0, 0.0, 0.0], [10.62421921707525, 8.637940007438962, 3.108292062461251], [10.162236799924578, 17.300306061380603, 6.359763147605257], [7.2135439830001715, 2.0617539311804336, 3.531944789933492]]
Attitude: [[0.0, 0.0, 0.0], [0.7126112608988734, 0.9081638967287853, 1.3475745118170808], [1.066932812353943, 0.6059780423474356, 1.2638435542918234], [0.5157591343381982, 1.3195229300441227, 1.1308007241554319]]
Save Location: maps/map2211/test.txt
