Path: 1391
Path Score: 4.1949275838471785
Waypoints: [[1.0, 1.0, 1.0], [2.1166871798879825, 7.959406805005861, 2.641112218552253], [11.922439956495857, 17.336683693731057, 5.215453288665816], [29.0, 29.0, 14.0]]
Velocity: [[0.0, 0.0, 0.0], [1.1166871798879825, 6.959406805005861, 1.6411122185522529], [9.805752776607875, 9.377276888725197, 2.574341070113563], [17.077560043504143, 11.663316306268943, 8.784546711334183]]
Attitude: [[0.0, 0.0, 0.0], [1.4158739947349994, 0.27784815422419984, 1.3420381855188857], [0.7812236987014912, 0.824361705701834, 1.383286733533624], [0.7073929618515384, 1.0250094498144648, 1.169113814241912]]
Save Location: maps/map1610/test.txt
