Path: 374
Path Score: 4.4130887467964985
Waypoints: [[1.0, 1.0, 1.0], [5.0694130019156045, 0.10947803648002186, 11.387112714668532], [19.70415101856637, 13.671074305937509, 12.81372080915123], [29.0, 29.0, 14.0]]
Velocity: [[0.0, 0.0, 0.0], [4.0694130019156045, -0.8905219635199781, 10.387112714668532], [14.634738016650767, 13.561596269457487, 1.426608094482697], [9.295848981433629, 15.328925694062491, 1.1862791908487704]]
Attitude: [[0.0, 0.0, 0.0], [1.1986423454069668, 1.65045321960768, 0.3814078923026202], [0.7501007924972781, 0.8257965667572241, 1.499416703612675], [1.0269884977688475, 0.548718444626354, 1.5047210663746937]]
Save Location: maps/map323/test.txt
