Path: 1380
Path Score: 4.290729245932297
Waypoints: [[1.0, 1.0, 1.0], [2.1166871798879825, 7.959406805005861, 2.641112218552253], [9.17398002603554, 20.73897641344332, 6.283632757243895], [29.0, 29.0, 14.0]]
Velocity: [[0.0, 0.0, 0.0], [1.1166871798879825, 6.959406805005861, 1.6411122185522529], [7.057292846147558, 12.77956960843746, 3.642520538691642], [19.82601997396446, 8.261023586556679, 7.716367242756105]]
Attitude: [[0.0, 0.0, 0.0], [1.4158739947349994, 0.27784815422419984, 1.3420381855188857], [1.0825941554242264, 0.5560429363811855, 1.3262793718938435], [0.5181999547692874, 1.2004145141772051, 1.2258923638516876]]
Save Location: maps/map928/test.txt
