Path: 1223
Path Score: 4.3566006982025485
Waypoints: [[1.0, 1.0, 1.0], [10.98841998167141, 13.67984788740044, 4.669955467169109], [12.16882105369413, 22.5703746743433, 7.023400396976081], [29.0, 29.0, 14.0]]
Velocity: [[0.0, 0.0, 0.0], [9.98841998167141, 12.67984788740044, 3.6699554671691086], [1.18040107202272, 8.890526786942859, 2.3534449298069724], [16.83117894630587, 6.429625325656701, 6.976599603023919]]
Attitude: [[0.0, 0.0, 0.0], [0.9230317793050691, 0.698207449561829, 1.3472349331065676], [1.4431444030221259, 0.2879156881446827, 1.3141712748838323], [0.5132908177846113, 1.2315474594293268, 1.2013612558293933]]
Save Location: maps/map545/test.txt
