Path: 463
Path Score: 4.093314358232707
Waypoints: [[1.0, 1.0, 1.0], [11.29885047226655, 13.922680563011099, 6.0742347128672325], [24.231363728279373, 24.064238050008328, 9.859876317962396], [29.0, 29.0, 14.0]]
Velocity: [[0.0, 0.0, 0.0], [10.29885047226655, 12.922680563011099, 5.0742347128672325], [12.932513256012824, 10.141557486997229, 3.7856416050951633], [4.768636271720627, 4.935761949991672, 4.140123682037604]]
Attitude: [[0.0, 0.0, 0.0], [0.932550665210745, 0.7263919285052141, 1.2728643435485965], [0.6969238844385344, 0.9256274709063373, 1.3444015360556425], [0.9335872338350895, 0.9073880140782924, 1.02799260384737]]
Save Location: maps/map2279/test.txt
