Path: 254
Path Score: 4.129955875300694
Waypoints: [[1.0, 1.0, 1.0], [10.236205802881091, 6.726958385030271, 8.616461550781413], [27.54896392543646, 23.68501668390871, 10.359708634880405], [29.0, 29.0, 14.0]]
Velocity: [[0.0, 0.0, 0.0], [9.236205802881091, 5.726958385030271, 7.616461550781413], [17.31275812255537, 16.958058298878438, 1.7432470840989929], [1.4510360745635396, 5.31498331609129, 3.6402913651195945]]
Attitude: [[0.0, 0.0, 0.0], [0.801018365502451, 1.1245932303302049, 0.9595076706588436], [0.7776761657986089, 0.7982689500460758, 1.4989873313893163], [1.3492511805320635, 0.6353347243649624, 0.9869147846242055]]
Save Location: maps/map2078/test.txt
