Path: 1778
Path Score: 4.147420507682828
Waypoints: [[1.0, 1.0, 1.0], [5.8300877579373775, 12.986927175779844, 2.2883830638241456], [16.060622627406442, 22.284008548073043, 8.655570821620126], [29.0, 29.0, 14.0]]
Velocity: [[0.0, 0.0, 0.0], [4.8300877579373775, 11.986927175779844, 1.2883830638241456], [10.230534869469064, 9.2970813722932, 6.36718775779598], [12.939377372593558, 6.715991451926957, 5.344429178379874]]
Attitude: [[0.0, 0.0, 0.0], [1.1897394258126446, 0.3951048953544142, 1.471431398260883], [0.8336358307664413, 0.9136543066069753, 1.1391678467853443], [0.5856835745155158, 1.123499545747589, 1.2194127759243851]]
Save Location: maps/map1960/test.txt
