Path: 645
Path Score: 4.238970311717234
Waypoints: [[1.0, 1.0, 1.0], [12.65259495451803, 15.504691539838976, 1.3902173466937446], [24.763677749990574, 23.196099440540394, 5.0803972974418175], [29.0, 29.0, 14.0]]
Velocity: [[0.0, 0.0, 0.0], [11.65259495451803, 14.504691539838976, 0.39021734669374464], [12.111082795472544, 7.691407900701417, 3.690179950748073], [4.236322250009426, 5.803900559459606, 8.919602702558183]]
Attitude: [[0.0, 0.0, 0.0], [0.8941821376993422, 0.6770644370273821, 1.5498263094141658], [0.613661322256585, 1.0248818428112076, 1.3190439650837844], [1.1919383611801295, 1.03942056702344, 0.6781386041617308]]
Save Location: maps/map1270/test.txt
