Path: 2277
Path Score: 4.146182148882321
Waypoints: [[1.0, 1.0, 1.0], [5.7591996310330025, 10.496060591014656, 1.1961851557501069], [24.539485932888955, 19.73672816277327, 8.00225603479158], [29.0, 29.0, 14.0]]
Velocity: [[0.0, 0.0, 0.0], [4.7591996310330025, 9.496060591014656, 0.19618515575010687], [18.780286301855952, 9.240667571758616, 6.8060708790414735], [4.4605140671110455, 9.263271837226728, 5.99774396520842]]
Attitude: [[0.0, 0.0, 0.0], [1.1062936554501903, 0.46492826404694765, 1.5523285842779897], [0.5485403563587012, 1.1375142814609045, 1.2564074413341106], [1.1866756395694507, 0.678936129498745, 1.0426972103159322]]
Save Location: maps/map1965/test.txt
