# waypoints
G: (11.0,-17.0,15)
G: (14.313750958489685,-18.54242456590942,15)
G: (17.387540678877556,-21.090046403047886,15)
G: (20.56768439922869,-21.817330763788355,15)
G: (24.453459398818566,-21.076190895120032,15)
G: (27.028286817830608,-19.40927141258202,15)
G: (29.0,-17.0,15)


# wall segments
W: (30.0,-18.8,28.8,-20.0,3)
W: (28.8,-20.0,25.0,-22.8,3)
W: (25.0,-22.8,18.2,-23.0,3)
W: (18.2,-23.0,10.0,-18.8,3)
W: (10.0,-15.2,16.0,-18.2,3)
W: (16.0,-18.2,21.2,-20.0,3)
W: (21.2,-20.0,30.0,-15.2,3)


# environment settings
R: (0)
D: (1)
