Path: 1728
Path Score: 4.224786308376105
Waypoints: [[1.0, 1.0, 1.0], [10.805725952785512, 11.283487147150078, 0.7484718343695662], [18.92587327321427, 24.46480001449053, 4.551445527047205], [29.0, 29.0, 14.0]]
Velocity: [[0.0, 0.0, 0.0], [9.805725952785512, 10.283487147150078, -0.2515281656304338], [8.120147320428757, 13.181312867340454, 3.802973692677639], [10.074126726785732, 4.535199985509468, 9.448554472952795]]
Attitude: [[0.0, 0.0, 0.0], [0.8093250089126587, 0.7617849255869302, 1.5884962164824006], [1.0363593849956791, 0.5973467214354578, 1.3299227753645884], [0.8051713143812181, 1.2535291924364955, 0.863270668250586]]
Save Location: maps/map1380/test.txt
