Path: 1592
Path Score: 4.1099084242832475
Waypoints: [[1.0, 1.0, 1.0], [5.1328300726842055, 6.167067988359742, 4.338023583503114], [24.882695815361128, 14.368288597070304, 12.113832918894575], [29.0, 29.0, 14.0]]
Velocity: [[0.0, 0.0, 0.0], [4.1328300726842055, 5.167067988359742, 3.338023583503114], [19.749865742676924, 8.201220608710562, 7.775809335391461], [4.117304184638872, 14.631711402929696, 1.886167081105425]]
Attitude: [[0.0, 0.0, 0.0], [0.9792202736645594, 0.799275207152919, 1.1035589735254734], [0.5197502348776749, 1.2020810598572895, 1.222047862151978], [1.2986348105444985, 0.30016579609209537, 1.4473372730099068]]
Save Location: maps/map2201/test.txt
