Path: 1182
Path Score: 4.226915178745667
Waypoints: [[1.0, 1.0, 1.0], [10.98841998167141, 13.67984788740044, 4.669955467169109], [17.495244973045097, 26.03561227858441, 12.515738341607829], [29.0, 29.0, 14.0]]
Velocity: [[0.0, 0.0, 0.0], [9.98841998167141, 12.67984788740044, 3.6699554671691086], [6.506824991373687, 12.35576439118397, 7.84578287443872], [11.504755026954903, 2.9643877214155907, 1.484261658392171]]
Attitude: [[0.0, 0.0, 0.0], [0.9230317793050691, 0.698207449561829, 1.3472349331065676], [1.1524690999739968, 0.6897705718692465, 1.0589061894886145], [0.2805594303655102, 1.3206025270465491, 1.4465080099651364]]
Save Location: maps/map1358/test.txt
