Path: 80
Path Score: 4.1387310921247185
Waypoints: [[1.0, 1.0, 1.0], [6.844542921659472, 12.575654287568902, 0.7512941296865822], [22.16101751903432, 21.88131243389526, 7.844034735289933], [29.0, 29.0, 14.0]]
Velocity: [[0.0, 0.0, 0.0], [5.844542921659472, 11.575654287568902, -0.24870587031341784], [15.31647459737485, 9.305658146326358, 7.092740605603351], [6.838982480965679, 7.1186875661047395, 6.155965264710067]]
Attitude: [[0.0, 0.0, 0.0], [1.103329579532339, 0.4679236243581791, 1.5899732357353402], [0.6523489774883525, 1.0669440585085541, 1.193949357145223], [0.9423867443913255, 0.9123337917118957, 1.0131992799999519]]
Save Location: maps/map2011/test.txt
