Path: 1963
Path Score: 4.3423507474986875
Waypoints: [[1.0, 1.0, 1.0], [7.908661902969909, 13.249370598681029, 5.122888052721978], [18.278593753428844, 13.542675969678093, 13.490985374955708], [29.0, 29.0, 14.0]]
Velocity: [[0.0, 0.0, 0.0], [6.908661902969909, 12.249370598681029, 4.122888052721978], [10.369931850458935, 0.29330537099706433, 8.36809732223373], [10.721406246571156, 15.457324030321907, 0.5090146250442924]]
Attitude: [[0.0, 0.0, 0.0], [1.0799032623057099, 0.5811391675180452, 1.2856207472042467], [0.679269159781461, 1.5487885250943514, 0.8920226026534454], [0.964623337542555, 0.6069540453552669, 1.5437444202820336]]
Save Location: maps/map618/test.txt
