Path: 897
Path Score: 4.087980039253656
Waypoints: [[1.0, 1.0, 1.0], [13.622214221490246, 10.560085107867, 6.307093757900562], [26.247862811798445, 26.14012348922666, 9.783949613542193], [29.0, 29.0, 14.0]]
Velocity: [[0.0, 0.0, 0.0], [12.622214221490246, 9.560085107867, 5.307093757900562], [12.625648590308199, 15.58003838135966, 3.476855855641631], [2.752137188201555, 2.85987651077334, 4.216050386457807]]
Attitude: [[0.0, 0.0, 0.0], [0.7138698155414545, 0.9612815674177257, 1.2473929819737224], [0.9016174783119689, 0.6989757687004642, 1.3991242835807343], [1.0754951709988285, 1.0542232020541684, 0.7552272384080128]]
Save Location: maps/map2297/test.txt
