Path: 1795
Path Score: 4.152348531995017
Waypoints: [[1.0, 1.0, 1.0], [5.8300877579373775, 12.986927175779844, 2.2883830638241456], [22.592720703848663, 25.526803242435573, 12.228206346267022], [29.0, 29.0, 14.0]]
Velocity: [[0.0, 0.0, 0.0], [4.8300877579373775, 11.986927175779844, 1.2883830638241456], [16.762632945911285, 12.53987606665573, 9.939823282442877], [6.407279296151337, 3.473196757564427, 1.7717936537329777]]
Attitude: [[0.0, 0.0, 0.0], [1.1897394258126446, 0.3951048953544142, 1.471431398260883], [0.7621722274824635, 0.9990300438475296, 1.1274980323729713], [0.5466676487799201, 1.0893405550292934, 1.3323147563268598]]
Save Location: maps/map1931/test.txt
