Path: 558
Path Score: 4.189162184642708
Waypoints: [[1.0, 1.0, 1.0], [9.981785049321614, 2.094242845092411, 3.906087432644374], [18.095718329045553, 11.448179577573537, 4.254273268600727], [29.0, 29.0, 14.0]]
Velocity: [[0.0, 0.0, 0.0], [8.981785049321614, 1.094242845092411, 2.906087432644374], [8.11393327972394, 9.353936732481126, 0.348185835956353], [10.904281670954447, 17.551820422426463, 9.745726731399273]]
Attitude: [[0.0, 0.0, 0.0], [0.33286566125405836, 1.4553984883962245, 1.2600245384619229], [0.8566096231713248, 0.7149847280170649, 1.5426850730764141], [1.0732272559405516, 0.6946779801901964, 1.130088538280598]]
Save Location: maps/map1654/test.txt
