Path: 40
Path Score: 4.146784684940299
Waypoints: [[1.0, 1.0, 1.0], [8.883832853990807, 7.619820070167713, 5.821889119101872], [18.295648198935922, 21.67677091998945, 14.790388562251113], [29.0, 29.0, 14.0]]
Velocity: [[0.0, 0.0, 0.0], [7.883832853990807, 6.619820070167713, 4.821889119101872], [9.411815344945115, 14.056950849821739, 8.968499443149241], [10.704351801064078, 7.323229080010549, -0.7903885622511133]]
Attitude: [[0.0, 0.0, 0.0], [0.8044304960935175, 0.9492050844908356, 1.1327513067607105], [1.0569261581770701, 0.7463780496536089, 1.083319432122814], [0.6027006201753293, 0.9720633967168617, 1.6316622645059446]]
Save Location: maps/map1962/test.txt
