Path: 491
Path Score: 4.309976609217043
Waypoints: [[1.0, 1.0, 1.0], [11.29885047226655, 13.922680563011099, 6.0742347128672325], [17.10037516700489, 29.239729622642756, 11.903971497075933], [29.0, 29.0, 14.0]]
Velocity: [[0.0, 0.0, 0.0], [10.29885047226655, 12.922680563011099, 5.0742347128672325], [5.801524694738342, 15.317049059631657, 5.8297367842087], [11.899624832995109, -0.23972962264275566, 2.0960285029240673]]
Attitude: [[0.0, 0.0, 0.0], [0.932550665210745, 0.7263919285052141, 1.2728643435485965], [1.2305714403722836, 0.4927728220701297, 1.2288495059623148], [0.17546746908711836, 1.5906342688103356, 1.396477078710701]]
Save Location: maps/map795/test.txt
