Path: 2337
Path Score: 4.3673337695275976
Waypoints: [[1.0, 1.0, 1.0], [2.7823021602657514, 3.2626923788090734, 6.811174955232296], [5.071981601234553, 16.0705067071635, 8.253409506893876], [29.0, 29.0, 14.0]]
Velocity: [[0.0, 0.0, 0.0], [1.7823021602657514, 2.2626923788090734, 5.811174955232296], [2.2896794409688015, 12.807814328354425, 1.4422345516615795], [23.928018398765445, 12.9294932928365, 5.746590493106124]]
Attitude: [[0.0, 0.0, 0.0], [1.2924157480158258, 1.2144350237412072, 0.46016632051788314], [1.3949812342846826, 0.20821846283434833, 1.460398588336213], [0.5340100961639119, 1.0870281697948079, 1.362570299726199]]
Save Location: maps/map480/test.txt
