Path: 1129
Path Score: 4.32672648644429
Waypoints: [[1.0, 1.0, 1.0], [7.244355243304841, 4.686769508950413, 5.732290508395203], [6.938039822185598, 21.090386253324894, 12.519590149875834], [29.0, 29.0, 14.0]]
Velocity: [[0.0, 0.0, 0.0], [6.244355243304841, 3.6867695089504133, 4.732290508395203], [-0.30631542111924315, 16.40361674437448, 6.78729964148063], [22.061960177814402, 7.909613746675106, 1.4804098501241665]]
Attitude: [[0.0, 0.0, 0.0], [0.7653529368027897, 1.1309818444795048, 0.9925991767107255], [1.5880495329644995, 0.3926786688732794, 1.1785387841177348], [0.3497487223204723, 1.2272661765835426, 1.5077145816114603]]
Save Location: maps/map700/test.txt
