Path: 1834
Path Score: 4.314961525889431
Waypoints: [[1.0, 1.0, 1.0], [5.142904841761517, 4.732071187514425, 9.090826078056057], [10.81745541664519, 17.765990078921153, 6.9670533080542265], [29.0, 29.0, 14.0]]
Velocity: [[0.0, 0.0, 0.0], [4.142904841761517, 3.732071187514425, 8.090826078056057], [5.674550574883673, 13.033918891406728, -2.123772770001831], [18.18254458335481, 11.234009921078847, 7.0329466919457735]]
Attitude: [[0.0, 0.0, 0.0], [1.1355654236864037, 1.1812058528805445, 0.6034260736599171], [1.1649506219932069, 0.435143023752247, 1.7190967177818088], [0.6298821484480811, 1.0480294904711909, 1.2528998172006138]]
Save Location: maps/map762/test.txt
