Path: 217
Path Score: 4.48672952671107
Waypoints: [[1.0, 1.0, 1.0], [0.1034748464100077, 6.396090427855569, 9.25430405624771], [4.23820593081067, 17.853982910663618, 13.793695135435073], [29.0, 29.0, 14.0]]
Velocity: [[0.0, 0.0, 0.0], [-0.8965251535899923, 5.396090427855569, 8.25430405624771], [4.134731084400663, 11.457892482808049, 4.539391079187363], [24.761794069189328, 11.146017089336382, 0.20630486456492747]]
Attitude: [[0.0, 0.0, 0.0], [1.6614577493511176, 0.9944855483118206, 0.5852456997051783], [1.2471032546194531, 0.4919478221050709, 1.214080126767873], [0.42302582521687426, 1.1478475994517368, 1.5631990947061005]]
Save Location: maps/map138/test.txt
