Path: 635
Path Score: 4.344623727849683
Waypoints: [[1.0, 1.0, 1.0], [12.65259495451803, 15.504691539838976, 1.3902173466937446], [16.0492409098564, 24.532128528212887, 5.259776536804952], [29.0, 29.0, 14.0]]
Velocity: [[0.0, 0.0, 0.0], [11.65259495451803, 14.504691539838976, 0.39021734669374464], [3.3966459553383714, 9.02743698837391, 3.8695591901112074], [12.950759090143599, 4.467871471787113, 8.740223463195047]]
Attitude: [[0.0, 0.0, 0.0], [0.8941821376993422, 0.6770644370273821, 1.5498263094141658], [1.2378442797668585, 0.5183372387015138, 1.1892679853327692], [0.6485671725677874, 1.2922699173049879, 1.0029155967308279]]
Save Location: maps/map605/test.txt
