Path: 2200
Path Score: 4.0281776933338485
Waypoints: [[1.0, 1.0, 1.0], [5.839689469355285, 6.231079992564079, 1.4400139470819306], [20.610598369444524, 19.278006681353382, 8.827928443474919], [29.0, 29.0, 14.0]]
Velocity: [[0.0, 0.0, 0.0], [4.839689469355285, 5.231079992564079, 0.44001394708193065], [14.770908900089239, 13.046926688789302, 7.387914496392988], [8.389401630555476, 9.721993318646618, 5.172071556525081]]
Attitude: [[0.0, 0.0, 0.0], [0.8259996858182699, 0.748605830934555, 1.5091311358387776], [0.7928748260122982, 0.9021939931585803, 1.2121393161728324], [0.919766086046802, 0.7922213235648208, 1.1879058042443305]]
Save Location: maps/map2469/test.txt
