Path: 2467
Path Score: 4.242465127102901
Waypoints: [[1.0, 1.0, 1.0], [12.386106231445222, 1.1077460717588705, 7.4490524792482224], [19.150517884687012, 16.221567393022806, 9.065163787729501], [29.0, 29.0, 14.0]]
Velocity: [[0.0, 0.0, 0.0], [11.386106231445222, 0.10774607175887052, 6.4490524792482224], [6.76441165324179, 15.113821321263934, 1.6161113084812788], [9.849482115312988, 12.778432606977194, 4.934836212270499]]
Attitude: [[0.0, 0.0, 0.0], [0.5154044449224107, 1.562562589250552, 1.0554709245652716], [1.1520850959328823, 0.4312714619221239, 1.4735045353502252], [0.9474095871230266, 0.7114898316461911, 1.2739640805957166]]
Save Location: maps/map1249/test.txt
