Path: 1297
Path Score: 4.248539498206669
Waypoints: [[1.0, 1.0, 1.0], [11.681123338592288, 14.089788280863255, 4.111381059339743], [20.852071857601725, 15.195208825034904, 7.612944235060696], [29.0, 29.0, 14.0]]
Velocity: [[0.0, 0.0, 0.0], [10.681123338592288, 13.089788280863255, 3.1113810593397426], [9.170948519009437, 1.1054205441716487, 3.5015631757209533], [8.147928142398275, 13.804791174965096, 6.387055764939304]]
Attitude: [[0.0, 0.0, 0.0], [0.8998039769895753, 0.7044384319041941, 1.3886732407031834], [0.3808379041664727, 1.4586623610330227, 1.2084651753545157], [1.0790221355094318, 0.643470475899189, 1.1916321938329075]]
Save Location: maps/map1201/test.txt
