Path: 1351
Path Score: 4.215420505564925
Waypoints: [[1.0, 1.0, 1.0], [2.1166871798879825, 7.959406805005861, 2.641112218552253], [16.596716632096093, 19.215720704642216, 5.13918037419731], [29.0, 29.0, 14.0]]
Velocity: [[0.0, 0.0, 0.0], [1.1166871798879825, 6.959406805005861, 1.6411122185522529], [14.480029452208111, 11.256313899636355, 2.4980681556450572], [12.403283367903907, 9.784279295357784, 8.86081962580269]]
Attitude: [[0.0, 0.0, 0.0], [1.4158739947349994, 0.27784815422419984, 1.3420381855188857], [0.6724692758029828, 0.9171008861702835, 1.43542471828395], [0.816514821634672, 1.0001521739681158, 1.059633768091095]]
Save Location: maps/map1433/test.txt
