Path: 2282
Path Score: 4.190970415922438
Waypoints: [[1.0, 1.0, 1.0], [4.608820246079843, 7.120273707001329, 9.286680001717013], [16.72641038031882, 15.264827052821502, 13.846194206338602], [29.0, 29.0, 14.0]]
Velocity: [[0.0, 0.0, 0.0], [3.6088202460798433, 6.120273707001329, 8.286680001717013], [12.117590134238977, 8.144553345820174, 4.559514204621589], [12.273589619681179, 13.735172947178498, 0.15380579366139813]]
Attitude: [[0.0, 0.0, 0.0], [1.233845257898589, 0.9755770124671417, 0.7087760394342274], [0.6563559528306441, 1.0092769768624066, 1.2681042818624768], [0.8415660736191315, 0.7293004114667039, 1.5624465811421142]]
Save Location: maps/map1637/test.txt
