Path: 430
Path Score: 4.19719497239376
Waypoints: [[1.0, 1.0, 1.0], [8.23561037690084, 4.511685430060676, 8.33124458240136], [21.79639181727039, 14.477895924297679, 6.70148367285092], [29.0, 29.0, 14.0]]
Velocity: [[0.0, 0.0, 0.0], [7.235610376900841, 3.511685430060676, 7.331244582401361], [13.56078144036955, 9.966210494237004, -1.6297609095504404], [7.20360818272961, 14.522104075702321, 7.29851632714908]]
Attitude: [[0.0, 0.0, 0.0], [0.8434728410597166, 1.2422312953632766, 0.8316455994328315], [0.6400944793897855, 0.9404285375376136, 1.6673368539445235], [1.1535972127018381, 0.6148409412743631, 1.1477501781583583]]
Save Location: maps/map1589/test.txt
