Path: 685
Path Score: 4.436438570831848
Waypoints: [[1.0, 1.0, 1.0], [7.279071891786115, 11.99037003440958, 7.619831722996372], [9.057942771808293, 22.483164120725405, 13.633419250864584], [29.0, 29.0, 14.0]]
Velocity: [[0.0, 0.0, 0.0], [6.279071891786115, 10.99037003440958, 6.619831722996372], [1.7788708800221773, 10.492794086315826, 6.0135875278682125], [19.942057228191707, 6.516835879274595, 0.36658074913541583]]
Attitude: [[0.0, 0.0, 0.0], [1.115662030937802, 0.6928797362779866, 1.088924427386206], [1.4247550182048418, 0.5387006569469652, 1.0564694027173065], [0.3163154151017467, 1.2549974740262801, 1.5533251264663486]]
Save Location: maps/map243/test.txt
