Path: 314
Path Score: 4.176978749649555
Waypoints: [[1.0, 1.0, 1.0], [11.62421921707525, 9.637940007438962, 4.108292062461251], [28.351474234720296, 25.498527752787144, 7.37118465653362], [29.0, 29.0, 14.0]]
Velocity: [[0.0, 0.0, 0.0], [10.62421921707525, 8.637940007438962, 3.108292062461251], [16.727255017645046, 15.860587745348182, 3.262892594072369], [0.6485257652797038, 3.501472247212856, 6.62881534346638]]
Attitude: [[0.0, 0.0, 0.0], [0.7126112608988734, 0.9081638967287853, 1.3475745118170808], [0.7691626893885204, 0.8213043589282888, 1.4301809022475003], [1.4845037528142369, 1.0867929210996663, 0.49296575546596705]]
Save Location: maps/map1747/test.txt
