Path: 224
Path Score: 4.323221965261157
Waypoints: [[1.0, 1.0, 1.0], [0.2429086269009595, 4.401009458247564, 1.9766829018839305], [11.62421921707525, 9.637940007438962, 4.108292062461251], [29.0, 29.0, 14.0]]
Velocity: [[0.0, 0.0, 0.0], [-0.7570913730990405, 3.4010094582475636, 0.9766829018839305], [11.38131059017429, 5.236930549191398, 2.1316091605773204], [17.37578078292475, 19.362059992561036, 9.891707937538749]]
Attitude: [[0.0, 0.0, 0.0], [1.7815782743907893, 0.34851827104464184, 1.297497366701187], [0.46107700889984243, 1.1460560199338148, 1.4022673989092354], [0.8965659978428239, 0.8014560323534023, 1.207454132976777]]
Save Location: maps/map720/test.txt
