Path: 542
Path Score: 4.113647364885176
Waypoints: [[1.0, 1.0, 1.0], [9.981785049321614, 2.094242845092411, 3.906087432644374], [22.610660907061256, 12.829583706462888, 7.646387831785042], [29.0, 29.0, 14.0]]
Velocity: [[0.0, 0.0, 0.0], [8.981785049321614, 1.094242845092411, 2.906087432644374], [12.628875857739642, 10.735340861370476, 3.7403003991406685], [6.389339092938744, 16.170416293537112, 6.353612168214958]]
Attitude: [[0.0, 0.0, 0.0], [0.33286566125405836, 1.4553984883962245, 1.2600245384619229], [0.732914582038157, 0.8869356042324775, 1.3488567048779632], [1.2183916059253201, 0.5083781419888332, 1.2204471921007194]]
Save Location: maps/map2174/test.txt
