Path: 266
Path Score: 4.227429731116118
Waypoints: [[1.0, 1.0, 1.0], [10.236205802881091, 6.726958385030271, 8.616461550781413], [24.548396690958242, 11.577212241638717, 14.392801991557022], [29.0, 29.0, 14.0]]
Velocity: [[0.0, 0.0, 0.0], [9.236205802881091, 5.726958385030271, 7.616461550781413], [14.31219088807715, 4.850253856608446, 5.776340440775609], [4.451603309041758, 17.42278775836128, -0.3928019915570218]]
Attitude: [[0.0, 0.0, 0.0], [0.801018365502451, 1.1245932303302049, 0.9595076706588436], [0.4850186230843649, 1.2663088447073418, 1.2056910770547982], [1.3207044969365416, 0.251084454734688, 1.5926364233314274]]
Save Location: maps/map1355/test.txt
