Path: 1397
Path Score: 4.209353160989503
Waypoints: [[1.0, 1.0, 1.0], [2.1166871798879825, 7.959406805005861, 2.641112218552253], [12.704603846584774, 19.922199713463662, 8.33279809450805], [29.0, 29.0, 14.0]]
Velocity: [[0.0, 0.0, 0.0], [1.1166871798879825, 6.959406805005861, 1.6411122185522529], [10.587916666696792, 11.962792908457802, 5.6916858759557964], [16.295396153415226, 9.077800286536338, 5.66720190549195]]
Attitude: [[0.0, 0.0, 0.0], [1.4158739947349994, 0.27784815422419984, 1.3420381855188857], [0.8965300187057306, 0.7878161424552201, 1.2285388638502108], [0.5810873343497762, 1.0864359774071253, 1.2758411019683804]]
Save Location: maps/map1477/test.txt
