Path: 1203
Path Score: 4.197447972810451
Waypoints: [[1.0, 1.0, 1.0], [10.98841998167141, 13.67984788740044, 4.669955467169109], [16.562231948918217, 23.36225528971405, 10.468909590942717], [29.0, 29.0, 14.0]]
Velocity: [[0.0, 0.0, 0.0], [9.98841998167141, 12.67984788740044, 3.6699554671691086], [5.573811967246808, 9.68240740231361, 5.798954123773608], [12.437768051081783, 5.637744710285951, 3.531090409057283]]
Attitude: [[0.0, 0.0, 0.0], [0.9230317793050691, 0.698207449561829, 1.3472349331065676], [1.1120698876152473, 0.693191931918417, 1.0920207306081928], [0.4911333101171544, 1.159608420333512, 1.31776151037235]]
Save Location: maps/map1583/test.txt
