Path: 2146
Path Score: 4.1796086892679245
Waypoints: [[1.0, 1.0, 1.0], [7.976694836660609, 10.929766397758005, 9.409001445334173], [21.78645601699983, 26.938246068819566, 10.468055210066508], [29.0, 29.0, 14.0]]
Velocity: [[0.0, 0.0, 0.0], [6.976694836660609, 9.929766397758005, 8.409001445334173], [13.809761180339219, 16.00847967106156, 1.0590537647323348], [7.2135439830001715, 2.0617539311804336, 3.531944789933492]]
Attitude: [[0.0, 0.0, 0.0], [1.0786293818483852, 0.8331465441750755, 0.9648405508336908], [0.8600820987895541, 0.7132444463029408, 1.520745569386145], [0.5157591343381982, 1.3195229300441227, 1.1308007241554319]]
Save Location: maps/map1729/test.txt
