Path: 1363
Path Score: 4.252675891066832
Waypoints: [[1.0, 1.0, 1.0], [2.1166871798879825, 7.959406805005861, 2.641112218552253], [14.43692874246404, 21.36894668574859, 11.322509376936443], [29.0, 29.0, 14.0]]
Velocity: [[0.0, 0.0, 0.0], [1.1166871798879825, 6.959406805005861, 1.6411122185522529], [12.320241562576058, 13.409539880742729, 8.68139715838419], [14.56307125753596, 7.63105331425141, 2.677490623063557]]
Attitude: [[0.0, 0.0, 0.0], [1.4158739947349994, 0.27784815422419984, 1.3420381855188857], [0.9138348279617285, 0.8436906286920187, 1.1259309823521457], [0.5069175043207065, 1.0949344880442036, 1.4093618733327953]]
Save Location: maps/map1175/test.txt
