Path: 429
Path Score: 4.172537726541696
Waypoints: [[1.0, 1.0, 1.0], [8.23561037690084, 4.511685430060676, 8.33124458240136], [14.31024281394206, 14.397341180730484, 10.344580509492056], [29.0, 29.0, 14.0]]
Velocity: [[0.0, 0.0, 0.0], [7.235610376900841, 3.511685430060676, 7.331244582401361], [6.074632437041219, 9.885655750669809, 2.0133359270906954], [14.68975718605794, 14.602658819269516, 3.655419490507944]]
Attitude: [[0.0, 0.0, 0.0], [0.8434728410597166, 1.2422312953632766, 0.8316455994328315], [1.0288130047931756, 0.5745175440152919, 1.3989870198127548], [0.7976180124622528, 0.8033878261380559, 1.3961151528842315]]
Save Location: maps/map1784/test.txt
