Path: 2400
Path Score: 4.116476806952746
Waypoints: [[1.0, 1.0, 1.0], [12.422424952449036, 7.364456284222653, 4.120550879483655], [24.417165918970664, 21.028566972505814, 13.862338142170172], [29.0, 29.0, 14.0]]
Velocity: [[0.0, 0.0, 0.0], [11.422424952449036, 6.364456284222653, 3.1205508794836554], [11.994740966521627, 13.664110688283161, 9.741787262686517], [4.582834081029336, 7.971433027494186, 0.1376618578298281]]
Attitude: [[0.0, 0.0, 0.0], [0.5554007765856399, 1.0776065097557235, 1.3365284239372268], [0.950225956550937, 0.8467390504822689, 1.0789239008548528], [1.0490962265383572, 0.5219593966089846, 1.5558258939074248]]
Save Location: maps/map2159/test.txt
