Path: 2420
Path Score: 4.085351803648407
Waypoints: [[1.0, 1.0, 1.0], [12.422424952449036, 7.364456284222653, 4.120550879483655], [25.89146789512382, 17.947079052650324, 10.291630941969098], [29.0, 29.0, 14.0]]
Velocity: [[0.0, 0.0, 0.0], [11.422424952449036, 6.364456284222653, 3.1205508794836554], [13.469042942674784, 10.58262276842767, 6.1710800624854425], [3.108532104876179, 11.052920947349676, 3.708369058030902]]
Attitude: [[0.0, 0.0, 0.0], [0.5554007765856399, 1.0776065097557235, 1.3365284239372268], [0.7380544482737261, 0.9505395294512268, 1.2250033379460616], [1.3102246373088302, 0.4126571490004325, 1.2583924394013435]]
Save Location: maps/map2306/test.txt
