Path: 1414
Path Score: 4.251598537805849
Waypoints: [[1.0, 1.0, 1.0], [10.074445050749116, 1.0357225832720962, 9.412027835082272], [25.428707168258946, 19.405189246924685, 11.09112041789754], [29.0, 29.0, 14.0]]
Velocity: [[0.0, 0.0, 0.0], [9.074445050749116, 0.03572258327209621, 8.412027835082272], [15.35426211750983, 18.369466663652588, 1.6790925828152687], [3.5712928317410544, 9.594810753075315, 2.9088795821024593]]
Attitude: [[0.0, 0.0, 0.0], [0.7475390695972799, 1.5679093516700198, 0.8232656157544957], [0.8766164109166489, 0.6991526579930931, 1.5007775458490906], [1.228608075856676, 0.4475659367165343, 1.29396325921033]]
Save Location: maps/map1183/test.txt
