Path: 742
Path Score: 4.116718115457334
Waypoints: [[1.0, 1.0, 1.0], [12.697608925444278, 6.8811022717284045, 6.207161753256], [24.80078989068509, 16.52228778449424, 8.560347909072977], [29.0, 29.0, 14.0]]
Velocity: [[0.0, 0.0, 0.0], [11.697608925444278, 5.8811022717284045, 5.207161753256], [12.10318096524081, 9.641185512765833, 2.353186155816977], [4.199210109314912, 12.477712215505761, 5.439652090927023]]
Attitude: [[0.0, 0.0, 0.0], [0.5913478455125089, 1.1402281118229445, 1.1922640516212777], [0.6867979650277608, 0.9071647158040227, 1.419877451351548], [1.2715632840353657, 0.5034073100322944, 1.1789804677621314]]
Save Location: maps/map2156/test.txt
