Path: 1235
Path Score: 4.303974749142116
Waypoints: [[1.0, 1.0, 1.0], [10.98841998167141, 13.67984788740044, 4.669955467169109], [12.704603846584774, 19.922199713463662, 8.33279809450805], [29.0, 29.0, 14.0]]
Velocity: [[0.0, 0.0, 0.0], [9.98841998167141, 12.67984788740044, 3.6699554671691086], [1.716183864913365, 6.2423518260632225, 3.662842627338941], [16.295396153415226, 9.077800286536338, 5.66720190549195]]
Attitude: [[0.0, 0.0, 0.0], [0.9230317793050691, 0.698207449561829, 1.3472349331065676], [1.3379768351496293, 0.5749585095264691, 1.0559185148678911], [0.5810873343497762, 1.0864359774071253, 1.2758411019683804]]
Save Location: maps/map835/test.txt
