Path: 969
Path Score: 4.090857535891557
Waypoints: [[1.0, 1.0, 1.0], [7.03200889148945, 11.212381035806049, 2.4091861245466912], [18.987168424161545, 21.350324413129044, 10.434584031210562], [29.0, 29.0, 14.0]]
Velocity: [[0.0, 0.0, 0.0], [6.03200889148945, 10.212381035806049, 1.4091861245466912], [11.955159532672095, 10.137943377322996, 8.025397906663871], [10.012831575838455, 7.649675586870956, 3.565415968789438]]
Attitude: [[0.0, 0.0, 0.0], [1.0413956223611207, 0.5452295055399751, 1.4525400011168248], [0.8245517219323749, 0.9573440799654319, 1.0976035234757622], [0.7003550436294252, 0.9469578898565721, 1.2950479413160163]]
Save Location: maps/map2285/test.txt
