Path: 603
Path Score: 4.391041738494886
Waypoints: [[1.0, 1.0, 1.0], [1.9869655009534015, 2.3470905443897805, 9.726710653669548], [7.177206899450002, 15.45719743824309, 14.540668792615357], [29.0, 29.0, 14.0]]
Velocity: [[0.0, 0.0, 0.0], [0.9869655009534015, 1.3470905443897805, 8.726710653669548], [5.1902413984966, 13.11010689385331, 4.813958138945809], [21.822793100549998, 13.54280256175691, -0.5406687926153566]]
Attitude: [[0.0, 0.0, 0.0], [1.4594850995761104, 1.4185963426785977, 0.18907565762625306], [1.214979820428092, 0.49510855820830135, 1.241792268053452], [0.5557718496340723, 1.0155187584190801, 1.591844435500265]]
Save Location: maps/map390/test.txt
