Path: 375
Path Score: 4.481988801939076
Waypoints: [[1.0, 1.0, 1.0], [5.0694130019156045, 0.10947803648002186, 11.387112714668532], [24.548396690958242, 11.577212241638717, 14.392801991557022], [29.0, 29.0, 14.0]]
Velocity: [[0.0, 0.0, 0.0], [4.0694130019156045, -0.8905219635199781, 10.387112714668532], [19.478983689042636, 11.467734205158695, 3.0056892768884893], [4.451603309041758, 17.42278775836128, -0.3928019915570218]]
Attitude: [[0.0, 0.0, 0.0], [1.1986423454069668, 1.65045321960768, 0.3814078923026202], [0.5467257079851248, 1.0438386903233792, 1.438600121195013], [1.3207044969365416, 0.251084454734688, 1.5926364233314274]]
Save Location: maps/map145/test.txt
