Path: 1814
Path Score: 4.163359692653998
Waypoints: [[1.0, 1.0, 1.0], [5.8300877579373775, 12.986927175779844, 2.2883830638241456], [21.595430679697905, 24.032909211980147, 6.078853224688489], [29.0, 29.0, 14.0]]
Velocity: [[0.0, 0.0, 0.0], [4.8300877579373775, 11.986927175779844, 1.2883830638241456], [15.765342921760528, 11.045982036200304, 3.790470160864343], [7.404569320302095, 4.967090788019853, 7.921146775311511]]
Attitude: [[0.0, 0.0, 0.0], [1.1897394258126446, 0.3951048953544142, 1.471431398260883], [0.6375574899062126, 0.9727748263048203, 1.3763753443302338], [0.9009774146927041, 1.1412360805544841, 0.8444306588818015]]
Save Location: maps/map1863/test.txt
