Path: 944
Path Score: 4.141592897033698
Waypoints: [[1.0, 1.0, 1.0], [7.03200889148945, 11.212381035806049, 2.4091861245466912], [15.326606466973086, 21.339557800606936, 5.709370475713641], [29.0, 29.0, 14.0]]
Velocity: [[0.0, 0.0, 0.0], [6.03200889148945, 10.212381035806049, 1.4091861245466912], [8.294597575483635, 10.127176764800888, 3.3001843511669495], [13.673393533026914, 7.660442199393064, 8.29062952428636]]
Attitude: [[0.0, 0.0, 0.0], [1.0413956223611207, 0.5452295055399751, 1.4525400011168248], [0.909155221510456, 0.7224944073201489, 1.32383641113312], [0.690120256163992, 1.1240390241586073, 1.0842390444713212]]
Save Location: maps/map1991/test.txt
