Path: 1752
Path Score: 4.516312932511605
Waypoints: [[1.0, 1.0, 1.0], [10.805725952785512, 11.283487147150078, 0.7484718343695662], [9.662916602314, 22.21326367479614, 9.15459432162151], [29.0, 29.0, 14.0]]
Velocity: [[0.0, 0.0, 0.0], [9.805725952785512, 10.283487147150078, -0.2515281656304338], [-1.142809350471511, 10.92977652764606, 8.406122487251944], [19.337083397686, 6.7867363252038615, 4.845405678378491]]
Attitude: [[0.0, 0.0, 0.0], [0.8093250089126587, 0.7617849255869302, 1.5884962164824006], [1.6534886268174118, 0.6600454402081318, 0.9178064823973072], [0.40714433808387096, 1.242659214067075, 1.3386234911715096]]
Save Location: maps/map91/test.txt
