Path: 95
Path Score: 4.295217394877478
Waypoints: [[1.0, 1.0, 1.0], [6.844542921659472, 12.575654287568902, 0.7512941296865822], [20.212090313700415, 29.084942607850003, 7.828513501034688], [29.0, 29.0, 14.0]]
Velocity: [[0.0, 0.0, 0.0], [5.844542921659472, 11.575654287568902, -0.24870587031341784], [13.367547392040944, 16.5092883202811, 7.0772193713481055], [8.787909686299585, -0.08494260785000307, 6.171486498965312]]
Attitude: [[0.0, 0.0, 0.0], [1.103329579532339, 0.4679236243581791, 1.5899732357353402], [0.9310169949032506, 0.741680812225159, 1.2492002644448974], [0.6122924637915843, 1.5787062884807508, 0.9585703773157652]]
Save Location: maps/map902/test.txt
