Path: 1245
Path Score: 4.298187491513475
Waypoints: [[1.0, 1.0, 1.0], [10.98841998167141, 13.67984788740044, 4.669955467169109], [20.24894541404868, 13.704934531749169, 10.28792228211892], [29.0, 29.0, 14.0]]
Velocity: [[0.0, 0.0, 0.0], [9.98841998167141, 12.67984788740044, 3.6699554671691086], [9.260525432377271, 0.02508664434872898, 5.617966814949812], [8.75105458595132, 15.295065468250831, 3.7120777178810798]]
Attitude: [[0.0, 0.0, 0.0], [0.9230317793050691, 0.698207449561829, 1.3472349331065676], [0.5453047365124319, 1.5684802239622742, 1.0254976386390877], [1.0633520659267364, 0.5560751825583984, 1.3631766434720947]]
Save Location: maps/map884/test.txt
