Path: 2304
Path Score: 4.2349886116457744
Waypoints: [[1.0, 1.0, 1.0], [4.608820246079843, 7.120273707001329, 9.286680001717013], [19.778926106740936, 25.028774492325528, 13.753258473645548], [29.0, 29.0, 14.0]]
Velocity: [[0.0, 0.0, 0.0], [3.6088202460798433, 6.120273707001329, 8.286680001717013], [15.170105860661092, 17.9085007853242, 4.4665784719285355], [9.221073893259064, 3.971225507674472, 0.24674152635445168]]
Attitude: [[0.0, 0.0, 0.0], [1.233845257898589, 0.9755770124671417, 0.7087760394342274], [0.8828368107831911, 0.7233677960972402, 1.3827360199898269], [0.40736238913210576, 1.1642642704118822, 1.54622508670751]]
Save Location: maps/map1301/test.txt
