Path: 2273
Path Score: 4.299135336771131
Waypoints: [[1.0, 1.0, 1.0], [5.7591996310330025, 10.496060591014656, 1.1961851557501069], [11.717608255286521, 26.086366361922085, 10.100298251227693], [29.0, 29.0, 14.0]]
Velocity: [[0.0, 0.0, 0.0], [4.7591996310330025, 9.496060591014656, 0.19618515575010687], [5.958408624253519, 15.59030577090743, 8.904113095477587], [17.28239174471348, 2.913633638077915, 3.8997017487723067]]
Attitude: [[0.0, 0.0, 0.0], [1.1062936554501903, 0.46492826404694765, 1.5523285842779897], [1.2503601799485282, 0.6020905027477396, 1.0807124470801206], [0.27455761083990476, 1.4078003124714065, 1.351856955162436]]
Save Location: maps/map873/test.txt
