Path: 680
Path Score: 4.48053546664025
Waypoints: [[1.0, 1.0, 1.0], [7.279071891786115, 11.99037003440958, 7.619831722996372], [6.938039822185598, 21.090386253324894, 12.519590149875834], [29.0, 29.0, 14.0]]
Velocity: [[0.0, 0.0, 0.0], [6.279071891786115, 10.99037003440958, 6.619831722996372], [-0.3410320696005176, 9.100016218915314, 4.899758426879462], [22.061960177814402, 7.909613746675106, 1.4804098501241665]]
Attitude: [[0.0, 0.0, 0.0], [1.115662030937802, 0.6928797362779866, 1.088924427386206], [1.6037812594149945, 0.49492935038321845, 1.0771691417202947], [0.3497487223204723, 1.2272661765835426, 1.5077145816114603]]
Save Location: maps/map151/test.txt
