Path: 2141
Path Score: 4.203874170642308
Waypoints: [[1.0, 1.0, 1.0], [7.976694836660609, 10.929766397758005, 9.409001445334173], [22.31107341157168, 20.857103800923483, 7.836819148340205], [29.0, 29.0, 14.0]]
Velocity: [[0.0, 0.0, 0.0], [6.976694836660609, 9.929766397758005, 8.409001445334173], [14.33437857491107, 9.927337403165478, -1.5721822969939678], [6.68892658842832, 8.142896199076517, 6.163180851659795]]
Attitude: [[0.0, 0.0, 0.0], [1.0786293818483852, 0.8331465441750755, 0.9648405508336908], [0.6115211821096854, 0.9678803927527827, 1.6607200756508522], [0.9909241630968201, 0.8405978425021317, 1.041586930795209]]
Save Location: maps/map1528/test.txt
