Path: 200
Path Score: 4.419937076305459
Waypoints: [[1.0, 1.0, 1.0], [0.1034748464100077, 6.396090427855569, 9.25430405624771], [6.938039822185598, 21.090386253324894, 12.519590149875834], [29.0, 29.0, 14.0]]
Velocity: [[0.0, 0.0, 0.0], [-0.8965251535899923, 5.396090427855569, 8.25430405624771], [6.83456497577559, 14.694295825469325, 3.2652860936281236], [22.061960177814402, 7.909613746675106, 1.4804098501241665]]
Attitude: [[0.0, 0.0, 0.0], [1.6614577493511176, 0.9944855483118206, 0.5852456997051783], [1.144586312335063, 0.47594970247315943, 1.371971788959339], [0.3497487223204723, 1.2272661765835426, 1.5077145816114603]]
Save Location: maps/map302/test.txt
