Path: 2506
Path Score: 4.790917566210873
Waypoints: [[1.0, 1.0, 1.0], [1.327818985938627, 0.12165432475222393, 2.009587905737008], [6.351589522056588, 15.595530052506257, 9.804307665027011], [29.0, 29.0, 14.0]]
Velocity: [[0.0, 0.0, 0.0], [0.3278189859386269, -0.8783456752477761, 1.0095879057370079], [5.023770536117961, 15.473875727754033, 7.794719759290003], [22.64841047794341, 13.404469947493743, 4.195692334972989]]
Attitude: [[0.0, 0.0, 0.0], [1.3305559476771869, 2.2620673328650165, 0.7484058480919805], [1.288583528560485, 0.5399001251433426, 1.1239950590696643], [0.5551154872057305, 1.0437555844404118, 1.4127030288890532]]
Save Location: maps/map1/test.txt
