Path: 1888
Path Score: 4.061595017643183
Waypoints: [[1.0, 1.0, 1.0], [8.469661386104097, 5.59096684474812, 2.5279558793890997], [17.427868364228836, 16.4750747584921, 4.825948732556496], [29.0, 29.0, 14.0]]
Velocity: [[0.0, 0.0, 0.0], [7.469661386104097, 4.59096684474812, 1.5279558793890997], [8.958206978124739, 10.884107913743978, 2.297992853167396], [11.572131635771164, 12.524925241507901, 9.174051267443504]]
Attitude: [[0.0, 0.0, 0.0], [0.5747996990566772, 1.0288000156137393, 1.3982583619310816], [0.8928316766146679, 0.7043214598974782, 1.4091999108985513], [0.930265420446883, 0.8673805595008431, 1.0772217983493675]]
Save Location: maps/map2390/test.txt
