Path: 1255
Path Score: 4.230706603743576
Waypoints: [[1.0, 1.0, 1.0], [11.681123338592288, 14.089788280863255, 4.111381059339743], [16.060622627406442, 22.284008548073043, 8.655570821620126], [29.0, 29.0, 14.0]]
Velocity: [[0.0, 0.0, 0.0], [10.681123338592288, 13.089788280863255, 3.1113810593397426], [4.379499288814154, 8.194220267209788, 4.544189762280383], [12.939377372593558, 6.715991451926957, 5.344429178379874]]
Attitude: [[0.0, 0.0, 0.0], [0.8998039769895753, 0.7044384319041941, 1.3886732407031834], [1.1335661818731562, 0.6562956151199355, 1.11591590460852], [0.5856835745155158, 1.123499545747589, 1.2194127759243851]]
Save Location: maps/map1335/test.txt
