# Note +ve X is north
# Note +ve Y is West
# x, y, height
# waypoints
G: (11.0,-17.0,15)
G: (14.041794905704176,-18.191788988646948,15)
G: (17.102987572317353,-20.244257233633594,15)
G: (20.156385376833907,-20.244120009494,15)
G: (23.207114354113127,-20.227705628205673,15)
G: (26.007481932575384,-18.96153503399044,15)
G: (29.0,-17.0,15)


# wall segments
# x1, y1, x2, y2, z
W: (40.0,-14.6,26.0,-20.6,3)
W: (26.0,-20.6,8.0,-18.6,3)
W: (8.0,-18.6,0.0,-14.6,3)
W: (0.0,-7.399999999999999,14.0,-11.4,3)
W: (14.0,-11.4,28.0,-11.4,3)
W: (28.0,-11.4,40.0,-7.399999999999999,3)


# environment settings
R: (0)
D: (1)
