Path: 1975
Path Score: 4.301447667034233
Waypoints: [[1.0, 1.0, 1.0], [7.908661902969909, 13.249370598681029, 5.122888052721978], [15.400672772919897, 26.69900395650807, 5.879479941270359], [29.0, 29.0, 14.0]]
Velocity: [[0.0, 0.0, 0.0], [6.908661902969909, 12.249370598681029, 4.122888052721978], [7.492010869949988, 13.44963335782704, 0.7565918885483818], [13.599327227080103, 2.3009960434919314, 8.12052005872964]]
Attitude: [[0.0, 0.0, 0.0], [1.0799032623057099, 0.5811391675180452, 1.2856207472042467], [1.063233971236593, 0.5103933434192033, 1.5216922777044182], [0.5554547236335042, 1.4265344991304623, 1.0386836664292136]]
Save Location: maps/map856/test.txt
