# Note +ve X is north
# Note +ve Y is West
# x, y, height
# waypoints
G: (4.0,-2.0,10)
G: (17.02514874651453,0.2982669027351932,10)
G: (28.45863289362812,-4.6064357629785775,10)
G: (43.362384300376746,-4.915294444355993,10)
G: (56.6876742718412,-7.354506262438676,10)
G: (71.16081675480078,-3.221924415918309,10)
G: (83.6832564279249,-0.5783498278518238,10)
G: (96.0,-2.0,10)


# wall segments
# x1, y1, x2, y2, z
W: (96.0,-9.200000000000003,0.0,-9.200000000000003,30)
W: (0.0,5.200000000000003,96.0,5.200000000000003,30)


# environment settings
R: (0)
D: (1)
