Path: 2001
Path Score: 4.28742663180335
Waypoints: [[1.0, 1.0, 1.0], [1.6574939373145603, 7.640942564656317, 6.853106441814953], [8.159225786633002, 22.267181592153765, 7.3392383843274605], [29.0, 29.0, 14.0]]
Velocity: [[0.0, 0.0, 0.0], [0.6574939373145603, 6.640942564656317, 5.853106441814953], [6.501731849318441, 14.626239027497448, 0.48613194251250746], [20.840774213367, 6.732818407846235, 6.6607616156725395]]
Attitude: [[0.0, 0.0, 0.0], [1.4966576018134188, 0.7255359120981532, 0.8507902510389312], [1.152709432154459, 0.41932737799794373, 1.54043423871862], [0.42653797996828985, 1.2722670340266777, 1.2755587507369637]]
Save Location: maps/map949/test.txt
