Path: 174
Path Score: 4.3070619434070325
Waypoints: [[1.0, 1.0, 1.0], [0.8689948832512862, 4.64282219210965, 7.776103442790986], [14.31024281394206, 14.397341180730484, 10.344580509492056], [29.0, 29.0, 14.0]]
Velocity: [[0.0, 0.0, 0.0], [-0.13100511674871385, 3.6428221921096497, 6.776103442790986], [13.441247930690773, 9.754518988620834, 2.56847706670107], [14.68975718605794, 14.602658819269516, 3.655419490507944]]
Attitude: [[0.0, 0.0, 0.0], [1.5878233126910848, 1.077602275761293, 0.4935415452562085], [0.6437901286153159, 0.9515196012867192, 1.4173567440199768], [0.7976180124622528, 0.8033878261380559, 1.3961151528842315]]
Save Location: maps/map820/test.txt
