Path: 244
Path Score: 4.189608781117597
Waypoints: [[1.0, 1.0, 1.0], [10.236205802881091, 6.726958385030271, 8.616461550781413], [17.495244973045097, 26.03561227858441, 12.515738341607829], [29.0, 29.0, 14.0]]
Velocity: [[0.0, 0.0, 0.0], [9.236205802881091, 5.726958385030271, 7.616461550781413], [7.259039170164005, 19.308653893554137, 3.8992767908264163], [11.504755026954903, 2.9643877214155907, 1.484261658392171]]
Attitude: [[0.0, 0.0, 0.0], [0.801018365502451, 1.1245932303302049, 0.9595076706588436], [1.2177290704136787, 0.40335446648673423, 1.3839730683561244], [0.2805594303655102, 1.3206025270465491, 1.4465080099651364]]
Save Location: maps/map1649/test.txt
