Path: 1190
Path Score: 4.18289365680106
Waypoints: [[1.0, 1.0, 1.0], [10.98841998167141, 13.67984788740044, 4.669955467169109], [24.417165918970664, 21.028566972505814, 13.862338142170172], [29.0, 29.0, 14.0]]
Velocity: [[0.0, 0.0, 0.0], [9.98841998167141, 12.67984788740044, 3.6699554671691086], [13.428745937299254, 7.348719085105374, 9.192382675001063], [4.582834081029336, 7.971433027494186, 0.1376618578298281]]
Attitude: [[0.0, 0.0, 0.0], [0.9230317793050691, 0.698207449561829, 1.3472349331065676], [0.719613992443393, 1.146635776966957, 1.0300127091807154], [1.0490962265383572, 0.5219593966089846, 1.5558258939074248]]
Save Location: maps/map1702/test.txt
