Path: 1854
Path Score: 4.197397261764455
Waypoints: [[1.0, 1.0, 1.0], [5.142904841761517, 4.732071187514425, 9.090826078056057], [21.391366360934747, 19.016584990160858, 9.132275513596717], [29.0, 29.0, 14.0]]
Velocity: [[0.0, 0.0, 0.0], [4.142904841761517, 3.732071187514425, 8.090826078056057], [16.24846151917323, 14.284513802646433, 0.04144943554065961], [7.608633639065253, 9.983415009839142, 4.867724486403283]]
Attitude: [[0.0, 0.0, 0.0], [1.1355654236864037, 1.1812058528805445, 0.6034260736599171], [0.7211665531580156, 0.8496334747121358, 1.5688804507771374], [0.9701837951063373, 0.7354334851728955, 1.20085483013767]]
Save Location: maps/map1585/test.txt
