Path: 1289
Path Score: 4.32454539635903
Waypoints: [[1.0, 1.0, 1.0], [11.681123338592288, 14.089788280863255, 4.111381059339743], [15.400672772919897, 26.69900395650807, 5.879479941270359], [29.0, 29.0, 14.0]]
Velocity: [[0.0, 0.0, 0.0], [10.681123338592288, 13.089788280863255, 3.1113810593397426], [3.719549434327609, 12.609215675644814, 1.7680988819306167], [13.599327227080103, 2.3009960434919314, 8.12052005872964]]
Attitude: [[0.0, 0.0, 0.0], [0.8998039769895753, 0.7044384319041941, 1.3886732407031834], [1.2865765664599347, 0.31569488382268884, 1.4371053718917006], [0.5554547236335042, 1.4265344991304623, 1.0386836664292136]]
Save Location: maps/map715/test.txt
