Path: 1096
Path Score: 4.267909420376746
Waypoints: [[1.0, 1.0, 1.0], [6.277705044557794, 0.35330246109405494, 2.6825947684151497], [13.622214221490246, 10.560085107867, 6.307093757900562], [29.0, 29.0, 14.0]]
Velocity: [[0.0, 0.0, 0.0], [5.277705044557794, -0.6466975389059451, 1.6825947684151497], [7.344509176932452, 10.206782646772945, 3.6244989894854123], [15.377785778509754, 18.439914892133, 7.692906242099438]]
Attitude: [[0.0, 0.0, 0.0], [0.32912608513099045, 1.687014641004876, 1.264321452563771], [0.9749291300374655, 0.676217122818467, 1.2901631227557802], [0.914838330820967, 0.7504678954034324, 1.2607334357451414]]
Save Location: maps/map1067/test.txt
