Path: 342
Path Score: 4.278706416637846
Waypoints: [[1.0, 1.0, 1.0], [11.62421921707525, 9.637940007438962, 4.108292062461251], [23.80619581829966, 28.941778377351817, 14.88524117496731], [29.0, 29.0, 14.0]]
Velocity: [[0.0, 0.0, 0.0], [10.62421921707525, 8.637940007438962, 3.108292062461251], [12.18197660122441, 19.303838369912853, 10.77694911250606], [5.19380418170034, 0.05822162264818331, -0.8852411749673106]]
Attitude: [[0.0, 0.0, 0.0], [0.7126112608988734, 0.9081638967287853, 1.3475745118170808], [1.0671768392410317, 0.7001631603554375, 1.129692938890381], [0.16917730242266035, 1.5597463151797681, 1.7396054079197876]]
Save Location: maps/map1007/test.txt
