Path: 401
Path Score: 4.136385855906417
Waypoints: [[1.0, 1.0, 1.0], [8.23561037690084, 4.511685430060676, 8.33124458240136], [26.70124871286478, 19.147010920760337, 12.70089468843873], [29.0, 29.0, 14.0]]
Velocity: [[0.0, 0.0, 0.0], [7.235610376900841, 3.511685430060676, 7.331244582401361], [18.465638335963938, 14.63532549069966, 4.369650106037369], [2.2987512871352216, 9.852989079239663, 1.29910531156127]]
Attitude: [[0.0, 0.0, 0.0], [0.8434728410597166, 1.2422312953632766, 0.8316455994328315], [0.6910737880960687, 0.9138204968387096, 1.3874270795226777], [1.3434906352786418, 0.26183169500923487, 1.4430944105763563]]
Save Location: maps/map2028/test.txt
