Path: 1120
Path Score: 4.065212527288663
Waypoints: [[1.0, 1.0, 1.0], [7.244355243304841, 4.686769508950413, 5.732290508395203], [16.060622627406442, 22.284008548073043, 8.655570821620126], [29.0, 29.0, 14.0]]
Velocity: [[0.0, 0.0, 0.0], [6.244355243304841, 3.6867695089504133, 4.732290508395203], [8.8162673841016, 17.59723903912263, 2.9232803132249225], [12.939377372593558, 6.715991451926957, 5.344429178379874]]
Attitude: [[0.0, 0.0, 0.0], [0.7653529368027897, 1.1309818444795048, 0.9925991767107255], [1.111775512584612, 0.48565977917484, 1.4233502241220586], [0.5856835745155158, 1.123499545747589, 1.2194127759243851]]
Save Location: maps/map2382/test.txt
