Path: 385
Path Score: 4.509842037675765
Waypoints: [[1.0, 1.0, 1.0], [5.0694130019156045, 0.10947803648002186, 11.387112714668532], [12.613060744395664, 17.548051480031873, 8.080005726347148], [29.0, 29.0, 14.0]]
Velocity: [[0.0, 0.0, 0.0], [4.0694130019156045, -0.8905219635199781, 10.387112714668532], [7.54364774248006, 17.438573443551853, -3.307106988321385], [16.386939255604336, 11.451948519968127, 5.919994273652852]]
Attitude: [[0.0, 0.0, 0.0], [1.1986423454069668, 1.65045321960768, 0.3814078923026202], [1.1689181619191857, 0.4412657234609721, 1.7431256449705286], [0.6665783723714116, 0.989326980912511, 1.28290425102486]]
Save Location: maps/map100/test.txt
