Path: 629
Path Score: 4.36336034939831
Waypoints: [[1.0, 1.0, 1.0], [12.65259495451803, 15.504691539838976, 1.3902173466937446], [15.326606466973086, 21.339557800606936, 5.709370475713641], [29.0, 29.0, 14.0]]
Velocity: [[0.0, 0.0, 0.0], [11.65259495451803, 14.504691539838976, 0.39021734669374464], [2.6740115124550563, 5.83486626076796, 4.319153129019896], [13.673393533026914, 7.660442199393064, 8.29062952428636]]
Attitude: [[0.0, 0.0, 0.0], [0.8941821376993422, 0.6770644370273821, 1.5498263094141658], [1.2178728264581358, 0.7163392607218932, 0.9784688397374813], [0.690120256163992, 1.1240390241586073, 1.0842390444713212]]
Save Location: maps/map502/test.txt
