Path: 2253
Path Score: 4.109926098156405
Waypoints: [[1.0, 1.0, 1.0], [5.7591996310330025, 10.496060591014656, 1.1961851557501069], [18.441097262136424, 17.537267266708554, 6.281086639361177], [29.0, 29.0, 14.0]]
Velocity: [[0.0, 0.0, 0.0], [4.7591996310330025, 9.496060591014656, 0.19618515575010687], [12.681897631103421, 7.041206675693898, 5.08490148361107], [10.558902737863576, 11.462732733291446, 7.718913360638823]]
Attitude: [[0.0, 0.0, 0.0], [1.1062936554501903, 0.46492826404694765, 1.5523285842779897], [0.6004923160048927, 1.0949554547996307, 1.2336314032589681], [0.9183550643402842, 0.8511782172620342, 1.1109269665548651]]
Save Location: maps/map2200/test.txt
