Path: 657
Path Score: 4.195505435988066
Waypoints: [[1.0, 1.0, 1.0], [12.65259495451803, 15.504691539838976, 1.3902173466937446], [22.31107341157168, 20.857103800923483, 7.836819148340205], [29.0, 29.0, 14.0]]
Velocity: [[0.0, 0.0, 0.0], [11.65259495451803, 14.504691539838976, 0.39021734669374464], [9.65847845705365, 5.352412261084506, 6.446601801646461], [6.68892658842832, 8.142896199076517, 6.163180851659795]]
Attitude: [[0.0, 0.0, 0.0], [0.8941821376993422, 0.6770644370273821, 1.5498263094141658], [0.7145800491061655, 1.1388925972756572, 1.0423703413090921], [0.9909241630968201, 0.8405978425021317, 1.041586930795209]]
Save Location: maps/map1603/test.txt
