Path: 480
Path Score: 4.1950006983090535
Waypoints: [[1.0, 1.0, 1.0], [11.29885047226655, 13.922680563011099, 6.0742347128672325], [19.778926106740936, 25.028774492325528, 13.753258473645548], [29.0, 29.0, 14.0]]
Velocity: [[0.0, 0.0, 0.0], [10.29885047226655, 12.922680563011099, 5.0742347128672325], [8.480075634474387, 11.10609392931443, 7.679023760778316], [9.221073893259064, 3.971225507674472, 0.24674152635445168]]
Attitude: [[0.0, 0.0, 0.0], [0.932550665210745, 0.7263919285052141, 1.2728643435485965], [1.0100098590107667, 0.8002174905542815, 1.0683030567155103], [0.40736238913210576, 1.1642642704118822, 1.54622508670751]]
Save Location: maps/map1608/test.txt
