Path: 1796
Path Score: 4.263690477234871
Waypoints: [[1.0, 1.0, 1.0], [5.8300877579373775, 12.986927175779844, 2.2883830638241456], [24.80078989068509, 16.52228778449424, 8.560347909072977], [29.0, 29.0, 14.0]]
Velocity: [[0.0, 0.0, 0.0], [4.8300877579373775, 11.986927175779844, 1.2883830638241456], [18.97070213274771, 3.535360608714395, 6.2719648452488315], [4.199210109314912, 12.477712215505761, 5.439652090927023]]
Attitude: [[0.0, 0.0, 0.0], [1.1897394258126446, 0.3951048953544142, 1.471431398260883], [0.3627267446416775, 1.395669409033938, 1.256548589959869], [1.2715632840353657, 0.5034073100322944, 1.1789804677621314]]
Save Location: maps/map1100/test.txt
