Path: 482
Path Score: 4.334636394948814
Waypoints: [[1.0, 1.0, 1.0], [11.29885047226655, 13.922680563011099, 6.0742347128672325], [16.883025564776037, 28.590923589761672, 8.346739006746619], [29.0, 29.0, 14.0]]
Velocity: [[0.0, 0.0, 0.0], [10.29885047226655, 12.922680563011099, 5.0742347128672325], [5.584175092509488, 14.668243026750574, 2.2725042938793862], [12.116974435223963, 0.4090764102383275, 5.653260993253381]]
Attitude: [[0.0, 0.0, 0.0], [0.932550665210745, 0.7263919285052141, 1.2728643435485965], [1.2109651622600108, 0.3899660423839715, 1.4270061243373022], [0.43753856464082885, 1.5402112905645133, 1.134477297818289]]
Save Location: maps/map657/test.txt
