Path: 1801
Path Score: 4.152184765181177
Waypoints: [[1.0, 1.0, 1.0], [5.8300877579373775, 12.986927175779844, 2.2883830638241456], [21.391366360934747, 19.016584990160858, 9.132275513596717], [29.0, 29.0, 14.0]]
Velocity: [[0.0, 0.0, 0.0], [4.8300877579373775, 11.986927175779844, 1.2883830638241456], [15.561278602997369, 6.0296578143810144, 6.8438924497725715], [7.608633639065253, 9.983415009839142, 4.867724486403283]]
Attitude: [[0.0, 0.0, 0.0], [1.1897394258126446, 0.3951048953544142, 1.471431398260883], [0.5301696382162328, 1.229949009367126, 1.1816192438522266], [0.9701837951063373, 0.7354334851728955, 1.20085483013767]]
Save Location: maps/map1933/test.txt
