Path: 436
Path Score: 4.110133400914631
Waypoints: [[1.0, 1.0, 1.0], [8.23561037690084, 4.511685430060676, 8.33124458240136], [20.610598369444524, 19.278006681353382, 8.827928443474919], [29.0, 29.0, 14.0]]
Velocity: [[0.0, 0.0, 0.0], [7.235610376900841, 3.511685430060676, 7.331244582401361], [12.374987992543684, 14.766321251292705, 0.4966838610735582], [8.389401630555476, 9.721993318646618, 5.172071556525081]]
Attitude: [[0.0, 0.0, 0.0], [0.8434728410597166, 1.2422312953632766, 0.8316455994328315], [0.8735563311571538, 0.6979145475872972, 1.5450219065396675], [0.919766086046802, 0.7922213235648208, 1.1879058042443305]]
Save Location: maps/map2199/test.txt
