Path: 2100
Path Score: 4.262333937449
Waypoints: [[1.0, 1.0, 1.0], [2.1051801977178286, 12.705542697858661, 1.33533427386211], [12.613060744395664, 17.548051480031873, 8.080005726347148], [29.0, 29.0, 14.0]]
Velocity: [[0.0, 0.0, 0.0], [1.1051801977178286, 11.705542697858661, 0.3353342738621099], [10.507880546677836, 4.842508782173212, 6.744671452485038], [16.386939255604336, 11.451948519968127, 5.919994273652852]]
Attitude: [[0.0, 0.0, 0.0], [1.4766986395106851, 0.09834724994807642, 1.5422834159518], [0.6687199137663631, 1.2008271721679296, 1.0430126955328032], [0.6665783723714116, 0.989326980912511, 1.28290425102486]]
Save Location: maps/map1118/test.txt
