Path: 795
Path Score: 4.24305012376575
Waypoints: [[1.0, 1.0, 1.0], [4.844954787942095, 14.493280729732227, 5.905721797057641], [27.54896392543646, 23.68501668390871, 10.359708634880405], [29.0, 29.0, 14.0]]
Velocity: [[0.0, 0.0, 0.0], [3.844954787942095, 13.493280729732227, 4.905721797057641], [22.704009137494367, 9.191735954176483, 4.4539868378227645], [1.4510360745635396, 5.31498331609129, 3.6402913651195945]]
Attitude: [[0.0, 0.0, 0.0], [1.3091332202726853, 0.43273101466224884, 1.2344339666278068], [0.42275159381305555, 1.1926384377792585, 1.390922378422739], [1.3492511805320635, 0.6353347243649624, 0.9869147846242055]]
Save Location: maps/map1246/test.txt
