Path: 1959
Path Score: 4.17803279669088
Waypoints: [[1.0, 1.0, 1.0], [7.908661902969909, 13.249370598681029, 5.122888052721978], [22.48463544099993, 22.910796544751268, 5.995441400636155], [29.0, 29.0, 14.0]]
Velocity: [[0.0, 0.0, 0.0], [6.908661902969909, 12.249370598681029, 4.122888052721978], [14.575973538030022, 9.661425946070239, 0.8725533479141774], [6.515364559000069, 6.089203455248732, 8.004558599363845]]
Attitude: [[0.0, 0.0, 0.0], [1.0799032623057099, 0.5811391675180452, 1.2856207472042467], [0.5872152561237267, 0.9862763481763452, 1.520940986146884], [0.9959567092637175, 1.0377754035517597, 0.8393162236524304]]
Save Location: maps/map1740/test.txt
