Path: 952
Path Score: 4.2202830071325765
Waypoints: [[1.0, 1.0, 1.0], [7.03200889148945, 11.212381035806049, 2.4091861245466912], [17.89500835598713, 12.238417992478578, 7.134004137824853], [29.0, 29.0, 14.0]]
Velocity: [[0.0, 0.0, 0.0], [6.03200889148945, 10.212381035806049, 1.4091861245466912], [10.86299946449768, 1.0260369566725291, 4.724818013278162], [11.10499164401287, 16.761582007521422, 6.865995862175147]]
Attitude: [[0.0, 0.0, 0.0], [1.0413956223611207, 0.5452295055399751, 1.4525400011168248], [0.41875780498155507, 1.4843976098685228, 1.162153389365091], [1.0208116603536068, 0.6617621353055158, 1.2417305692240037]]
Save Location: maps/map1408/test.txt
