Path: 79
Path Score: 4.212974118328076
Waypoints: [[1.0, 1.0, 1.0], [6.844542921659472, 12.575654287568902, 0.7512941296865822], [19.150517884687012, 16.221567393022806, 9.065163787729501], [29.0, 29.0, 14.0]]
Velocity: [[0.0, 0.0, 0.0], [5.844542921659472, 11.575654287568902, -0.24870587031341784], [12.305974963027541, 3.6459131054539036, 8.313869658042918], [9.849482115312988, 12.778432606977194, 4.934836212270499]]
Attitude: [[0.0, 0.0, 0.0], [1.103329579532339, 0.4679236243581791, 1.5899732357353402], [0.6355851001984649, 1.330060645634332, 0.995994123607009], [0.9474095871230266, 0.7114898316461911, 1.2739640805957166]]
Save Location: maps/map1449/test.txt
