Path: 1894
Path Score: 4.219746280300612
Waypoints: [[1.0, 1.0, 1.0], [8.469661386104097, 5.59096684474812, 2.5279558793890997], [10.98841998167141, 13.67984788740044, 4.669955467169109], [29.0, 29.0, 14.0]]
Velocity: [[0.0, 0.0, 0.0], [7.469661386104097, 4.59096684474812, 1.5279558793890997], [2.518758595567313, 8.08888104265232, 2.141999587780009], [18.01158001832859, 15.32015211259956, 9.330044532830891]]
Attitude: [[0.0, 0.0, 0.0], [0.5747996990566772, 1.0288000156137393, 1.3982583619310816], [1.278413007411747, 0.388034468158925, 1.3231522055762515], [0.7833397152626365, 0.9239381699714816, 1.1949753614469707]]
Save Location: maps/map1410/test.txt
