Path: 2318
Path Score: 4.35132607395674
Waypoints: [[1.0, 1.0, 1.0], [4.608820246079843, 7.120273707001329, 9.286680001717013], [7.976694836660609, 10.929766397758005, 9.409001445334173], [29.0, 29.0, 14.0]]
Velocity: [[0.0, 0.0, 0.0], [3.6088202460798433, 6.120273707001329, 8.286680001717013], [3.367874590580766, 3.8094926907566764, 0.12232144361716024], [21.02330516333939, 18.070233602241995, 4.590998554665827]]
Attitude: [[0.0, 0.0, 0.0], [1.233845257898589, 0.9755770124671417, 0.7087760394342274], [0.8471056259074676, 0.7242734707422844, 1.5467444963198735], [0.7254969031588144, 0.8722868357785716, 1.4066777616859754]]
Save Location: maps/map577/test.txt
