Path: 1123
Path Score: 4.065629287779052
Waypoints: [[1.0, 1.0, 1.0], [7.244355243304841, 4.686769508950413, 5.732290508395203], [26.70124871286478, 19.147010920760337, 12.70089468843873], [29.0, 29.0, 14.0]]
Velocity: [[0.0, 0.0, 0.0], [6.244355243304841, 3.6867695089504133, 4.732290508395203], [19.456893469559937, 14.460241411809925, 6.968604180043527], [2.2987512871352216, 9.852989079239663, 1.29910531156127]]
Attitude: [[0.0, 0.0, 0.0], [0.7653529368027897, 1.1309818444795048, 0.9925991767107255], [0.6897956065132541, 0.9602906176701994, 1.2908823017368116], [1.3434906352786418, 0.26183169500923487, 1.4430944105763563]]
Save Location: maps/map2380/test.txt
