Path: 1012
Path Score: 4.253964845723278
Waypoints: [[1.0, 1.0, 1.0], [5.124139793286082, 11.529276214212281, 3.1169525438428494], [8.159225786633002, 22.267181592153765, 7.3392383843274605], [29.0, 29.0, 14.0]]
Velocity: [[0.0, 0.0, 0.0], [4.124139793286082, 10.529276214212281, 2.1169525438428494], [3.03508599334692, 10.737905377941484, 4.222285840484611], [20.840774213367, 6.732818407846235, 6.6607616156725395]]
Attitude: [[0.0, 0.0, 0.0], [1.2041596665548568, 0.4147337109116922, 1.3857324418142094], [1.3135767936832614, 0.4509771504699958, 1.2090582437949455], [0.42653797996828985, 1.2722670340266777, 1.2755587507369637]]
Save Location: maps/map1169/test.txt
