Path: 2309
Path Score: 4.248173259939424
Waypoints: [[1.0, 1.0, 1.0], [4.608820246079843, 7.120273707001329, 9.286680001717013], [24.29282605726432, 17.273783965333514, 9.528106741585457], [29.0, 29.0, 14.0]]
Velocity: [[0.0, 0.0, 0.0], [3.6088202460798433, 6.120273707001329, 8.286680001717013], [19.684005811184477, 10.153510258332187, 0.24142673986844443], [4.707173942735679, 11.726216034666486, 4.471893258414543]]
Attitude: [[0.0, 0.0, 0.0], [1.233845257898589, 0.9755770124671417, 0.7087760394342274], [0.4763427811561826, 1.0945993375208474, 1.5598963688227232], [1.2119605623526288, 0.5056733733733509, 1.2306436859371142]]
Save Location: maps/map1202/test.txt
