Path: 2505
Path Score: 4.700520954969373
Waypoints: [[1.0, 1.0, 1.0], [1.327818985938627, 0.12165432475222393, 2.009587905737008], [6.803540171460348, 14.986108967467457, 7.016293265321109], [29.0, 29.0, 14.0]]
Velocity: [[0.0, 0.0, 0.0], [0.3278189859386269, -0.8783456752477761, 1.0095879057370079], [5.475721185521721, 14.864454642715232, 5.006705359584101], [22.196459828539652, 14.013891032532543, 6.983706734678891]]
Attitude: [[0.0, 0.0, 0.0], [1.3305559476771869, 2.2620673328650165, 0.7484058480919805], [1.2349184584462112, 0.4629683493061357, 1.2646705426123943], [0.6143483038191632, 1.0287232958415906, 1.3107752198016678]]
Save Location: maps/map5/test.txt
