# waypoints
G: (11.0,-17.0,15)
G: (14.428265993547061,-16.840077534079164,15)
G: (18.26389883696121,-15.849373804319992,15)
G: (22.10819696996572,-14.875473356220386,15)
G: (25.75781594737584,-15.275578352429122,15)
G: (29.0,-17.0,15)


# wall segments
W: (30.0,-18.8,21.8,-17.0,3)
W: (21.8,-17.0,11.0,-18.8,3)
W: (11.0,-18.8,10.0,-18.8,3)
W: (10.0,-15.2,24.0,-13.2,3)
W: (24.0,-13.2,30.0,-15.2,3)


# environment settings
R: (0)
D: (1)
