Path: 387
Path Score: 4.431682212337453
Waypoints: [[1.0, 1.0, 1.0], [5.0694130019156045, 0.10947803648002186, 11.387112714668532], [20.24894541404868, 13.704934531749169, 10.28792228211892], [29.0, 29.0, 14.0]]
Velocity: [[0.0, 0.0, 0.0], [4.0694130019156045, -0.8905219635199781, 10.387112714668532], [15.179532412133076, 13.595456495269147, -1.0991904325496122], [8.75105458595132, 15.295065468250831, 3.7120777178810798]]
Attitude: [[0.0, 0.0, 0.0], [1.1986423454069668, 1.65045321960768, 0.3814078923026202], [0.7320225294781338, 0.8416924821930498, 1.6246846929076744], [1.0633520659267364, 0.5560751825583984, 1.3631766434720947]]
Save Location: maps/map263/test.txt
