Path: 718
Path Score: 4.3469352520703595
Waypoints: [[1.0, 1.0, 1.0], [7.279071891786115, 11.99037003440958, 7.619831722996372], [11.717608255286521, 26.086366361922085, 10.100298251227693], [29.0, 29.0, 14.0]]
Velocity: [[0.0, 0.0, 0.0], [6.279071891786115, 10.99037003440958, 6.619831722996372], [4.438536363500406, 14.095996327512506, 2.4804665282313216], [17.28239174471348, 2.913633638077915, 3.8997017487723067]]
Attitude: [[0.0, 0.0, 0.0], [1.115662030937802, 0.6928797362779866, 1.088924427386206], [1.2700862582222687, 0.34618706184276854, 1.4045010385037375], [0.27455761083990476, 1.4078003124714065, 1.351856955162436]]
Save Location: maps/map592/test.txt
