Path: 2172
Path Score: 4.196843904074153
Waypoints: [[1.0, 1.0, 1.0], [5.839689469355285, 6.231079992564079, 1.4400139470819306], [8.962504318780672, 19.70715034496878, 6.76140850408924], [29.0, 29.0, 14.0]]
Velocity: [[0.0, 0.0, 0.0], [4.839689469355285, 5.231079992564079, 0.44001394708193065], [3.122814849425387, 13.476070352404701, 5.321394557007309], [20.037495681219326, 9.292849655031219, 7.23859149591076]]
Attitude: [[0.0, 0.0, 0.0], [0.8259996858182699, 0.748605830934555, 1.5091311358387776], [1.358508978356257, 0.4293631800028631, 1.20356288236591], [0.5314510518725527, 1.159491135048408, 1.2541033357169327]]
Save Location: maps/map1592/test.txt
