Path: 745
Path Score: 4.222380252130087
Waypoints: [[1.0, 1.0, 1.0], [12.697608925444278, 6.8811022717284045, 6.207161753256], [29.619779005927043, 16.055162190531664, 11.240498068360214], [29.0, 29.0, 14.0]]
Velocity: [[0.0, 0.0, 0.0], [11.697608925444278, 5.8811022717284045, 5.207161753256], [16.922170080482765, 9.174059918803259, 5.033336315104214], [-0.6197790059270432, 12.944837809468336, 2.759501931639786]]
Attitude: [[0.0, 0.0, 0.0], [0.5913478455125089, 1.1402281118229445, 1.1922640516212777], [0.5538157403716305, 1.0915655790367695, 1.3150369805767184], [1.6175884678130226, 0.21510429880291476, 1.3609995351376978]]
Save Location: maps/map1393/test.txt
