Path: 72
Path Score: 4.321894735774712
Waypoints: [[1.0, 1.0, 1.0], [6.844542921659472, 12.575654287568902, 0.7512941296865822], [16.099219207665964, 27.89490647639769, 5.59854808283707], [29.0, 29.0, 14.0]]
Velocity: [[0.0, 0.0, 0.0], [5.844542921659472, 11.575654287568902, -0.24870587031341784], [9.254676286006493, 15.319252188828788, 4.847253953150488], [12.900780792334036, 1.10509352360231, 8.40145191716293]]
Attitude: [[0.0, 0.0, 0.0], [1.103329579532339, 0.4679236243581791, 1.5899732357353402], [1.0482294135688772, 0.5985213414243437, 1.3063103528027298], [0.5811724924217351, 1.4991378965241768, 0.9952231590134955]]
Save Location: maps/map725/test.txt
