Path: 262
Path Score: 4.098179968887775
Waypoints: [[1.0, 1.0, 1.0], [10.236205802881091, 6.726958385030271, 8.616461550781413], [22.592720703848663, 25.526803242435573, 12.228206346267022], [29.0, 29.0, 14.0]]
Velocity: [[0.0, 0.0, 0.0], [9.236205802881091, 5.726958385030271, 7.616461550781413], [12.356514900967571, 18.7998448574053, 3.6117447954856097], [6.407279296151337, 3.473196757564427, 1.7717936537329777]]
Attitude: [[0.0, 0.0, 0.0], [0.801018365502451, 1.1245932303302049, 0.9595076706588436], [0.9976169908240264, 0.6004302929449786, 1.4116116814118262], [0.5466676487799201, 1.0893405550292934, 1.3323147563268598]]
Save Location: maps/map2260/test.txt
