Path: 1544
Path Score: 4.080126286019258
Waypoints: [[1.0, 1.0, 1.0], [5.1328300726842055, 6.167067988359742, 4.338023583503114], [11.29885047226655, 13.922680563011099, 6.0742347128672325], [29.0, 29.0, 14.0]]
Velocity: [[0.0, 0.0, 0.0], [4.1328300726842055, 5.167067988359742, 3.338023583503114], [6.166020399582344, 7.755612574651357, 1.7362111293641185], [17.70114952773345, 15.077319436988901, 7.9257652871327675]]
Attitude: [[0.0, 0.0, 0.0], [0.9792202736645594, 0.799275207152919, 1.1035589735254734], [0.9109637611256424, 0.6903687957623481, 1.3973250950033822], [0.7661818536866618, 0.9099886285213937, 1.2422839364012292]]
Save Location: maps/map2326/test.txt
