Path: 2130
Path Score: 4.237290856564484
Waypoints: [[1.0, 1.0, 1.0], [7.976694836660609, 10.929766397758005, 9.409001445334173], [18.278593753428844, 13.542675969678093, 13.490985374955708], [29.0, 29.0, 14.0]]
Velocity: [[0.0, 0.0, 0.0], [6.976694836660609, 9.929766397758005, 8.409001445334173], [10.301898916768234, 2.6129095719200883, 4.081983929621535], [10.721406246571156, 15.457324030321907, 0.5090146250442924]]
Attitude: [[0.0, 0.0, 0.0], [1.0786293818483852, 0.8331465441750755, 0.9648405508336908], [0.439738031691575, 1.33922840206413, 1.2040934828432404], [0.964623337542555, 0.6069540453552669, 1.5437444202820336]]
Save Location: maps/map1280/test.txt
