Path: 894
Path Score: 4.321290212893647
Waypoints: [[1.0, 1.0, 1.0], [13.622214221490246, 10.560085107867, 6.307093757900562], [14.31024281394206, 14.397341180730484, 10.344580509492056], [29.0, 29.0, 14.0]]
Velocity: [[0.0, 0.0, 0.0], [12.622214221490246, 9.560085107867, 5.307093757900562], [0.688028592451813, 3.837256072863484, 4.037486751591494], [14.68975718605794, 14.602658819269516, 3.655419490507944]]
Attitude: [[0.0, 0.0, 0.0], [0.7138698155414545, 0.9612815674177257, 1.2473929819737224], [1.447896733318037, 0.8179640313092998, 0.7678801480398503], [0.7976180124622528, 0.8033878261380559, 1.3961151528842315]]
Save Location: maps/map730/test.txt
