Path: 452
Path Score: 4.3085813060016696
Waypoints: [[1.0, 1.0, 1.0], [11.29885047226655, 13.922680563011099, 6.0742347128672325], [26.76543196640594, 17.456646557356017, 7.05435308823407], [29.0, 29.0, 14.0]]
Velocity: [[0.0, 0.0, 0.0], [10.29885047226655, 12.922680563011099, 5.0742347128672325], [15.466581494139392, 3.5339659943449178, 0.9801183753668372], [2.2345680335940585, 11.543353442643983, 6.94564691176593]]
Attitude: [[0.0, 0.0, 0.0], [0.932550665210745, 0.7263919285052141, 1.2728643435485965], [0.23281557238834943, 1.346596880954909, 1.5090967994958302], [1.4064235659655742, 0.5636700246717852, 1.0372176653267735]]
Save Location: maps/map805/test.txt
