Path: 423
Path Score: 4.280376798410272
Waypoints: [[1.0, 1.0, 1.0], [8.23561037690084, 4.511685430060676, 8.33124458240136], [10.752760318917543, 18.75992942067851, 14.80087523764835], [29.0, 29.0, 14.0]]
Velocity: [[0.0, 0.0, 0.0], [7.235610376900841, 3.511685430060676, 7.331244582401361], [2.5171499420167027, 14.248243990617834, 6.4696306552469895], [18.247239681082455, 10.24007057932149, -0.8008752376483503]]
Attitude: [[0.0, 0.0, 0.0], [0.8434728410597166, 1.2422312953632766, 0.8316455994328315], [1.4113046321195586, 0.45337303826311465, 1.1503224321006724], [0.5126920098124623, 1.0598172007710935, 1.6090527819834075]]
Save Location: maps/map988/test.txt
