Path: 2312
Path Score: 4.310497381839945
Waypoints: [[1.0, 1.0, 1.0], [4.608820246079843, 7.120273707001329, 9.286680001717013], [8.698977053221993, 19.48629808039675, 13.371846165404145], [29.0, 29.0, 14.0]]
Velocity: [[0.0, 0.0, 0.0], [3.6088202460798433, 6.120273707001329, 8.286680001717013], [4.09015680714215, 12.366024373395422, 4.085166163687132], [20.301022946778005, 9.51370191960325, 0.6281538345958548]]
Attitude: [[0.0, 0.0, 0.0], [1.233845257898589, 0.9755770124671417, 0.7087760394342274], [1.2664874150267693, 0.43729206838957707, 1.266870599899256], [0.4390758398022054, 1.132740622989748, 1.5427856888103315]]
Save Location: maps/map792/test.txt
