Path: 303
Path Score: 4.134587620738413
Waypoints: [[1.0, 1.0, 1.0], [11.62421921707525, 9.637940007438962, 4.108292062461251], [16.060622627406442, 22.284008548073043, 8.655570821620126], [29.0, 29.0, 14.0]]
Velocity: [[0.0, 0.0, 0.0], [10.62421921707525, 8.637940007438962, 3.108292062461251], [4.436403410331192, 12.646068540634081, 4.547278759158875], [12.939377372593558, 6.715991451926957, 5.344429178379874]]
Attitude: [[0.0, 0.0, 0.0], [0.7126112608988734, 0.9081638967287853, 1.3475745118170808], [1.2519409889118767, 0.4655355547824233, 1.2436792253724958], [0.5856835745155158, 1.123499545747589, 1.2194127759243851]]
Save Location: maps/map2042/test.txt
