Path: 1835
Path Score: 4.245664718725893
Waypoints: [[1.0, 1.0, 1.0], [5.142904841761517, 4.732071187514425, 9.090826078056057], [16.060622627406442, 22.284008548073043, 8.655570821620126], [29.0, 29.0, 14.0]]
Velocity: [[0.0, 0.0, 0.0], [4.142904841761517, 3.732071187514425, 8.090826078056057], [10.917717785644925, 17.551937360558618, -0.43525525643593177], [12.939377372593558, 6.715991451926957, 5.344429178379874]]
Attitude: [[0.0, 0.0, 0.0], [1.1355654236864037, 1.1812058528805445, 0.6034260736599171], [1.0144781170803112, 0.5568122494816204, 1.591850109665296], [0.5856835745155158, 1.123499545747589, 1.2194127759243851]]
Save Location: maps/map1219/test.txt
