Path: 41
Path Score: 4.234700253366537
Waypoints: [[1.0, 1.0, 1.0], [8.883832853990807, 7.619820070167713, 5.821889119101872], [11.922439956495857, 17.336683693731057, 5.215453288665816], [29.0, 29.0, 14.0]]
Velocity: [[0.0, 0.0, 0.0], [7.883832853990807, 6.619820070167713, 4.821889119101872], [3.0386071025050505, 9.716863623563345, -0.6064358304360562], [17.077560043504143, 11.663316306268943, 8.784546711334183]]
Attitude: [[0.0, 0.0, 0.0], [0.8044304960935175, 0.9492050844908356, 1.1327513067607105], [1.2682690318258896, 0.3086883346335954, 1.630292104706939], [0.7073929618515384, 1.0250094498144648, 1.169113814241912]]
Save Location: maps/map1305/test.txt
