Path: 157
Path Score: 4.382032833465319
Waypoints: [[1.0, 1.0, 1.0], [0.8689948832512862, 4.64282219210965, 7.776103442790986], [8.326355677599059, 21.007879601570398, 11.349606769497015], [29.0, 29.0, 14.0]]
Velocity: [[0.0, 0.0, 0.0], [-0.13100511674871385, 3.6428221921096497, 6.776103442790986], [7.457360794347773, 16.365057409460746, 3.573503326706029], [20.67364432240094, 7.992120398429602, 2.650393230502985]]
Attitude: [[0.0, 0.0, 0.0], [1.5878233126910848, 1.077602275761293, 0.4935415452562085], [1.1519431702245568, 0.46788284358245313, 1.3746475738907897], [0.3867733775955384, 1.2046409482682174, 1.4517841548325077]]
Save Location: maps/map426/test.txt
