Path: 1413
Path Score: 4.357488209480246
Waypoints: [[1.0, 1.0, 1.0], [10.074445050749116, 1.0357225832720962, 9.412027835082272], [17.21982023619961, 8.006705393204069, 10.081471535117235], [29.0, 29.0, 14.0]]
Velocity: [[0.0, 0.0, 0.0], [9.074445050749116, 0.03572258327209621, 8.412027835082272], [7.145375185450494, 6.970982809931972, 0.6694437000349627], [11.78017976380039, 20.99329460679593, 3.9185284648827654]]
Attitude: [[0.0, 0.0, 0.0], [0.7475390695972799, 1.5679093516700198, 0.8232656157544957], [0.775339305174059, 0.7999355011434003, 1.5038350883798577], [1.0667154657863167, 0.5340499258370055, 1.4094321512942536]]
Save Location: maps/map539/test.txt
