Path: 2316
Path Score: 4.200050655999199
Waypoints: [[1.0, 1.0, 1.0], [4.608820246079843, 7.120273707001329, 9.286680001717013], [14.31024281394206, 14.397341180730484, 10.344580509492056], [29.0, 29.0, 14.0]]
Velocity: [[0.0, 0.0, 0.0], [3.6088202460798433, 6.120273707001329, 8.286680001717013], [9.701422567862217, 7.277067473729155, 1.0579005077750434], [14.68975718605794, 14.602658819269516, 3.655419490507944]]
Attitude: [[0.0, 0.0, 0.0], [1.233845257898589, 0.9755770124671417, 0.7087760394342274], [0.6485938223450525, 0.9300639727825508, 1.4837841728654233], [0.7976180124622528, 0.8033878261380559, 1.3961151528842315]]
Save Location: maps/map1561/test.txt
