Path: 1609
Path Score: 4.235342072433251
Waypoints: [[1.0, 1.0, 1.0], [10.36013664890983, 5.847929453477029, 2.4421408215587084], [17.21982023619961, 8.006705393204069, 10.081471535117235], [29.0, 29.0, 14.0]]
Velocity: [[0.0, 0.0, 0.0], [9.36013664890983, 4.847929453477029, 1.4421408215587084], [6.85968358728978, 2.1587759397270396, 7.639330713558526], [11.78017976380039, 20.99329460679593, 3.9185284648827654]]
Attitude: [[0.0, 0.0, 0.0], [0.49541529610661705, 1.0976792558885609, 1.4348290922750935], [0.8581709986693767, 1.36355491444169, 0.7552012748292066], [1.0667154657863167, 0.5340499258370055, 1.4094321512942536]]
Save Location: maps/map1300/test.txt
