Path: 203
Path Score: 4.414636480681329
Waypoints: [[1.0, 1.0, 1.0], [0.1034748464100077, 6.396090427855569, 9.25430405624771], [11.40378861351021, 23.288761880938765, 11.804403224732908], [29.0, 29.0, 14.0]]
Velocity: [[0.0, 0.0, 0.0], [-0.8965251535899923, 5.396090427855569, 8.25430405624771], [11.300313767100203, 16.892671453083196, 2.5500991684851986], [17.59621138648979, 5.711238119061235, 2.1955967752670915]]
Attitude: [[0.0, 0.0, 0.0], [1.6614577493511176, 0.9944855483118206, 0.5852456997051783], [0.9864116222689974, 0.6011112163235768, 1.4459754907517428], [0.33465120952432154, 1.2592127196021017, 1.4526670982553629]]
Save Location: maps/map313/test.txt
