Path: 947
Path Score: 4.3877169114892824
Waypoints: [[1.0, 1.0, 1.0], [7.03200889148945, 11.212381035806049, 2.4091861245466912], [7.389357188954467, 23.477432848813812, 10.209341262023914], [29.0, 29.0, 14.0]]
Velocity: [[0.0, 0.0, 0.0], [6.03200889148945, 10.212381035806049, 1.4091861245466912], [0.35734829746501706, 12.265051813007764, 7.800155137477223], [21.610642811045533, 5.522567151186188, 3.790658737976086]]
Attitude: [[0.0, 0.0, 0.0], [1.0413956223611207, 0.5452295055399751, 1.4525400011168248], [1.5462163595104783, 0.5669209008390473, 1.0045423263293094], [0.3005654335537563, 1.324213007369078, 1.4024590083582664]]
Save Location: maps/map404/test.txt
