Path: 2160
Path Score: 4.056396629961251
Waypoints: [[1.0, 1.0, 1.0], [5.839689469355285, 6.231079992564079, 1.4400139470819306], [17.89500835598713, 12.238417992478578, 7.134004137824853], [29.0, 29.0, 14.0]]
Velocity: [[0.0, 0.0, 0.0], [4.839689469355285, 5.231079992564079, 0.44001394708193065], [12.055318886631845, 6.0073379999144985, 5.693990190742922], [11.10499164401287, 16.761582007521422, 6.865995862175147]]
Attitude: [[0.0, 0.0, 0.0], [0.8259996858182699, 0.748605830934555, 1.5091311358387776], [0.6016687738985338, 1.1474579183148297, 1.1708396602361548], [1.0208116603536068, 0.6617621353055158, 1.2417305692240037]]
Save Location: maps/map2411/test.txt
