Path: 8
Path Total Score: 2.303575867244849
Waypoints: [[0.1, 0.1, 0.1], [8.469661386104097, 5.59096684474812, 2.5279558793890997], [5.839055577476428, 3.0754922201386528, 3.5494994173088634], [12.623207151591766, 8.076138993766216, 2.777485223035607], [10.258054123102985, 5.31622357928504, 2.7466991113188817], [17.308866286107182, 11.973920967305471, 3.267694706542649], [14.612020255265627, 8.810461108459934, 2.582789043581225], [21.779350191809698, 14.455518657122287, 2.2540123656995643], [18.49900889935993, 12.9223843393305, 1.958917886631143], [15.0, 15.0, 7.5]]
Velocity: [[0.0, 0.0, 0.0], [8.369661386104097, 5.490966844748121, 2.4279558793890996], [-2.630605808627669, -2.5154746246094675, 1.0215435379197637], [6.784151574115338, 5.0006467736275635, -0.7720141942732566], [-2.3651530284887805, -2.759915414481176, -0.030786111716725184], [7.050812163004197, 6.657697388020431, 0.5209955952237673], [-2.696846030841556, -3.1634598588455365, -0.6849056629614241], [7.167329936544071, 5.645057548662352, -0.32877667788166054], [-3.2803412924497692, -1.5331343177917862, -0.29509447906842134], [-3.4990088993599286, 2.0776156606694993, 5.541082113368857]]
Attitude: [[0.0, 0.0, 0.0], [0.0, 0.0, 0.0], [0.0, 0.0, 0.0], [0.0, 0.0, 0.0], [0.0, 0.0, 0.0], [0.0, 0.0, 0.0], [0.0, 0.0, 0.0], [0.0, 0.0, 0.0], [0.0, 0.0, 0.0], [0.0, 0.0, 0.0]]
Save Location: maps/map1/test.txt
