Path: 2
Path Total Score: 2.113607116522708
Waypoints: [[0.1, 0.1, 0.1], [7.076375205779946, 4.7005669499241165, 0.8646634560667249], [3.70771259663654, 2.502407406934779, 2.151124791668908], [10.353457339501336, 6.290130307382448, 2.1883474314570446], [7.019367465030443, 2.3846742973555957, 0.9144172112708804], [11.98931492958396, 7.907862185146542, 0.7486170844334894], [7.076375205779946, 4.7005669499241165, 0.8646634560667249], [12.647806042559363, 10.148015161901911, 1.1327257864752598], [9.585617310472426, 9.924687365492378, 4.144138587183969], [15.0, 15.0, 7.5]]
Velocity: [[0.0, 0.0, 0.0], [6.976375205779946, 4.600566949924117, 0.7646634560667249], [-3.3686626091434055, -2.1981595429893375, 1.286461335602183], [6.645744742864796, 3.787722900447669, 0.03722263978813656], [-3.3340898744708927, -3.9054560100268523, -1.2739302201861642], [4.969947464553517, 5.523187887790947, -0.16580012683739098], [-4.912939723804015, -3.2072952352224258, 0.1160463716332355], [5.571430836779418, 5.447448211977795, 0.2680623304085349], [-3.0621887320869376, -0.22332779640953326, 3.011412800708709], [5.414382689527574, 5.075312634507622, 3.355861412816031]]
Attitude: [[0.0, 0.0, 0.0], [0.0, 0.0, 0.0], [0.0, 0.0, 0.0], [0.0, 0.0, 0.0], [0.0, 0.0, 0.0], [0.0, 0.0, 0.0], [0.0, 0.0, 0.0], [0.0, 0.0, 0.0], [0.0, 0.0, 0.0], [0.0, 0.0, 0.0]]
Save Location: maps/map11/test.txt
