Path: 526
Path Score: 4.080199001532117
Waypoints: [[1.0, 1.0, 1.0], [9.981785049321614, 2.094242845092411, 3.906087432644374], [19.150517884687012, 16.221567393022806, 9.065163787729501], [29.0, 29.0, 14.0]]
Velocity: [[0.0, 0.0, 0.0], [8.981785049321614, 1.094242845092411, 2.906087432644374], [9.168732835365399, 14.127324547930394, 5.159076355085127], [9.849482115312988, 12.778432606977194, 4.934836212270499]]
Attitude: [[0.0, 0.0, 0.0], [0.33286566125405836, 1.4553984883962245, 1.2600245384619229], [1.0233268212170945, 0.6400968245276423, 1.273546641143903], [0.9474095871230266, 0.7114898316461911, 1.2739640805957166]]
Save Location: maps/map2325/test.txt
