Path: 2209
Path Score: 4.332938752085826
Waypoints: [[1.0, 1.0, 1.0], [5.7591996310330025, 10.496060591014656, 1.1961851557501069], [9.819009657944365, 26.458488254841598, 6.998443824486842], [29.0, 29.0, 14.0]]
Velocity: [[0.0, 0.0, 0.0], [4.7591996310330025, 9.496060591014656, 0.19618515575010687], [4.059810026911363, 15.962427663826942, 5.8022586687367355], [19.180990342055637, 2.5415117451584024, 7.001556175513158]]
Attitude: [[0.0, 0.0, 0.0], [1.1062936554501903, 0.46492826404694765, 1.5523285842779897], [1.3361653297616485, 0.4175509332400956, 1.232092288008656], [0.37040607604266484, 1.4469647015513123, 1.2235924194666596]]
Save Location: maps/map668/test.txt
