Path: 1951
Path Score: 4.312676548241251
Waypoints: [[1.0, 1.0, 1.0], [7.908661902969909, 13.249370598681029, 5.122888052721978], [26.287300151641748, 16.492398494138193, 13.77497605122596], [29.0, 29.0, 14.0]]
Velocity: [[0.0, 0.0, 0.0], [6.908661902969909, 12.249370598681029, 4.122888052721978], [18.37863824867184, 3.243027895457164, 8.652087998503982], [2.712699848358252, 12.507601505861807, 0.22502394877404086]]
Attitude: [[0.0, 0.0, 0.0], [1.0799032623057099, 0.5811391675180452, 1.2856207472042467], [0.4658471549248969, 1.4124824192037353, 1.1366850861344076], [1.3572535290988061, 0.21428765206758904, 1.553215933347118]]
Save Location: maps/map777/test.txt
