Path: 1876
Path Score: 4.079031252710843
Waypoints: [[1.0, 1.0, 1.0], [8.469661386104097, 5.59096684474812, 2.5279558793890997], [15.44249175683154, 18.284183195920107, 9.161844399110448], [29.0, 29.0, 14.0]]
Velocity: [[0.0, 0.0, 0.0], [7.469661386104097, 4.59096684474812, 1.5279558793890997], [6.9728303707274435, 12.693216351171987, 6.633888519721348], [13.55750824316846, 10.715816804079893, 4.838155600889552]]
Attitude: [[0.0, 0.0, 0.0], [0.5747996990566772, 1.0288000156137393, 1.3982583619310816], [1.1177209253174885, 0.6487480528684216, 1.1412537368350713], [0.714409075190648, 0.9308782745117469, 1.2978165450117953]]
Save Location: maps/map2333/test.txt
