Path: 2
Path Score: 1.66784861665854
Waypoints: [[1.0, 1.0, 1.0], [8.526631710135366, 14.253606237613791, 3.7913617960008157], [29.0, 29.0, 14.0]]
Velocity: [[0.0, 0.0, 0.0], [7.526631710135366, 13.253606237613791, 2.7913617960008157], [20.473368289864634, 14.746393762386209, 10.208638203999184]]
Attitude: [[0.0, 0.0, 0.0], [1.0635858165642869, 0.5445924687856027, 1.3896633639950182], [0.7194115094996755, 0.998238150331488, 1.1863279139734477]]
Save Location: maps/map1/test.txt
