Path: 397
Path Score: 4.312644695663459
Waypoints: [[1.0, 1.0, 1.0], [8.23561037690084, 4.511685430060676, 8.33124458240136], [10.81745541664519, 17.765990078921153, 6.9670533080542265], [29.0, 29.0, 14.0]]
Velocity: [[0.0, 0.0, 0.0], [7.235610376900841, 3.511685430060676, 7.331244582401361], [2.5818450397443495, 13.254304648860476, -1.3641912743471343], [18.18254458335481, 11.234009921078847, 7.0329466919457735]]
Attitude: [[0.0, 0.0, 0.0], [0.8434728410597166, 1.2422312953632766, 0.8316455994328315], [1.3793989319894855, 0.21684862868911603, 1.6714802886784486], [0.6298821484480811, 1.0480294904711909, 1.2528998172006138]]
Save Location: maps/map778/test.txt
