Path: 1576
Path Score: 4.1949784467588165
Waypoints: [[1.0, 1.0, 1.0], [5.1328300726842055, 6.167067988359742, 4.338023583503114], [8.698977053221993, 19.48629808039675, 13.371846165404145], [29.0, 29.0, 14.0]]
Velocity: [[0.0, 0.0, 0.0], [4.1328300726842055, 5.167067988359742, 3.338023583503114], [3.5661469805377877, 13.319230092037008, 9.033822581901031], [20.301022946778005, 9.51370191960325, 0.6281538345958548]]
Attitude: [[0.0, 0.0, 0.0], [0.9792202736645594, 0.799275207152919, 1.1035589735254734], [1.3527351494722748, 0.6300480492392996, 0.9907905370345084], [0.4390758398022054, 1.132740622989748, 1.5427856888103315]]
Save Location: maps/map1609/test.txt
