Path: 1518
Path Score: 4.5945739014492695
Waypoints: [[1.0, 1.0, 1.0], [0.8300875511549277, 1.6500330013832676, 11.560854587793756], [9.057942771808293, 22.483164120725405, 13.633419250864584], [29.0, 29.0, 14.0]]
Velocity: [[0.0, 0.0, 0.0], [-0.16991244884507228, 0.6500330013832676, 10.560854587793756], [8.227855220653364, 20.833131119342138, 2.0725646630708283], [19.942057228191707, 6.516835879274595, 0.36658074913541583]]
Attitude: [[0.0, 0.0, 0.0], [1.5868534482018404, 1.5093306408644638, 0.06353355267918272], [1.196338187586518, 0.3867647401407255, 1.4785298686404023], [0.3163154151017467, 1.2549974740262801, 1.5533251264663486]]
Save Location: maps/map26/test.txt
