Path: 2236
Path Score: 4.176684702024142
Waypoints: [[1.0, 1.0, 1.0], [5.7591996310330025, 10.496060591014656, 1.1961851557501069], [18.92587327321427, 24.46480001449053, 4.551445527047205], [29.0, 29.0, 14.0]]
Velocity: [[0.0, 0.0, 0.0], [4.7591996310330025, 9.496060591014656, 0.19618515575010687], [13.166673642181266, 13.968739423475876, 3.3552603712970983], [10.074126726785732, 4.535199985509468, 9.448554472952795]]
Attitude: [[0.0, 0.0, 0.0], [1.1062936554501903, 0.46492826404694765, 1.5523285842779897], [0.8289325623661086, 0.7715626132057878, 1.397754984402921], [0.8051713143812181, 1.2535291924364955, 0.863270668250586]]
Save Location: maps/map1754/test.txt
