Path: 1571
Path Score: 4.088341405716701
Waypoints: [[1.0, 1.0, 1.0], [5.1328300726842055, 6.167067988359742, 4.338023583503114], [22.610660907061256, 12.829583706462888, 7.646387831785042], [29.0, 29.0, 14.0]]
Velocity: [[0.0, 0.0, 0.0], [4.1328300726842055, 5.167067988359742, 3.338023583503114], [17.477830834377052, 6.662515718103146, 3.3083642482819284], [6.389339092938744, 16.170416293537112, 6.353612168214958]]
Attitude: [[0.0, 0.0, 0.0], [0.9792202736645594, 0.799275207152919, 1.1035589735254734], [0.40238572190519445, 1.2124228154845833, 1.3957329710155955], [1.2183916059253201, 0.5083781419888332, 1.2204471921007194]]
Save Location: maps/map2294/test.txt
