Path: 1050
Path Score: 4.263053181512692
Waypoints: [[1.0, 1.0, 1.0], [5.124139793286082, 11.529276214212281, 3.1169525438428494], [9.17398002603554, 20.73897641344332, 6.283632757243895], [29.0, 29.0, 14.0]]
Velocity: [[0.0, 0.0, 0.0], [4.124139793286082, 10.529276214212281, 2.1169525438428494], [4.0498402327494585, 9.20970019923104, 3.1666802134010457], [19.82601997396446, 8.261023586556679, 7.716367242756105]]
Attitude: [[0.0, 0.0, 0.0], [1.2041596665548568, 0.4147337109116922, 1.3857324418142094], [1.1767088879346383, 0.5091224891593051, 1.2658591484069968], [0.5181999547692874, 1.2004145141772051, 1.2258923638516876]]
Save Location: maps/map1110/test.txt
