Path: 1944
Path Score: 4.173536745392388
Waypoints: [[1.0, 1.0, 1.0], [7.908661902969909, 13.249370598681029, 5.122888052721978], [19.150517884687012, 16.221567393022806, 9.065163787729501], [29.0, 29.0, 14.0]]
Velocity: [[0.0, 0.0, 0.0], [6.908661902969909, 12.249370598681029, 4.122888052721978], [11.241855981717103, 2.9721967943417766, 3.9422757350075237], [9.849482115312988, 12.778432606977194, 4.934836212270499]]
Attitude: [[0.0, 0.0, 0.0], [1.0799032623057099, 0.5811391675180452, 1.2856207472042467], [0.41381638155686934, 1.3262970206854272, 1.2439281287002533], [0.9474095871230266, 0.7114898316461911, 1.2739640805957166]]
Save Location: maps/map1775/test.txt
