Path: 597
Path Score: 4.37242375206641
Waypoints: [[1.0, 1.0, 1.0], [1.9869655009534015, 2.3470905443897805, 9.726710653669548], [10.035552414872543, 14.727385926720864, 12.424650413075828], [29.0, 29.0, 14.0]]
Velocity: [[0.0, 0.0, 0.0], [0.9869655009534015, 1.3470905443897805, 8.726710653669548], [8.048586913919141, 12.380295382331083, 2.69793975940628], [18.96444758512746, 14.272614073279136, 1.5753495869241725]]
Attitude: [[0.0, 0.0, 0.0], [1.4594850995761104, 1.4185963426785977, 0.18907565762625306], [1.0048924544497768, 0.6010402449068886, 1.3900835802702067], [0.6480734763088719, 0.9272854822750475, 1.5045215484811172]]
Save Location: maps/map450/test.txt
