Path: 1270
Path Score: 4.233862154976001
Waypoints: [[1.0, 1.0, 1.0], [11.681123338592288, 14.089788280863255, 4.111381059339743], [16.562231948918217, 23.36225528971405, 10.468909590942717], [29.0, 29.0, 14.0]]
Velocity: [[0.0, 0.0, 0.0], [10.681123338592288, 13.089788280863255, 3.1113810593397426], [4.88110861032593, 9.272467008850795, 6.357528531602974], [12.437768051081783, 5.637744710285951, 3.531090409057283]]
Attitude: [[0.0, 0.0, 0.0], [0.8998039769895753, 0.7044384319041941, 1.3886732407031834], [1.1611922254600138, 0.7127995807128885, 1.0254592902531863], [0.4911333101171544, 1.159608420333512, 1.31776151037235]]
Save Location: maps/map1307/test.txt
