Path: 696
Path Score: 4.167451866519695
Waypoints: [[1.0, 1.0, 1.0], [7.279071891786115, 11.99037003440958, 7.619831722996372], [21.391366360934747, 19.016584990160858, 9.132275513596717], [29.0, 29.0, 14.0]]
Velocity: [[0.0, 0.0, 0.0], [6.279071891786115, 10.99037003440958, 6.619831722996372], [14.112294469148631, 7.0262149557512785, 1.5124437906003454], [7.608633639065253, 9.983415009839142, 4.867724486403283]]
Attitude: [[0.0, 0.0, 0.0], [1.115662030937802, 0.6928797362779866, 1.088924427386206], [0.4710465325273856, 1.1111212855600499, 1.4751501919848429], [0.9701837951063373, 0.7354334851728955, 1.20085483013767]]
Save Location: maps/map1820/test.txt
