Path: 1989
Path Score: 4.325579398770588
Waypoints: [[1.0, 1.0, 1.0], [7.908661902969909, 13.249370598681029, 5.122888052721978], [24.882695815361128, 14.368288597070304, 12.113832918894575], [29.0, 29.0, 14.0]]
Velocity: [[0.0, 0.0, 0.0], [6.908661902969909, 12.249370598681029, 4.122888052721978], [16.97403391239122, 1.118917998389275, 6.9909448661725975], [4.117304184638872, 14.631711402929696, 1.886167081105425]]
Attitude: [[0.0, 0.0, 0.0], [1.0799032623057099, 0.5811391675180452, 1.2856207472042467], [0.3951628979538195, 1.5099194927028161, 1.1808696574579656], [1.2986348105444985, 0.30016579609209537, 1.4473372730099068]]
Save Location: maps/map706/test.txt
