Path: 2270
Path Score: 4.156795943423247
Waypoints: [[1.0, 1.0, 1.0], [5.7591996310330025, 10.496060591014656, 1.1961851557501069], [13.095324436113561, 15.033365545267669, 6.706312039110363], [29.0, 29.0, 14.0]]
Velocity: [[0.0, 0.0, 0.0], [4.7591996310330025, 9.496060591014656, 0.19618515575010687], [7.3361248050805585, 4.537304954253013, 5.510126883360257], [15.904675563886439, 13.966634454732331, 7.293687960889637]]
Attitude: [[0.0, 0.0, 0.0], [1.1062936554501903, 0.46492826404694765, 1.5523285842779897], [0.7716989936165352, 1.1115340250258612, 1.0023421003789843], [0.7807156099511975, 0.8971446612687055, 1.2389541045829986]]
Save Location: maps/map1906/test.txt
