Path: 1993
Path Score: 4.222007628077671
Waypoints: [[1.0, 1.0, 1.0], [7.908661902969909, 13.249370598681029, 5.122888052721978], [13.095324436113561, 15.033365545267669, 6.706312039110363], [29.0, 29.0, 14.0]]
Velocity: [[0.0, 0.0, 0.0], [6.908661902969909, 12.249370598681029, 4.122888052721978], [5.186662533143652, 1.78399494658664, 1.5834239863883859], [15.904675563886439, 13.966634454732331, 7.293687960889637]]
Attitude: [[0.0, 0.0, 0.0], [1.0799032623057099, 0.5811391675180452, 1.2856207472042467], [0.43105598453646, 1.2529783003409867, 1.2897495917994213], [0.7807156099511975, 0.8971446612687055, 1.2389541045829986]]
Save Location: maps/map1396/test.txt
