Path: 1153
Path Score: 4.26704357843664
Waypoints: [[1.0, 1.0, 1.0], [7.244355243304841, 4.686769508950413, 5.732290508395203], [8.698977053221993, 19.48629808039675, 13.371846165404145], [29.0, 29.0, 14.0]]
Velocity: [[0.0, 0.0, 0.0], [6.244355243304841, 3.6867695089504133, 4.732290508395203], [1.4546218099171524, 14.799528571446338, 7.639555657008942], [20.301022946778005, 9.51370191960325, 0.6281538345958548]]
Attitude: [[0.0, 0.0, 0.0], [0.7653529368027897, 1.1309818444795048, 0.9925991767107255], [1.4836789167682862, 0.4838206320477335, 1.0962274081339547], [0.4390758398022054, 1.132740622989748, 1.5427856888103315]]
Save Location: maps/map1073/test.txt
