Path: 2239
Path Score: 4.142719952904716
Waypoints: [[1.0, 1.0, 1.0], [5.7591996310330025, 10.496060591014656, 1.1961851557501069], [22.592720703848663, 25.526803242435573, 12.228206346267022], [29.0, 29.0, 14.0]]
Velocity: [[0.0, 0.0, 0.0], [4.7591996310330025, 9.496060591014656, 0.19618515575010687], [16.83352107281566, 15.030742651420917, 11.032021190516915], [6.407279296151337, 3.473196757564427, 1.7717936537329777]]
Attitude: [[0.0, 0.0, 0.0], [1.1062936554501903, 0.46492826404694765, 1.5523285842779897], [0.836407102464705, 0.9293358533958704, 1.1161115160380284], [0.5466676487799201, 1.0893405550292934, 1.3323147563268598]]
Save Location: maps/map1987/test.txt
