Path: 2021
Path Score: 4.3260217587711605
Waypoints: [[1.0, 1.0, 1.0], [1.6574939373145603, 7.640942564656317, 6.853106441814953], [7.177206899450002, 15.45719743824309, 14.540668792615357], [29.0, 29.0, 14.0]]
Velocity: [[0.0, 0.0, 0.0], [0.6574939373145603, 6.640942564656317, 5.853106441814953], [5.519712962135442, 7.816254873586773, 7.687562350800404], [21.822793100549998, 13.54280256175691, -0.5406687926153566]]
Attitude: [[0.0, 0.0, 0.0], [1.4966576018134188, 0.7255359120981532, 0.8507902510389312], [1.1043726021058338, 0.8804609696638979, 0.8939840859758997], [0.5557718496340723, 1.0155187584190801, 1.591844435500265]]
Save Location: maps/map705/test.txt
