Path: 1864
Path Score: 4.247109723107681
Waypoints: [[1.0, 1.0, 1.0], [5.142904841761517, 4.732071187514425, 9.090826078056057], [20.852071857601725, 15.195208825034904, 7.612944235060696], [29.0, 29.0, 14.0]]
Velocity: [[0.0, 0.0, 0.0], [4.142904841761517, 3.732071187514425, 8.090826078056057], [15.709167015840208, 10.463137637520479, -1.4778818429953615], [8.147928142398275, 13.804791174965096, 6.387055764939304]]
Attitude: [[0.0, 0.0, 0.0], [1.1355654236864037, 1.1812058528805445, 0.6034260736599171], [0.5921432901672784, 0.9852497089803559, 1.6489364233852466], [1.0790221355094318, 0.643470475899189, 1.1916321938329075]]
Save Location: maps/map1215/test.txt
