Path: 2153
Path Score: 4.099107559319985
Waypoints: [[1.0, 1.0, 1.0], [5.839689469355285, 6.231079992564079, 1.4400139470819306], [15.326606466973086, 21.339557800606936, 5.709370475713641], [29.0, 29.0, 14.0]]
Velocity: [[0.0, 0.0, 0.0], [4.839689469355285, 5.231079992564079, 0.44001394708193065], [9.4869169976178, 15.108477808042856, 4.26935652863171], [13.673393533026914, 7.660442199393064, 8.29062952428636]]
Attitude: [[0.0, 0.0, 0.0], [0.8259996858182699, 0.748605830934555, 1.5091311358387776], [1.0272518755092004, 0.6030168023659254, 1.3359011080158512], [0.690120256163992, 1.1240390241586073, 1.0842390444713212]]
Save Location: maps/map2254/test.txt
