Path: 2286
Path Score: 4.229465937014657
Waypoints: [[1.0, 1.0, 1.0], [4.608820246079843, 7.120273707001329, 9.286680001717013], [25.428707168258946, 19.405189246924685, 11.09112041789754], [29.0, 29.0, 14.0]]
Velocity: [[0.0, 0.0, 0.0], [3.6088202460798433, 6.120273707001329, 8.286680001717013], [20.8198869221791, 12.284915539923357, 1.8044404161805279], [3.5712928317410544, 9.594810753075315, 2.9088795821024593]]
Attitude: [[0.0, 0.0, 0.0], [1.233845257898589, 0.9755770124671417, 0.7087760394342274], [0.5377593184735838, 1.039356267224948, 1.4962909368499184], [1.228608075856676, 0.4475659367165343, 1.29396325921033]]
Save Location: maps/map1344/test.txt
