Path: 1450
Path Score: 4.3782370342955135
Waypoints: [[1.0, 1.0, 1.0], [1.5831056317866898, 11.289807463775418, 6.886569014408189], [8.159225786633002, 22.267181592153765, 7.3392383843274605], [29.0, 29.0, 14.0]]
Velocity: [[0.0, 0.0, 0.0], [0.5831056317866898, 10.289807463775418, 5.886569014408189], [6.576120154846311, 10.977374128378347, 0.4526693699192714], [20.840774213367, 6.732818407846235, 6.6607616156725395]]
Attitude: [[0.0, 0.0, 0.0], [1.5216478577442305, 0.5217422173051365, 1.0518517055369716], [1.0314417541101517, 0.5407715597750056, 1.535436354262529], [0.42653797996828985, 1.2722670340266777, 1.2755587507369637]]
Save Location: maps/map439/test.txt
