Path: 13
Path Total Score: 1.8618354435763682
Waypoints: [[0.1, 0.1, 0.1], [4.063518327458416, 7.294695087881575, 4.057775966851878], [0.6620044016103999, 3.4612940566660253, 3.11779221538404], [5.7591996310330025, 10.496060591014656, 1.1961851557501069], [1.6106843997472442, 10.926592038722745, 0.2681482287720438], [7.371736915284308, 11.515755355732963, 1.1370785610261875], [2.645294600761161, 10.794111879654958, 1.1232411454380058], [8.989616779422274, 13.392801977721955, 0.008249284075974028], [8.101549862291503, 12.433795571630057, 2.3513102846573535], [15.0, 15.0, 7.5]]
Velocity: [[0.0, 0.0, 0.0], [3.963518327458416, 7.194695087881575, 3.957775966851878], [-3.4015139258480165, -3.8334010312155495, -0.939983751467838], [5.097195229422603, 7.0347665343486305, -1.9216070596339332], [-4.148515231285758, 0.4305314477080895, -0.9280369269780631], [5.761052515537064, 0.5891633170102182, 0.8689303322541437], [-4.726442314523148, -0.7216434760780057, -0.013837415588181745], [6.344322178661113, 2.5986900980669976, -1.1149918613620318], [-0.8880669171307716, -0.9590064060918984, 2.3430610005813794], [6.8984501377084975, 2.566204428369943, 5.1486897153426465]]
Attitude: [[0.0, 0.0, 0.0], [0.0, 0.0, 0.0], [0.0, 0.0, 0.0], [0.0, 0.0, 0.0], [0.0, 0.0, 0.0], [0.0, 0.0, 0.0], [0.0, 0.0, 0.0], [0.0, 0.0, 0.0], [0.0, 0.0, 0.0], [0.0, 0.0, 0.0]]
Save Location: maps/map19/test.txt
