Path: 1237
Path Score: 4.218499269062765
Waypoints: [[1.0, 1.0, 1.0], [10.98841998167141, 13.67984788740044, 4.669955467169109], [27.392959345270903, 23.005156066345783, 14.43568391042985], [29.0, 29.0, 14.0]]
Velocity: [[0.0, 0.0, 0.0], [9.98841998167141, 12.67984788740044, 3.6699554671691086], [16.404539363599493, 9.325308178945344, 9.765728443260741], [1.6070406547290972, 5.9948439336542165, -0.4356839104298498]]
Attitude: [[0.0, 0.0, 0.0], [0.9230317793050691, 0.698207449561829, 1.3472349331065676], [0.6886836048511311, 1.1164247975615669, 1.0932220964918788], [1.309541788024109, 0.27091869121991397, 1.6408792813009851]]
Save Location: maps/map1415/test.txt
