# waypoints
G: (11.0,-17.0,15)
G: (14.428265993547061,-16.840077534079164,15)
G: (18.26389883696121,-15.849373804319992,15)
G: (21.58752393055969,-15.962484535148066,15)
G: (25.054049514814217,-16.887655307098353,15)
G: (29.0,-17.0,15)


# wall segments
W: (30.0,-18.8,10.0,-18.8,3)
W: (10.0,-15.2,30.0,-15.2,3)


# environment settings
R: (0)
D: (1)
