Path: 310
Path Score: 4.03512077477879
Waypoints: [[1.0, 1.0, 1.0], [11.62421921707525, 9.637940007438962, 4.108292062461251], [24.231363728279373, 24.064238050008328, 9.859876317962396], [29.0, 29.0, 14.0]]
Velocity: [[0.0, 0.0, 0.0], [10.62421921707525, 8.637940007438962, 3.108292062461251], [12.607144511204122, 14.426298042569366, 5.751584255501145], [4.768636271720627, 4.935761949991672, 4.140123682037604]]
Attitude: [[0.0, 0.0, 0.0], [0.7126112608988734, 0.9081638967287853, 1.3475745118170808], [0.8889239673020637, 0.7652781418694033, 1.2791501261177234], [0.9335872338350895, 0.9073880140782924, 1.02799260384737]]
Save Location: maps/map2453/test.txt
