Path: 1084
Path Score: 4.198785583553803
Waypoints: [[1.0, 1.0, 1.0], [5.124139793286082, 11.529276214212281, 3.1169525438428494], [20.24894541404868, 13.704934531749169, 10.28792228211892], [29.0, 29.0, 14.0]]
Velocity: [[0.0, 0.0, 0.0], [4.124139793286082, 10.529276214212281, 2.1169525438428494], [15.124805620762599, 2.1756583175368878, 7.170969738276071], [8.75105458595132, 15.295065468250831, 3.7120777178810798]]
Attitude: [[0.0, 0.0, 0.0], [1.2041596665548568, 0.4147337109116922, 1.3857324418142094], [0.4600097752341986, 1.4415428695135841, 1.1320176331095748], [1.0633520659267364, 0.5560751825583984, 1.3631766434720947]]
Save Location: maps/map1569/test.txt
