Path: 277
Path Score: 4.194464374434229
Waypoints: [[1.0, 1.0, 1.0], [10.236205802881091, 6.726958385030271, 8.616461550781413], [18.295648198935922, 21.67677091998945, 14.790388562251113], [29.0, 29.0, 14.0]]
Velocity: [[0.0, 0.0, 0.0], [9.236205802881091, 5.726958385030271, 7.616461550781413], [8.05944239605483, 14.949812534959179, 6.173927011469701], [10.704351801064078, 7.323229080010549, -0.7903885622511133]]
Attitude: [[0.0, 0.0, 0.0], [0.801018365502451, 1.1245932303302049, 0.9595076706588436], [1.1085249055317972, 0.5965618789663556, 1.2221304848058208], [0.6027006201753293, 0.9720633967168617, 1.6316622645059446]]
Save Location: maps/map1614/test.txt
