Path: 26
Path Score: 4.090624033192831
Waypoints: [[1.0, 1.0, 1.0], [8.883832853990807, 7.619820070167713, 5.821889119101872], [19.70415101856637, 13.671074305937509, 12.81372080915123], [29.0, 29.0, 14.0]]
Velocity: [[0.0, 0.0, 0.0], [7.883832853990807, 6.619820070167713, 4.821889119101872], [10.820318164575564, 6.051254235769796, 6.991831690049358], [9.295848981433629, 15.328925694062491, 1.1862791908487704]]
Attitude: [[0.0, 0.0, 0.0], [0.8044304960935175, 0.9492050844908356, 1.1327513067607105], [0.7071457446570154, 1.1316664884518157, 1.0572886060267195], [1.0269884977688475, 0.548718444626354, 1.5047210663746937]]
Save Location: maps/map2287/test.txt
