Path: 128
Path Score: 4.21589685277082
Waypoints: [[1.0, 1.0, 1.0], [1.4054990619177365, 2.018923329900705, 5.290815032320245], [17.189475107527144, 6.123320838397045, 11.315568873473534], [29.0, 29.0, 14.0]]
Velocity: [[0.0, 0.0, 0.0], [0.40549906191773655, 1.018923329900705, 4.290815032320245], [15.783976045609407, 4.10439750849634, 6.024753841153289], [11.810524892472856, 22.876679161602954, 2.6844311265264658]]
Attitude: [[0.0, 0.0, 0.0], [1.479107067399564, 1.338645930601151, 0.2502235615876531], [0.43267218856674333, 1.3324736479665618, 1.2169308322828005], [1.0969999474799046, 0.4869188424541576, 1.4669037812398578]]
Save Location: maps/map1430/test.txt
