Path: 2287
Path Score: 4.388882553364173
Waypoints: [[1.0, 1.0, 1.0], [4.608820246079843, 7.120273707001329, 9.286680001717013], [22.76658572963688, 9.235766945696607, 14.657275630817615], [29.0, 29.0, 14.0]]
Velocity: [[0.0, 0.0, 0.0], [3.6088202460798433, 6.120273707001329, 8.286680001717013], [18.157765483557036, 2.1154932386952785, 5.3705956291006025], [6.23341427036312, 19.764233054303393, -0.6572756308176153]]
Attitude: [[0.0, 0.0, 0.0], [1.233845257898589, 0.9755770124671417, 0.7087760394342274], [0.3077905351517364, 1.4595358488048074, 1.2850493529941425], [1.2654404978558256, 0.30710381033439227, 1.6025015139442569]]
Save Location: maps/map399/test.txt
