Path: 951
Path Score: 4.2383002765311915
Waypoints: [[1.0, 1.0, 1.0], [7.03200889148945, 11.212381035806049, 2.4091861245466912], [13.127617811288149, 26.235374032803584, 6.157926047197438], [29.0, 29.0, 14.0]]
Velocity: [[0.0, 0.0, 0.0], [6.03200889148945, 10.212381035806049, 1.4091861245466912], [6.095608919798699, 15.022992996997536, 3.7487399226507465], [15.872382188711851, 2.764625967196416, 7.842073952802562]]
Attitude: [[0.0, 0.0, 0.0], [1.0413956223611207, 0.5452295055399751, 1.4525400011168248], [1.1957497243141244, 0.4445426498563677, 1.3435651997306746], [0.482563653737281, 1.4158888951789448, 1.1178111555993027]]
Save Location: maps/map1276/test.txt
