Path: 2492
Path Score: 4.316844975820861
Waypoints: [[1.0, 1.0, 1.0], [12.386106231445222, 1.1077460717588705, 7.4490524792482224], [28.870675406518693, 13.060700487616952, 12.882683677212206], [29.0, 29.0, 14.0]]
Velocity: [[0.0, 0.0, 0.0], [11.386106231445222, 0.10774607175887052, 6.4490524792482224], [16.48456917507347, 11.95295441585808, 5.433631197963984], [0.1293245934813072, 15.939299512383048, 1.1173163227877936]]
Attitude: [[0.0, 0.0, 0.0], [0.5154044449224107, 1.562562589250552, 1.0554709245652716], [0.6726054598496144, 0.9677262330782123, 1.3100222670997124], [1.5627027962274564, 0.07044941910009936, 1.5008148932011527]]
Save Location: maps/map746/test.txt
