Path: 117
Path Score: 4.145932438596013
Waypoints: [[1.0, 1.0, 1.0], [6.844542921659472, 12.575654287568902, 0.7512941296865822], [22.31107341157168, 20.857103800923483, 7.836819148340205], [29.0, 29.0, 14.0]]
Velocity: [[0.0, 0.0, 0.0], [5.844542921659472, 11.575654287568902, -0.24870587031341784], [15.46653048991221, 8.28144951335458, 7.085525018653623], [6.68892658842832, 8.142896199076517, 6.163180851659795]]
Attitude: [[0.0, 0.0, 0.0], [1.103329579532339, 0.4679236243581791, 1.5899732357353402], [0.6138597199155166, 1.1177708532291097, 1.1869590201734437], [0.9909241630968201, 0.8405978425021317, 1.041586930795209]]
Save Location: maps/map1969/test.txt
