Path: 1139
Path Score: 4.055500729595259
Waypoints: [[1.0, 1.0, 1.0], [7.244355243304841, 4.686769508950413, 5.732290508395203], [24.80078989068509, 16.52228778449424, 8.560347909072977], [29.0, 29.0, 14.0]]
Velocity: [[0.0, 0.0, 0.0], [6.244355243304841, 3.6867695089504133, 4.732290508395203], [17.556434647380247, 11.835518275543826, 2.828057400677774], [4.199210109314912, 12.477712215505761, 5.439652090927023]]
Attitude: [[0.0, 0.0, 0.0], [0.7653529368027897, 1.1309818444795048, 0.9925991767107255], [0.6060931841431334, 0.9835591323549587, 1.4380149573841365], [1.2715632840353657, 0.5034073100322944, 1.1789804677621314]]
Save Location: maps/map2414/test.txt
