Path: 1885
Path Score: 4.043624376531926
Waypoints: [[1.0, 1.0, 1.0], [8.469661386104097, 5.59096684474812, 2.5279558793890997], [17.89500835598713, 12.238417992478578, 7.134004137824853], [29.0, 29.0, 14.0]]
Velocity: [[0.0, 0.0, 0.0], [7.469661386104097, 4.59096684474812, 1.5279558793890997], [9.425346969883034, 6.647451147730457, 4.606048258435753], [11.10499164401287, 16.761582007521422, 6.865995862175147]]
Attitude: [[0.0, 0.0, 0.0], [0.5747996990566772, 1.0288000156137393, 1.3982583619310816], [0.7091412030390204, 1.0059956699943662, 1.1908449474173464], [1.0208116603536068, 0.6617621353055158, 1.2417305692240037]]
Save Location: maps/map2438/test.txt
