Path: 2271
Path Score: 4.181146499162842
Waypoints: [[1.0, 1.0, 1.0], [5.7591996310330025, 10.496060591014656, 1.1961851557501069], [12.613060744395664, 17.548051480031873, 8.080005726347148], [29.0, 29.0, 14.0]]
Velocity: [[0.0, 0.0, 0.0], [4.7591996310330025, 9.496060591014656, 0.19618515575010687], [6.853861113362662, 7.051990889017217, 6.883820570597041], [16.386939255604336, 11.451948519968127, 5.919994273652852]]
Attitude: [[0.0, 0.0, 0.0], [1.1062936554501903, 0.46492826404694765, 1.5523285842779897], [0.9631084547320917, 0.9428596457373087, 0.9600651490417516], [0.6665783723714116, 0.989326980912511, 1.28290425102486]]
Save Location: maps/map1715/test.txt
