Path: 1998
Path Score: 4.2799825971349295
Waypoints: [[1.0, 1.0, 1.0], [7.908661902969909, 13.249370598681029, 5.122888052721978], [20.24894541404868, 13.704934531749169, 10.28792228211892], [29.0, 29.0, 14.0]]
Velocity: [[0.0, 0.0, 0.0], [6.908661902969909, 12.249370598681029, 4.122888052721978], [12.340283511078772, 0.4555639330681398, 5.165034229396943], [8.75105458595132, 15.295065468250831, 3.7120777178810798]]
Attitude: [[0.0, 0.0, 0.0], [1.0799032623057099, 0.5811391675180452, 1.2856207472042467], [0.39777725089152605, 1.536755246277905, 1.1746434278927054], [1.0633520659267364, 0.5560751825583984, 1.3631766434720947]]
Save Location: maps/map994/test.txt
