Path: 1462
Path Score: 4.275436882362249
Waypoints: [[1.0, 1.0, 1.0], [1.5831056317866898, 11.289807463775418, 6.886569014408189], [22.16101751903432, 21.88131243389526, 7.844034735289933], [29.0, 29.0, 14.0]]
Velocity: [[0.0, 0.0, 0.0], [0.5831056317866898, 10.289807463775418, 5.886569014408189], [20.57791188724763, 10.591504970119843, 0.9574657208817436], [6.838982480965679, 7.1186875661047395, 6.155965264710067]]
Attitude: [[0.0, 0.0, 0.0], [1.5216478577442305, 0.5217422173051365, 1.0518517055369716], [0.4769982224885901, 1.0958957778940972, 1.529449419784139], [0.9423867443913255, 0.9123337917118957, 1.0131992799999519]]
Save Location: maps/map1024/test.txt
