Path: 823
Path Score: 4.325261752566237
Waypoints: [[1.0, 1.0, 1.0], [4.844954787942095, 14.493280729732227, 5.905721797057641], [10.367468260299423, 27.216463727164182, 9.296135061442213], [29.0, 29.0, 14.0]]
Velocity: [[0.0, 0.0, 0.0], [3.844954787942095, 13.493280729732227, 4.905721797057641], [5.522513472357328, 12.723182997431955, 3.3904132643845717], [18.632531739700575, 1.7835362728358177, 4.703864938557787]]
Attitude: [[0.0, 0.0, 0.0], [1.3091332202726853, 0.43273101466224884, 1.2344339666278068], [1.173665324271201, 0.47107786780133554, 1.3310557232564915], [0.26370469337935265, 1.4782516615946064, 1.3245891179026303]]
Save Location: maps/map710/test.txt
