Path: 1681
Path Score: 4.441756878948363
Waypoints: [[1.0, 1.0, 1.0], [1.4862613186235762, 5.302297197202417, 9.54279168299124], [8.698977053221993, 19.48629808039675, 13.371846165404145], [29.0, 29.0, 14.0]]
Velocity: [[0.0, 0.0, 0.0], [0.48626131862357624, 4.302297197202417, 8.54279168299124], [7.212715734598417, 14.184000883194333, 3.8290544824129054], [20.301022946778005, 9.51370191960325, 0.6281538345958548]]
Attitude: [[0.0, 0.0, 0.0], [1.520002440634727, 1.1049085373684124, 0.46909167611999897], [1.1144258238023013, 0.5223789661695428, 1.3346546547697034], [0.4390758398022054, 1.132740622989748, 1.5427856888103315]]
Save Location: maps/map227/test.txt
