Path: 485
Path Score: 4.20216726304742
Waypoints: [[1.0, 1.0, 1.0], [11.29885047226655, 13.922680563011099, 6.0742347128672325], [24.29282605726432, 17.273783965333514, 9.528106741585457], [29.0, 29.0, 14.0]]
Velocity: [[0.0, 0.0, 0.0], [10.29885047226655, 12.922680563011099, 5.0742347128672325], [12.993975584997772, 3.3511034023224155, 3.4538720287182247], [4.707173942735679, 11.726216034666486, 4.471893258414543]]
Attitude: [[0.0, 0.0, 0.0], [0.932550665210745, 0.7263919285052141, 1.2728643435485965], [0.35469275370793485, 1.326531062752284, 1.3188801591516994], [1.2119605623526288, 0.5056733733733509, 1.2306436859371142]]
Save Location: maps/map1547/test.txt
