Path: 503
Path Score: 4.136789184720324
Waypoints: [[1.0, 1.0, 1.0], [11.29885047226655, 13.922680563011099, 6.0742347128672325], [20.610598369444524, 19.278006681353382, 8.827928443474919], [29.0, 29.0, 14.0]]
Velocity: [[0.0, 0.0, 0.0], [10.29885047226655, 12.922680563011099, 5.0742347128672325], [9.311747897177975, 5.355326118342283, 2.7536937306076865], [8.389401630555476, 9.721993318646618, 5.172071556525081]]
Attitude: [[0.0, 0.0, 0.0], [0.932550665210745, 0.7263919285052141, 1.2728643435485965], [0.5740454405944744, 1.0667981395908985, 1.3198492511229691], [0.919766086046802, 0.7922213235648208, 1.1879058042443305]]
Save Location: maps/map2023/test.txt
