Path: 1911
Path Score: 4.129913552935475
Waypoints: [[1.0, 1.0, 1.0], [8.469661386104097, 5.59096684474812, 2.5279558793890997], [12.704603846584774, 19.922199713463662, 8.33279809450805], [29.0, 29.0, 14.0]]
Velocity: [[0.0, 0.0, 0.0], [7.469661386104097, 4.59096684474812, 1.5279558793890997], [4.234942460480678, 14.331232868715542, 5.80484221511895], [16.295396153415226, 9.077800286536338, 5.66720190549195]]
Attitude: [[0.0, 0.0, 0.0], [0.5747996990566772, 1.0288000156137393, 1.3982583619310816], [1.3034627625753106, 0.46475507561516405, 1.200292170083639], [0.5810873343497762, 1.0864359774071253, 1.2758411019683804]]
Save Location: maps/map2081/test.txt
