Path: 1648
Path Score: 4.128593925504096
Waypoints: [[1.0, 1.0, 1.0], [10.36013664890983, 5.847929453477029, 2.4421408215587084], [24.882695815361128, 14.368288597070304, 12.113832918894575], [29.0, 29.0, 14.0]]
Velocity: [[0.0, 0.0, 0.0], [9.36013664890983, 4.847929453477029, 1.4421408215587084], [14.522559166451298, 8.520359143593275, 9.671692097335868], [4.117304184638872, 14.631711402929696, 1.886167081105425]]
Attitude: [[0.0, 0.0, 0.0], [0.49541529610661705, 1.0976792558885609, 1.4348290922750935], [0.7258924256200275, 1.116538116591204, 1.0494025919765029], [1.2986348105444985, 0.30016579609209537, 1.4473372730099068]]
Save Location: maps/map2088/test.txt
