Path: 609
Path Score: 4.429575500778815
Waypoints: [[1.0, 1.0, 1.0], [1.9869655009534015, 2.3470905443897805, 9.726710653669548], [11.40378861351021, 23.288761880938765, 11.804403224732908], [29.0, 29.0, 14.0]]
Velocity: [[0.0, 0.0, 0.0], [0.9869655009534015, 1.3470905443897805, 8.726710653669548], [9.41682311255681, 20.941671336548985, 2.077692571063361], [17.59621138648979, 5.711238119061235, 2.1955967752670915]]
Attitude: [[0.0, 0.0, 0.0], [1.4594850995761104, 1.4185963426785977, 0.18907565762625306], [1.1500464880343955, 0.43153822213255244, 1.4805561249616728], [0.33465120952432154, 1.2592127196021017, 1.4526670982553629]]
Save Location: maps/map271/test.txt
