Path: 1066
Path Score: 4.2715710610548605
Waypoints: [[1.0, 1.0, 1.0], [5.124139793286082, 11.529276214212281, 3.1169525438428494], [9.662916602314, 22.21326367479614, 9.15459432162151], [29.0, 29.0, 14.0]]
Velocity: [[0.0, 0.0, 0.0], [4.124139793286082, 10.529276214212281, 2.1169525438428494], [4.538776809027919, 10.683987460583857, 6.03764177777866], [19.337083397686, 6.7867363252038615, 4.845405678378491]]
Attitude: [[0.0, 0.0, 0.0], [1.2041596665548568, 0.4147337109116922, 1.3857324418142094], [1.2165485767286561, 0.6153963538191727, 1.0911802333348104], [0.40714433808387096, 1.242659214067075, 1.3386234911715096]]
Save Location: maps/map1048/test.txt
