Path: 1836
Path Score: 4.240415787163705
Waypoints: [[1.0, 1.0, 1.0], [5.142904841761517, 4.732071187514425, 9.090826078056057], [24.417165918970664, 21.028566972505814, 13.862338142170172], [29.0, 29.0, 14.0]]
Velocity: [[0.0, 0.0, 0.0], [4.142904841761517, 3.732071187514425, 8.090826078056057], [19.274261077209147, 16.29649578499139, 4.771512064114114], [4.582834081029336, 7.971433027494186, 0.1376618578298281]]
Attitude: [[0.0, 0.0, 0.0], [1.1355654236864037, 1.1812058528805445, 0.6034260736599171], [0.7222194414401994, 0.8835422208358215, 1.383957838920414], [1.0490962265383572, 0.5219593966089846, 1.5558258939074248]]
Save Location: maps/map1263/test.txt
