Path: 778
Path Score: 4.20313193222335
Waypoints: [[1.0, 1.0, 1.0], [4.844954787942095, 14.493280729732227, 5.905721797057641], [15.44249175683154, 18.284183195920107, 9.161844399110448], [29.0, 29.0, 14.0]]
Velocity: [[0.0, 0.0, 0.0], [3.844954787942095, 13.493280729732227, 4.905721797057641], [10.597536968889445, 3.7909024661878803, 3.256122602052807], [13.55750824316846, 10.715816804079893, 4.838155600889552]]
Attitude: [[0.0, 0.0, 0.0], [1.3091332202726853, 0.43273101466224884, 1.2344339666278068], [0.44063418673154625, 1.2413206680060136, 1.2891844381685067], [0.714409075190648, 0.9308782745117469, 1.2978165450117953]]
Save Location: maps/map1535/test.txt
