Path: 2360
Path Score: 4.283734993596065
Waypoints: [[1.0, 1.0, 1.0], [2.7823021602657514, 3.2626923788090734, 6.811174955232296], [8.698977053221993, 19.48629808039675, 13.371846165404145], [29.0, 29.0, 14.0]]
Velocity: [[0.0, 0.0, 0.0], [1.7823021602657514, 2.2626923788090734, 5.811174955232296], [5.916674892956242, 16.223605701587676, 6.560671210171849], [20.301022946778005, 9.51370191960325, 0.6281538345958548]]
Attitude: [[0.0, 0.0, 0.0], [1.2924157480158258, 1.2144350237412072, 0.46016632051788314], [1.2447646806832484, 0.4986491045845342, 1.2077243838672456], [0.4390758398022054, 1.132740622989748, 1.5427856888103315]]
Save Location: maps/map970/test.txt
