Path: 954
Path Score: 4.3919215808329835
Waypoints: [[1.0, 1.0, 1.0], [7.03200889148945, 11.212381035806049, 2.4091861245466912], [8.326355677599059, 21.007879601570398, 11.349606769497015], [29.0, 29.0, 14.0]]
Velocity: [[0.0, 0.0, 0.0], [6.03200889148945, 10.212381035806049, 1.4091861245466912], [1.2943467861096094, 9.79549856576435, 8.940420644950324], [20.67364432240094, 7.992120398429602, 2.650393230502985]]
Attitude: [[0.0, 0.0, 0.0], [1.0413956223611207, 0.5452295055399751, 1.4525400011168248], [1.4735069194843842, 0.7449579422989902, 0.8353125757254554], [0.3867733775955384, 1.2046409482682174, 1.4517841548325077]]
Save Location: maps/map387/test.txt
