Path: 384
Path Score: 4.552072880092271
Waypoints: [[1.0, 1.0, 1.0], [5.0694130019156045, 0.10947803648002186, 11.387112714668532], [13.095324436113561, 15.033365545267669, 6.706312039110363], [29.0, 29.0, 14.0]]
Velocity: [[0.0, 0.0, 0.0], [4.0694130019156045, -0.8905219635199781, 10.387112714668532], [8.025911434197956, 14.923887508787647, -4.680800675558169], [15.904675563886439, 13.966634454732331, 7.293687960889637]]
Attitude: [[0.0, 0.0, 0.0], [1.1986423454069668, 1.65045321960768, 0.3814078923026202], [1.0966905814675167, 0.5568484546174802, 1.8403081905800587], [0.7807156099511975, 0.8971446612687055, 1.2389541045829986]]
Save Location: maps/map52/test.txt
