Path: 2355
Path Score: 4.279549045585934
Waypoints: [[1.0, 1.0, 1.0], [2.7823021602657514, 3.2626923788090734, 6.811174955232296], [6.351589522056588, 15.595530052506257, 9.804307665027011], [29.0, 29.0, 14.0]]
Velocity: [[0.0, 0.0, 0.0], [1.7823021602657514, 2.2626923788090734, 5.811174955232296], [3.5692873617908365, 12.332837673697185, 2.9931327097947147], [22.64841047794341, 13.404469947493743, 4.195692334972989]]
Attitude: [[0.0, 0.0, 0.0], [1.2924157480158258, 1.2144350237412072, 0.46016632051788314], [1.2966299569490052, 0.3611405716791429, 1.3417581417554285], [0.5551154872057305, 1.0437555844404118, 1.4127030288890532]]
Save Location: maps/map996/test.txt
