Path: 1844
Path Score: 4.235785919446485
Waypoints: [[1.0, 1.0, 1.0], [5.142904841761517, 4.732071187514425, 9.090826078056057], [16.562231948918217, 23.36225528971405, 10.468909590942717], [29.0, 29.0, 14.0]]
Velocity: [[0.0, 0.0, 0.0], [4.142904841761517, 3.732071187514425, 8.090826078056057], [11.4193271071567, 18.630184102199625, 1.3780835128866595], [12.437768051081783, 5.637744710285951, 3.531090409057283]]
Attitude: [[0.0, 0.0, 0.0], [1.1355654236864037, 1.1812058528805445, 0.6034260736599171], [1.0221257404593644, 0.5531117541491785, 1.5078136697882645], [0.4911333101171544, 1.159608420333512, 1.31776151037235]]
Save Location: maps/map1293/test.txt
