Path: 2198
Path Score: 4.129935619139011
Waypoints: [[1.0, 1.0, 1.0], [5.839689469355285, 6.231079992564079, 1.4400139470819306], [12.704603846584774, 19.922199713463662, 8.33279809450805], [29.0, 29.0, 14.0]]
Velocity: [[0.0, 0.0, 0.0], [4.839689469355285, 5.231079992564079, 0.44001394708193065], [6.864914377229489, 13.691119720899582, 6.892784147426119], [16.295396153415226, 9.077800286536338, 5.66720190549195]]
Attitude: [[0.0, 0.0, 0.0], [0.8259996858182699, 0.748605830934555, 1.5091311358387776], [1.1497247908118267, 0.617769365486388, 1.1479058601354635], [0.5810873343497762, 1.0864359774071253, 1.2758411019683804]]
Save Location: maps/map2079/test.txt
