Path: 1545
Path Score: 4.094064913524395
Waypoints: [[1.0, 1.0, 1.0], [5.1328300726842055, 6.167067988359742, 4.338023583503114], [10.81745541664519, 17.765990078921153, 6.9670533080542265], [29.0, 29.0, 14.0]]
Velocity: [[0.0, 0.0, 0.0], [4.1328300726842055, 5.167067988359742, 3.338023583503114], [5.684625343960985, 11.59892209056141, 2.6290297245511125], [18.18254458335481, 11.234009921078847, 7.0329466919457735]]
Attitude: [[0.0, 0.0, 0.0], [0.9792202736645594, 0.799275207152919, 1.1035589735254734], [1.124923353997474, 0.49511385841484845, 1.370007046491949], [0.6298821484480811, 1.0480294904711909, 1.2528998172006138]]
Save Location: maps/map2274/test.txt
