Path: 2197
Path Score: 4.095619512672277
Waypoints: [[1.0, 1.0, 1.0], [5.839689469355285, 6.231079992564079, 1.4400139470819306], [22.781985147361475, 18.865246195222316, 4.237269029022857], [29.0, 29.0, 14.0]]
Velocity: [[0.0, 0.0, 0.0], [4.839689469355285, 5.231079992564079, 0.44001394708193065], [16.94229567800619, 12.634166202658236, 2.7972550819409268], [6.218014852638525, 10.134753804777684, 9.762730970977142]]
Attitude: [[0.0, 0.0, 0.0], [0.8259996858182699, 0.748605830934555, 1.5091311358387776], [0.6522597756898644, 0.9364734266531217, 1.4392057222407335], [1.154725411250614, 0.8516309695069436, 0.8833371316925762]]
Save Location: maps/map2270/test.txt
