Path: 1417
Path Score: 4.378043409414763
Waypoints: [[1.0, 1.0, 1.0], [10.074445050749116, 1.0357225832720962, 9.412027835082272], [17.89500835598713, 12.238417992478578, 7.134004137824853], [29.0, 29.0, 14.0]]
Velocity: [[0.0, 0.0, 0.0], [9.074445050749116, 0.03572258327209621, 8.412027835082272], [7.820563305238014, 11.20269540920648, -2.278023697257419], [11.10499164401287, 16.761582007521422, 6.865995862175147]]
Attitude: [[0.0, 0.0, 0.0], [0.7475390695972799, 1.5679093516700198, 0.8232656157544957], [0.9708239347950762, 0.6286896150697442, 1.7360129757494862], [1.0208116603536068, 0.6617621353055158, 1.2417305692240037]]
Save Location: maps/map440/test.txt
