# Note +ve X is north
# Note +ve Y is West
# x, y, height
# waypoints
G: (4.0,-2.0,10)
G: (17.02514874651453,0.2982669027351932,10)
G: (28.45863289362812,-4.6064357629785775,10)
G: (40.7329324129376,-2.972572269031474,10)
G: (55.86289033376316,-2.0979883575476492,10)
G: (68.98663927473794,3.742938006165545,10)
G: (80.95175981176418,1.4542230905165425,10)
G: (96.0,-2.0,10)


# wall segments
# x1, y1, x2, y2, z
W: (96.0,-9.200000000000003,0.0,-9.200000000000003,30)
W: (0.0,5.200000000000003,96.0,5.200000000000003,30)


# environment settings
R: (0)
D: (1)
