Path: 2462
Path Score: 4.329495310967005
Waypoints: [[1.0, 1.0, 1.0], [12.386106231445222, 1.1077460717588705, 7.4490524792482224], [22.76658572963688, 9.235766945696607, 14.657275630817615], [29.0, 29.0, 14.0]]
Velocity: [[0.0, 0.0, 0.0], [11.386106231445222, 0.10774607175887052, 6.4490524792482224], [10.380479498191658, 8.128020873937736, 7.208223151569393], [6.23341427036312, 19.764233054303393, -0.6572756308176153]]
Attitude: [[0.0, 0.0, 0.0], [0.5154044449224107, 1.562562589250552, 1.0554709245652716], [0.8081470881968272, 0.9992489032955322, 1.0704607446977654], [1.2654404978558256, 0.30710381033439227, 1.6025015139442569]]
Save Location: maps/map683/test.txt
