Path: 517
Path Score: 4.237437174184812
Waypoints: [[1.0, 1.0, 1.0], [9.981785049321614, 2.094242845092411, 3.906087432644374], [16.72641038031882, 15.264827052821502, 13.846194206338602], [29.0, 29.0, 14.0]]
Velocity: [[0.0, 0.0, 0.0], [8.981785049321614, 1.094242845092411, 2.906087432644374], [6.7446253309972075, 13.17058420772909, 9.940106773694229], [12.273589619681179, 13.735172947178498, 0.15380579366139813]]
Attitude: [[0.0, 0.0, 0.0], [0.33286566125405836, 1.4553984883962245, 1.2600245384619229], [1.1827695505675992, 0.7394362485878185, 0.9792756293708789], [0.8415660736191315, 0.7293004114667039, 1.5624465811421142]]
Save Location: maps/map1279/test.txt
