Path: 693
Path Score: 4.255767014139209
Waypoints: [[1.0, 1.0, 1.0], [7.279071891786115, 11.99037003440958, 7.619831722996372], [11.40378861351021, 23.288761880938765, 11.804403224732908], [29.0, 29.0, 14.0]]
Velocity: [[0.0, 0.0, 0.0], [6.279071891786115, 10.99037003440958, 6.619831722996372], [4.124716721724095, 11.298391846529185, 4.184571501736537], [17.59621138648979, 5.711238119061235, 2.1955967752670915]]
Attitude: [[0.0, 0.0, 0.0], [1.115662030937802, 0.6928797362779866, 1.088924427386206], [1.2409571538178559, 0.4795571025705529, 1.235985046407076], [0.33465120952432154, 1.2592127196021017, 1.4526670982553629]]
Save Location: maps/map1160/test.txt
