Path: 670
Path Score: 4.43301086003219
Waypoints: [[1.0, 1.0, 1.0], [7.279071891786115, 11.99037003440958, 7.619831722996372], [22.909069045040045, 10.835196024953614, 13.228528156939884], [29.0, 29.0, 14.0]]
Velocity: [[0.0, 0.0, 0.0], [6.279071891786115, 10.99037003440958, 6.619831722996372], [15.62999715325393, -1.1551740094559655, 5.608696433943512], [6.090930954959955, 18.164803975046386, 0.771471843060116]]
Attitude: [[0.0, 0.0, 0.0], [1.115662030937802, 0.6928797362779866, 1.088924427386206], [0.35118661112613847, 1.640248716461026, 1.227131415148803], [1.2475348540835867, 0.325939212643112, 1.5305508334281337]]
Save Location: maps/map260/test.txt
