Path: 1142
Path Score: 4.148398831672911
Waypoints: [[1.0, 1.0, 1.0], [7.244355243304841, 4.686769508950413, 5.732290508395203], [24.548396690958242, 11.577212241638717, 14.392801991557022], [29.0, 29.0, 14.0]]
Velocity: [[0.0, 0.0, 0.0], [6.244355243304841, 3.6867695089504133, 4.732290508395203], [17.3040414476534, 6.890442732688304, 8.66051148316182], [4.451603309041758, 17.42278775836128, -0.3928019915570218]]
Attitude: [[0.0, 0.0, 0.0], [0.7653529368027897, 1.1309818444795048, 0.9925991767107255], [0.5690098301767069, 1.2287067940093421, 1.135553268266459], [1.3207044969365416, 0.251084454734688, 1.5926364233314274]]
Save Location: maps/map1952/test.txt
