Path: 163
Path Score: 4.424620604428844
Waypoints: [[1.0, 1.0, 1.0], [0.8689948832512862, 4.64282219210965, 7.776103442790986], [13.622214221490246, 10.560085107867, 6.307093757900562], [29.0, 29.0, 14.0]]
Velocity: [[0.0, 0.0, 0.0], [-0.13100511674871385, 3.6428221921096497, 6.776103442790986], [12.75321933823896, 5.91726291575735, -1.4690096848904242], [15.377785778509754, 18.439914892133, 7.692906242099438]]
Attitude: [[0.0, 0.0, 0.0], [1.5878233126910848, 1.077602275761293, 0.4935415452562085], [0.4459471385789125, 1.1388868889325459, 1.6749066314138727], [0.914838330820967, 0.7504678954034324, 1.2607334357451414]]
Save Location: maps/map284/test.txt
