Path: 1491
Path Score: 4.4205820724861
Waypoints: [[1.0, 1.0, 1.0], [1.5831056317866898, 11.289807463775418, 6.886569014408189], [6.596290149546203, 22.34738075894622, 14.267155835962525], [29.0, 29.0, 14.0]]
Velocity: [[0.0, 0.0, 0.0], [0.5831056317866898, 10.289807463775418, 5.886569014408189], [5.0131845177595125, 11.057573295170801, 7.380586821554336], [22.403709850453797, 6.652619241053781, -0.2671558359625248]]
Attitude: [[0.0, 0.0, 0.0], [1.5216478577442305, 0.5217422173051365, 1.0518517055369716], [1.2101964302537707, 0.6789238264311214, 1.0245809440888922], [0.2888695544722783, 1.2821661018601413, 1.582227121859774]]
Save Location: maps/map300/test.txt
