Path: 812
Path Score: 4.24925447601937
Waypoints: [[1.0, 1.0, 1.0], [4.844954787942095, 14.493280729732227, 5.905721797057641], [22.48463544099993, 22.910796544751268, 5.995441400636155], [29.0, 29.0, 14.0]]
Velocity: [[0.0, 0.0, 0.0], [3.844954787942095, 13.493280729732227, 4.905721797057641], [17.639680653057837, 8.41751581501904, 0.08971960357851394], [6.515364559000069, 6.089203455248732, 8.004558599363845]]
Attitude: [[0.0, 0.0, 0.0], [1.3091332202726853, 0.43273101466224884, 1.2344339666278068], [0.44525743073116547, 1.1255660014058888, 1.5662059823180128], [0.9959567092637175, 1.0377754035517597, 0.8393162236524304]]
Save Location: maps/map1199/test.txt
