Path: 1493
Path Score: 4.292994761875737
Waypoints: [[1.0, 1.0, 1.0], [1.5831056317866898, 11.289807463775418, 6.886569014408189], [9.662916602314, 22.21326367479614, 9.15459432162151], [29.0, 29.0, 14.0]]
Velocity: [[0.0, 0.0, 0.0], [0.5831056317866898, 10.289807463775418, 5.886569014408189], [8.07981097052731, 10.92345621102072, 2.2680253072133203], [19.337083397686, 6.7867363252038615, 4.845405678378491]]
Attitude: [[0.0, 0.0, 0.0], [1.5216478577442305, 0.5217422173051365, 1.0518517055369716], [0.9439934545502343, 0.6550878727767943, 1.4053946265358481], [0.40714433808387096, 1.242659214067075, 1.3386234911715096]]
Save Location: maps/map909/test.txt
