Path: 1131
Path Score: 4.096107690520942
Waypoints: [[1.0, 1.0, 1.0], [7.244355243304841, 4.686769508950413, 5.732290508395203], [17.427868364228836, 16.4750747584921, 4.825948732556496], [29.0, 29.0, 14.0]]
Velocity: [[0.0, 0.0, 0.0], [6.244355243304841, 3.6867695089504133, 4.732290508395203], [10.183513120923994, 11.788305249541686, -0.9063417758387073], [11.572131635771164, 12.524925241507901, 9.174051267443504]]
Attitude: [[0.0, 0.0, 0.0], [0.7653529368027897, 1.1309818444795048, 0.9925991767107255], [0.8597648738319728, 0.7144410786466484, 1.6289124111263835], [0.930265420446883, 0.8673805595008431, 1.0772217983493675]]
Save Location: maps/map2268/test.txt
