Path: 946
Path Score: 4.232517165953837
Waypoints: [[1.0, 1.0, 1.0], [7.03200889148945, 11.212381035806049, 2.4091861245466912], [26.76543196640594, 17.456646557356017, 7.05435308823407], [29.0, 29.0, 14.0]]
Velocity: [[0.0, 0.0, 0.0], [6.03200889148945, 10.212381035806049, 1.4091861245466912], [19.73342307491649, 6.244265521549968, 4.6451669636873785], [2.2345680335940585, 11.543353442643983, 6.94564691176593]]
Attitude: [[0.0, 0.0, 0.0], [1.0413956223611207, 0.5452295055399751, 1.4525400011168248], [0.37565677106091605, 1.2720050915940264, 1.3500263164717103], [1.4064235659655742, 0.5636700246717852, 1.0372176653267735]]
Save Location: maps/map1319/test.txt
