Path: 2375
Path Score: 4.180981508414594
Waypoints: [[1.0, 1.0, 1.0], [2.7823021602657514, 3.2626923788090734, 6.811174955232296], [12.613060744395664, 17.548051480031873, 8.080005726347148], [29.0, 29.0, 14.0]]
Velocity: [[0.0, 0.0, 0.0], [1.7823021602657514, 2.2626923788090734, 5.811174955232296], [9.830758584129914, 14.285359101222799, 1.2688307711148514], [16.386939255604336, 11.451948519968127, 5.919994273652852]]
Attitude: [[0.0, 0.0, 0.0], [1.2924157480158258, 1.2144350237412072, 0.46016632051788314], [0.9698876194404424, 0.606605711728611, 1.4977576815425362], [0.6665783723714116, 0.989326980912511, 1.28290425102486]]
Save Location: maps/map1717/test.txt
