Path: 621
Path Score: 4.417264447945987
Waypoints: [[1.0, 1.0, 1.0], [1.9869655009534015, 2.3470905443897805, 9.726710653669548], [13.095324436113561, 15.033365545267669, 6.706312039110363], [29.0, 29.0, 14.0]]
Velocity: [[0.0, 0.0, 0.0], [0.9869655009534015, 1.3470905443897805, 8.726710653669548], [11.10835893516016, 12.686275000877888, -3.020398614559184], [15.904675563886439, 13.966634454732331, 7.293687960889637]]
Attitude: [[0.0, 0.0, 0.0], [1.4594850995761104, 1.4185963426785977, 0.18907565762625306], [0.8652518471818901, 0.7368945285515234, 1.748038083058891], [0.7807156099511975, 0.8971446612687055, 1.2389541045829986]]
Save Location: maps/map306/test.txt
