Path: 859
Path Score: 4.136455459534108
Waypoints: [[1.0, 1.0, 1.0], [13.622214221490246, 10.560085107867, 6.307093757900562], [24.417165918970664, 21.028566972505814, 13.862338142170172], [29.0, 29.0, 14.0]]
Velocity: [[0.0, 0.0, 0.0], [12.622214221490246, 9.560085107867, 5.307093757900562], [10.794951697480418, 10.468481864638814, 7.55524438426961], [4.582834081029336, 7.971433027494186, 0.1376618578298281]]
Attitude: [[0.0, 0.0, 0.0], [0.7138698155414545, 0.9612815674177257, 1.2473929819737224], [0.8743904535423984, 0.8994191086490153, 1.1052034911381874], [1.0490962265383572, 0.5219593966089846, 1.5558258939074248]]
Save Location: maps/map2027/test.txt
