Path: 2191
Path Score: 4.191701555934342
Waypoints: [[1.0, 1.0, 1.0], [5.839689469355285, 6.231079992564079, 1.4400139470819306], [25.79209058027837, 11.910847199982666, 9.017382596249654], [29.0, 29.0, 14.0]]
Velocity: [[0.0, 0.0, 0.0], [4.839689469355285, 5.231079992564079, 0.44001394708193065], [19.952401110923084, 5.679767207418586, 7.577368649167723], [3.2079094197216307, 17.089152800017334, 4.982617403750346]]
Attitude: [[0.0, 0.0, 0.0], [0.8259996858182699, 0.748605830934555, 1.5091311358387776], [0.4431360763942979, 1.3107033691315133, 1.2205910711002597], [1.3924977157249556, 0.3337927357398629, 1.2917140564701521]]
Save Location: maps/map1633/test.txt
