Path: 1138
Path Score: 4.035651951053208
Waypoints: [[1.0, 1.0, 1.0], [7.244355243304841, 4.686769508950413, 5.732290508395203], [22.592720703848663, 25.526803242435573, 12.228206346267022], [29.0, 29.0, 14.0]]
Velocity: [[0.0, 0.0, 0.0], [6.244355243304841, 3.6867695089504133, 4.732290508395203], [15.348365460543821, 20.84003373348516, 6.495915837871819], [6.407279296151337, 3.473196757564427, 1.7717936537329777]]
Attitude: [[0.0, 0.0, 0.0], [0.7653529368027897, 1.1309818444795048, 0.9925991767107255], [0.9579800800096625, 0.6745765936967479, 1.3248939000278095], [0.5466676487799201, 1.0893405550292934, 1.3323147563268598]]
Save Location: maps/map2452/test.txt
