Path: 1639
Path Score: 4.303136673514649
Waypoints: [[1.0, 1.0, 1.0], [10.36013664890983, 5.847929453477029, 2.4421408215587084], [11.922439956495857, 17.336683693731057, 5.215453288665816], [29.0, 29.0, 14.0]]
Velocity: [[0.0, 0.0, 0.0], [9.36013664890983, 4.847929453477029, 1.4421408215587084], [1.5623033075860278, 11.488754240254028, 2.7733124671071074], [17.077560043504143, 11.663316306268943, 8.784546711334183]]
Attitude: [[0.0, 0.0, 0.0], [0.49541529610661705, 1.0976792558885609, 1.4348290922750935], [1.4393697059162602, 0.27028153405286426, 1.336015274298158], [0.7073929618515384, 1.0250094498144648, 1.169113814241912]]
Save Location: maps/map844/test.txt
