Path: 1260
Path Score: 4.135136517032985
Waypoints: [[1.0, 1.0, 1.0], [11.681123338592288, 14.089788280863255, 4.111381059339743], [25.82242157098592, 26.583335307071817, 8.735195019153062], [29.0, 29.0, 14.0]]
Velocity: [[0.0, 0.0, 0.0], [10.681123338592288, 13.089788280863255, 3.1113810593397426], [14.141298232393632, 12.493547026208562, 4.62381395981332], [3.17757842901408, 2.416664692928183, 5.264804980846938]]
Attitude: [[0.0, 0.0, 0.0], [0.8998039769895753, 0.7044384319041941, 1.3886732407031834], [0.7555642503115146, 0.8722942968334436, 1.3304920087556258], [1.0690872565574958, 1.1963461847155972, 0.6487738662809521]]
Save Location: maps/map2036/test.txt
