Path: 1220
Path Score: 4.220114841676989
Waypoints: [[1.0, 1.0, 1.0], [10.98841998167141, 13.67984788740044, 4.669955467169109], [18.72403228769046, 27.04667286152992, 8.275372330418275], [29.0, 29.0, 14.0]]
Velocity: [[0.0, 0.0, 0.0], [9.98841998167141, 12.67984788740044, 3.6699554671691086], [7.73561230601905, 13.36682497412948, 3.6054168632491663], [10.27596771230954, 1.9533271384700797, 5.724627669581725]]
Attitude: [[0.0, 0.0, 0.0], [0.9230317793050691, 0.698207449561829, 1.3472349331065676], [1.0612611649883918, 0.568239995016998, 1.341450309378801], [0.5320146181463187, 1.4062402530460234, 1.0700368475848865]]
Save Location: maps/map1409/test.txt
