Path: 359
Path Score: 4.072679553058271
Waypoints: [[1.0, 1.0, 1.0], [11.62421921707525, 9.637940007438962, 4.108292062461251], [24.539485932888955, 19.73672816277327, 8.00225603479158], [29.0, 29.0, 14.0]]
Velocity: [[0.0, 0.0, 0.0], [10.62421921707525, 8.637940007438962, 3.108292062461251], [12.915266715813704, 10.09878815533431, 3.8939639723303294], [4.4605140671110455, 9.263271837226728, 5.99774396520842]]
Attitude: [[0.0, 0.0, 0.0], [0.7126112608988734, 0.9081638967287853, 1.3475745118170808], [0.6975097825993486, 0.9281663704624941, 1.3376051087758767], [1.1866756395694507, 0.678936129498745, 1.0426972103159322]]
Save Location: maps/map2360/test.txt
