Path: 1221
Path Score: 4.185019284534555
Waypoints: [[1.0, 1.0, 1.0], [10.98841998167141, 13.67984788740044, 4.669955467169109], [18.441097262136424, 17.537267266708554, 6.281086639361177], [29.0, 29.0, 14.0]]
Velocity: [[0.0, 0.0, 0.0], [9.98841998167141, 12.67984788740044, 3.6699554671691086], [7.452677280465014, 3.857419379308114, 1.611131172192068], [10.558902737863576, 11.462732733291446, 7.718913360638823]]
Attitude: [[0.0, 0.0, 0.0], [0.9230317793050691, 0.698207449561829, 1.3472349331065676], [0.5111890695078627, 1.1024383784966625, 1.3811153322113083], [0.9183550643402842, 0.8511782172620342, 1.1109269665548651]]
Save Location: maps/map1685/test.txt
