Path: 1049
Path Score: 4.263581586695417
Waypoints: [[1.0, 1.0, 1.0], [5.124139793286082, 11.529276214212281, 3.1169525438428494], [18.278593753428844, 13.542675969678093, 13.490985374955708], [29.0, 29.0, 14.0]]
Velocity: [[0.0, 0.0, 0.0], [4.124139793286082, 10.529276214212281, 2.1169525438428494], [13.154453960142762, 2.0133997554658123, 10.374032831112858], [10.721406246571156, 15.457324030321907, 0.5090146250442924]]
Attitude: [[0.0, 0.0, 0.0], [1.2041596665548568, 0.4147337109116922, 1.3857324418142094], [0.6767792393232914, 1.4511879454578336, 0.9086471864955677], [0.964623337542555, 0.6069540453552669, 1.5437444202820336]]
Save Location: maps/map1102/test.txt
