Path: 1306
Path Score: 4.389243397296925
Waypoints: [[1.0, 1.0, 1.0], [11.681123338592288, 14.089788280863255, 4.111381059339743], [12.613060744395664, 17.548051480031873, 8.080005726347148], [29.0, 29.0, 14.0]]
Velocity: [[0.0, 0.0, 0.0], [10.681123338592288, 13.089788280863255, 3.1113810593397426], [0.9319374058033763, 3.458263199168618, 3.968624667007405], [16.386939255604336, 11.451948519968127, 5.919994273652852]]
Attitude: [[0.0, 0.0, 0.0], [0.8998039769895753, 0.7044384319041941, 1.3886732407031834], [1.3955717771298122, 0.8672754797599814, 0.7341874890146576], [0.6665783723714116, 0.989326980912511, 1.28290425102486]]
Save Location: maps/map396/test.txt
