Path: 1048
Path Score: 4.225969523082347
Waypoints: [[1.0, 1.0, 1.0], [5.124139793286082, 11.529276214212281, 3.1169525438428494], [16.883025564776037, 28.590923589761672, 8.346739006746619], [29.0, 29.0, 14.0]]
Velocity: [[0.0, 0.0, 0.0], [4.124139793286082, 10.529276214212281, 2.1169525438428494], [11.758885771489956, 17.06164737554939, 5.229786462903769], [12.116974435223963, 0.4090764102383275, 5.653260993253381]]
Attitude: [[0.0, 0.0, 0.0], [1.2041596665548568, 0.4147337109116922, 1.3857324418142094], [0.9881627369826281, 0.6462408167649192, 1.3235720579264496], [0.43753856464082885, 1.5402112905645133, 1.134477297818289]]
Save Location: maps/map1369/test.txt
