Path: 1936
Path Score: 4.330807758659072
Waypoints: [[1.0, 1.0, 1.0], [7.908661902969909, 13.249370598681029, 5.122888052721978], [13.127617811288149, 26.235374032803584, 6.157926047197438], [29.0, 29.0, 14.0]]
Velocity: [[0.0, 0.0, 0.0], [6.908661902969909, 12.249370598681029, 4.122888052721978], [5.2189559083182395, 12.986003434122555, 1.0350379944754602], [15.872382188711851, 2.764625967196416, 7.842073952802562]]
Attitude: [[0.0, 0.0, 0.0], [1.0799032623057099, 0.5811391675180452, 1.2856207472042467], [1.1897552874380766, 0.38885595632128994, 1.4969756141904902], [0.482563653737281, 1.4158888951789448, 1.1178111555993027]]
Save Location: maps/map677/test.txt
