Path: 675
Path Score: 4.214723436329092
Waypoints: [[1.0, 1.0, 1.0], [7.279071891786115, 11.99037003440958, 7.619831722996372], [25.82242157098592, 26.583335307071817, 8.735195019153062], [29.0, 29.0, 14.0]]
Velocity: [[0.0, 0.0, 0.0], [6.279071891786115, 10.99037003440958, 6.619831722996372], [18.543349679199807, 14.592965272662237, 1.1153632961566906], [3.17757842901408, 2.416664692928183, 5.264804980846938]]
Attitude: [[0.0, 0.0, 0.0], [1.115662030937802, 0.6928797362779866, 1.088924427386206], [0.6681578839239545, 0.9049316623358155, 1.5235639787787016], [1.0690872565574958, 1.1963461847155972, 0.6487738662809521]]
Save Location: maps/map1439/test.txt
