Path: 89
Path Score: 4.206304332669171
Waypoints: [[1.0, 1.0, 1.0], [6.844542921659472, 12.575654287568902, 0.7512941296865822], [18.92587327321427, 24.46480001449053, 4.551445527047205], [29.0, 29.0, 14.0]]
Velocity: [[0.0, 0.0, 0.0], [5.844542921659472, 11.575654287568902, -0.24870587031341784], [12.081330351554797, 11.88914572692163, 3.800151397360623], [10.074126726785732, 4.535199985509468, 9.448554472952795]]
Attitude: [[0.0, 0.0, 0.0], [1.103329579532339, 0.4679236243581791, 1.5899732357353402], [0.8016965681469241, 0.8169814059624124, 1.3502485432517684], [0.8051713143812181, 1.2535291924364955, 0.863270668250586]]
Save Location: maps/map1497/test.txt
