Path: 358
Path Score: 4.081163985014964
Waypoints: [[1.0, 1.0, 1.0], [11.62421921707525, 9.637940007438962, 4.108292062461251], [24.631670230844907, 23.32534168126198, 7.202000853365213], [29.0, 29.0, 14.0]]
Velocity: [[0.0, 0.0, 0.0], [10.62421921707525, 8.637940007438962, 3.108292062461251], [13.007451013769657, 13.687401673823016, 3.0937087909039622], [4.368329769155093, 5.674658318738022, 6.797999146634787]]
Attitude: [[0.0, 0.0, 0.0], [0.7126112608988734, 0.9081638967287853, 1.3475745118170808], [0.8232949617861064, 0.7736790907205553, 1.4083969234738678], [1.112517585562311, 0.9585535715963122, 0.8114172061667323]]
Save Location: maps/map2320/test.txt
