Path: 144
Path Score: 4.144373338954708
Waypoints: [[1.0, 1.0, 1.0], [1.4054990619177365, 2.018923329900705, 5.290815032320245], [14.68158349565293, 13.843237883893032, 6.016948201033536], [29.0, 29.0, 14.0]]
Velocity: [[0.0, 0.0, 0.0], [0.40549906191773655, 1.018923329900705, 4.290815032320245], [13.276084433735193, 11.824314553992327, 0.7261331687132904], [14.31841650434707, 15.156762116106968, 7.983051798966464]]
Attitude: [[0.0, 0.0, 0.0], [1.479107067399564, 1.338645930601151, 0.2502235615876531], [0.7285588666130869, 0.8439140358531425, 1.529975282085451], [0.8745806038813252, 0.824576452033356, 1.2051434100274334]]
Save Location: maps/map1976/test.txt
