Path: 426
Path Score: 4.192236959425912
Waypoints: [[1.0, 1.0, 1.0], [8.23561037690084, 4.511685430060676, 8.33124458240136], [18.295648198935922, 21.67677091998945, 14.790388562251113], [29.0, 29.0, 14.0]]
Velocity: [[0.0, 0.0, 0.0], [7.235610376900841, 3.511685430060676, 7.331244582401361], [10.060037822035081, 17.165085489928774, 6.4591439798497525], [10.704351801064078, 7.323229080010549, -0.7903885622511133]]
Attitude: [[0.0, 0.0, 0.0], [0.8434728410597166, 1.2422312953632766, 0.8316455994328315], [1.069085712091799, 0.608358916960493, 1.25688289027311], [0.6027006201753293, 0.9720633967168617, 1.6316622645059446]]
Save Location: maps/map1629/test.txt
