Path: 2156
Path Score: 4.287584391832881
Waypoints: [[1.0, 1.0, 1.0], [5.839689469355285, 6.231079992564079, 1.4400139470819306], [7.389357188954467, 23.477432848813812, 10.209341262023914], [29.0, 29.0, 14.0]]
Velocity: [[0.0, 0.0, 0.0], [4.839689469355285, 5.231079992564079, 0.44001394708193065], [1.5496677195991815, 17.246352856249732, 8.769327314941982], [21.610642811045533, 5.522567151186188, 3.790658737976086]]
Attitude: [[0.0, 0.0, 0.0], [0.8259996858182699, 0.748605830934555, 1.5091311358387776], [1.4908716993237894, 0.4766439426877029, 1.1020147981956934], [0.3005654335537563, 1.324213007369078, 1.4024590083582664]]
Save Location: maps/map947/test.txt
