Path: 898
Path Score: 4.123297357358586
Waypoints: [[1.0, 1.0, 1.0], [13.622214221490246, 10.560085107867, 6.307093757900562], [22.31107341157168, 20.857103800923483, 7.836819148340205], [29.0, 29.0, 14.0]]
Velocity: [[0.0, 0.0, 0.0], [12.622214221490246, 9.560085107867, 5.307093757900562], [8.688859190081434, 10.297018693056483, 1.5297253904396433], [6.68892658842832, 8.142896199076517, 6.163180851659795]]
Attitude: [[0.0, 0.0, 0.0], [0.7138698155414545, 0.9612815674177257, 1.2473929819737224], [0.8752741162334435, 0.7084288497682109, 1.4577413794530212], [0.9909241630968201, 0.8405978425021317, 1.041586930795209]]
Save Location: maps/map2113/test.txt
