Path: 299
Path Score: 4.656437034837804
Waypoints: [[1.0, 1.0, 1.0], [11.62421921707525, 9.637940007438962, 4.108292062461251], [10.035552414872543, 14.727385926720864, 12.424650413075828], [29.0, 29.0, 14.0]]
Velocity: [[0.0, 0.0, 0.0], [10.62421921707525, 8.637940007438962, 3.108292062461251], [-1.5886668022027077, 5.089445919281902, 8.316358350614577], [18.96444758512746, 14.272614073279136, 1.5753495869241725]]
Attitude: [[0.0, 0.0, 0.0], [0.7126112608988734, 0.9081638967287853, 1.3475745118170808], [1.7323155790118325, 1.0295606927180754, 0.5700945913949993], [0.6480734763088719, 0.9272854822750475, 1.5045215484811172]]
Save Location: maps/map8/test.txt
