Path: 267
Path Score: 4.1343477517707985
Waypoints: [[1.0, 1.0, 1.0], [10.236205802881091, 6.726958385030271, 8.616461550781413], [25.89146789512382, 17.947079052650324, 10.291630941969098], [29.0, 29.0, 14.0]]
Velocity: [[0.0, 0.0, 0.0], [9.236205802881091, 5.726958385030271, 7.616461550781413], [15.65526209224273, 11.220120667620051, 1.6751693911876853], [3.108532104876179, 11.052920947349676, 3.708369058030902]]
Attitude: [[0.0, 0.0, 0.0], [0.801018365502451, 1.1245932303302049, 0.9595076706588436], [0.6270744502099259, 0.951643045792714, 1.4840416331259663], [1.3102246373088302, 0.4126571490004325, 1.2583924394013435]]
Save Location: maps/map2044/test.txt
