Path: 1128
Path Score: 4.058594409429694
Waypoints: [[1.0, 1.0, 1.0], [7.244355243304841, 4.686769508950413, 5.732290508395203], [14.43692874246404, 21.36894668574859, 11.322509376936443], [29.0, 29.0, 14.0]]
Velocity: [[0.0, 0.0, 0.0], [6.244355243304841, 3.6867695089504133, 4.732290508395203], [7.1925734991592, 16.682177176798177, 5.59021886854124], [14.56307125753596, 7.63105331425141, 2.677490623063557]]
Attitude: [[0.0, 0.0, 0.0], [0.7653529368027897, 1.1309818444795048, 0.9925991767107255], [1.1827178721077518, 0.49981632647573504, 1.2722736539709136], [0.5069175043207065, 1.0949344880442036, 1.4093618733327953]]
Save Location: maps/map2399/test.txt
