Path: 339
Path Score: 4.2886323376287505
Waypoints: [[1.0, 1.0, 1.0], [11.62421921707525, 9.637940007438962, 4.108292062461251], [12.16882105369413, 22.5703746743433, 7.023400396976081], [29.0, 29.0, 14.0]]
Velocity: [[0.0, 0.0, 0.0], [10.62421921707525, 8.637940007438962, 3.108292062461251], [0.5446018366188792, 12.932434666904337, 2.91510833451483], [16.83117894630587, 6.429625325656701, 6.976599603023919]]
Attitude: [[0.0, 0.0, 0.0], [0.7126112608988734, 0.9081638967287853, 1.3475745118170808], [1.5297388183954101, 0.22541345773077942, 1.3492810274965976], [0.5132908177846113, 1.2315474594293268, 1.2013612558293933]]
Save Location: maps/map938/test.txt
