Path: 1312
Path Score: 4.478443449570961
Waypoints: [[1.0, 1.0, 1.0], [3.4670120800623283, 8.98615020457587, 12.766320645476934], [15.44249175683154, 18.284183195920107, 9.161844399110448], [29.0, 29.0, 14.0]]
Velocity: [[0.0, 0.0, 0.0], [2.4670120800623283, 7.986150204575869, 11.766320645476934], [11.975479676769211, 9.298032991344238, -3.6044762463664863], [13.55750824316846, 10.715816804079893, 4.838155600889552]]
Attitude: [[0.0, 0.0, 0.0], [1.399024108228292, 0.9844440153430374, 0.6176559127637982], [0.6943773522712584, 0.9314840028797117, 1.8042048462365794], [0.714409075190648, 0.9308782745117469, 1.2978165450117953]]
Save Location: maps/map156/test.txt
