Path: 1929
Path Score: 4.298932413975056
Waypoints: [[1.0, 1.0, 1.0], [7.908661902969909, 13.249370598681029, 5.122888052721978], [16.72641038031882, 15.264827052821502, 13.846194206338602], [29.0, 29.0, 14.0]]
Velocity: [[0.0, 0.0, 0.0], [6.908661902969909, 12.249370598681029, 4.122888052721978], [8.817748477348912, 2.015456454140473, 8.723306153616624], [12.273589619681179, 13.735172947178498, 0.15380579366139813]]
Attitude: [[0.0, 0.0, 0.0], [1.0799032623057099, 0.5811391675180452, 1.2856207472042467], [0.793014930087209, 1.40971424424431, 0.8035094407318307], [0.8415660736191315, 0.7293004114667039, 1.5624465811421142]]
Save Location: maps/map876/test.txt
