Path: 2472
Path Score: 4.268679336009441
Waypoints: [[1.0, 1.0, 1.0], [12.386106231445222, 1.1077460717588705, 7.4490524792482224], [18.987168424161545, 21.350324413129044, 10.434584031210562], [29.0, 29.0, 14.0]]
Velocity: [[0.0, 0.0, 0.0], [11.386106231445222, 0.10774607175887052, 6.4490524792482224], [6.6010621927163236, 20.242578341370173, 2.9855315519623398], [10.012831575838455, 7.649675586870956, 3.565415968789438]]
Attitude: [[0.0, 0.0, 0.0], [0.5154044449224107, 1.562562589250552, 1.0554709245652716], [1.2587294409446879, 0.34369533734202146, 1.4314841148308384], [0.7003550436294252, 0.9469578898565721, 1.2950479413160163]]
Save Location: maps/map1063/test.txt
