Path: 1216
Path Score: 4.290742850398868
Waypoints: [[1.0, 1.0, 1.0], [10.98841998167141, 13.67984788740044, 4.669955467169109], [16.883025564776037, 28.590923589761672, 8.346739006746619], [29.0, 29.0, 14.0]]
Velocity: [[0.0, 0.0, 0.0], [9.98841998167141, 12.67984788740044, 3.6699554671691086], [5.894605583104628, 14.911075702361233, 3.67678353957751], [12.116974435223963, 0.4090764102383275, 5.653260993253381]]
Attitude: [[0.0, 0.0, 0.0], [0.9230317793050691, 0.698207449561829, 1.3472349331065676], [1.2043147930235587, 0.4360106121106252, 1.3453806679688702], [0.43753856464082885, 1.5402112905645133, 1.134477297818289]]
Save Location: maps/map927/test.txt
