Path: 1102
Path Score: 4.283799316340752
Waypoints: [[1.0, 1.0, 1.0], [6.277705044557794, 0.35330246109405494, 2.6825947684151497], [18.813866751137574, 6.287812834354821, 9.146594860605507], [29.0, 29.0, 14.0]]
Velocity: [[0.0, 0.0, 0.0], [5.277705044557794, -0.6466975389059451, 1.6825947684151497], [12.53616170657978, 5.934510373260767, 6.464000092190357], [10.186133248862426, 22.71218716564518, 4.853405139394493]]
Attitude: [[0.0, 0.0, 0.0], [0.32912608513099045, 1.687014641004876, 1.264321452563771], [0.610712508454812, 1.1725299898354482, 1.1346792698819308], [1.1574751231408227, 0.46108027648419486, 1.378232096186095]]
Save Location: maps/map969/test.txt
