Path: 2264
Path Score: 4.161021871257753
Waypoints: [[1.0, 1.0, 1.0], [5.7591996310330025, 10.496060591014656, 1.1961851557501069], [20.852071857601725, 15.195208825034904, 7.612944235060696], [29.0, 29.0, 14.0]]
Velocity: [[0.0, 0.0, 0.0], [4.7591996310330025, 9.496060591014656, 0.19618515575010687], [15.092872226568723, 4.699148234020248, 6.416759079310589], [8.147928142398275, 13.804791174965096, 6.387055764939304]]
Attitude: [[0.0, 0.0, 0.0], [1.1062936554501903, 0.46492826404694765, 1.5523285842779897], [0.48498609374546736, 1.2917442308760703, 1.1851870495507697], [1.0790221355094318, 0.643470475899189, 1.1916321938329075]]
Save Location: maps/map1876/test.txt
