Path: 2357
Path Score: 4.2404730241277075
Waypoints: [[1.0, 1.0, 1.0], [2.7823021602657514, 3.2626923788090734, 6.811174955232296], [22.610660907061256, 12.829583706462888, 7.646387831785042], [29.0, 29.0, 14.0]]
Velocity: [[0.0, 0.0, 0.0], [1.7823021602657514, 2.2626923788090734, 5.811174955232296], [19.828358746795505, 9.566891327653813, 0.8352128765527462], [6.389339092938744, 16.170416293537112, 6.353612168214958]]
Attitude: [[0.0, 0.0, 0.0], [1.2924157480158258, 1.2144350237412072, 0.46016632051788314], [0.45102549382188384, 1.1216052115221666, 1.5328772914531565], [1.2183916059253201, 0.5083781419888332, 1.2204471921007194]]
Save Location: maps/map1262/test.txt
