Path: 2342
Path Score: 4.303046136503312
Waypoints: [[1.0, 1.0, 1.0], [2.7823021602657514, 3.2626923788090734, 6.811174955232296], [8.326355677599059, 21.007879601570398, 11.349606769497015], [29.0, 29.0, 14.0]]
Velocity: [[0.0, 0.0, 0.0], [1.7823021602657514, 2.2626923788090734, 5.811174955232296], [5.544053517333308, 17.745187222761324, 4.538431814264719], [20.67364432240094, 7.992120398429602, 2.650393230502985]]
Attitude: [[0.0, 0.0, 0.0], [1.2924157480158258, 1.2144350237412072, 0.46016632051788314], [1.276879745042108, 0.3837421265620279, 1.3313605220048255], [0.3867733775955384, 1.2046409482682174, 1.4517841548325077]]
Save Location: maps/map845/test.txt
