Path: 456
Path Score: 4.178985316375963
Waypoints: [[1.0, 1.0, 1.0], [11.29885047226655, 13.922680563011099, 6.0742347128672325], [24.417165918970664, 21.028566972505814, 13.862338142170172], [29.0, 29.0, 14.0]]
Velocity: [[0.0, 0.0, 0.0], [10.29885047226655, 12.922680563011099, 5.0742347128672325], [13.118315446704115, 7.105886409494715, 7.788103429302939], [4.582834081029336, 7.971433027494186, 0.1376618578298281]]
Attitude: [[0.0, 0.0, 0.0], [0.932550665210745, 0.7263919285052141, 1.2728643435485965], [0.6769695101032122, 1.1348997437937194, 1.0896904052032972], [1.0490962265383572, 0.5219593966089846, 1.5558258939074248]]
Save Location: maps/map1734/test.txt
