Path: 1808
Path Score: 4.265650378372656
Waypoints: [[1.0, 1.0, 1.0], [5.8300877579373775, 12.986927175779844, 2.2883830638241456], [15.400672772919897, 26.69900395650807, 5.879479941270359], [29.0, 29.0, 14.0]]
Velocity: [[0.0, 0.0, 0.0], [4.8300877579373775, 11.986927175779844, 1.2883830638241456], [9.57058501498252, 13.712076780728225, 3.5910968774462138], [13.599327227080103, 2.3009960434919314, 8.12052005872964]]
Attitude: [[0.0, 0.0, 0.0], [1.1897394258126446, 0.3951048953544142, 1.471431398260883], [0.9769117513739657, 0.640604721824915, 1.359253438178914], [0.5554547236335042, 1.4265344991304623, 1.0386836664292136]]
Save Location: maps/map1086/test.txt
