Path: 160
Path Score: 4.481717274661866
Waypoints: [[1.0, 1.0, 1.0], [0.8689948832512862, 4.64282219210965, 7.776103442790986], [6.938039822185598, 21.090386253324894, 12.519590149875834], [29.0, 29.0, 14.0]]
Velocity: [[0.0, 0.0, 0.0], [-0.13100511674871385, 3.6428221921096497, 6.776103442790986], [6.0690449389343115, 16.447564061215246, 4.743486707084847], [22.061960177814402, 7.909613746675106, 1.4804098501241665]]
Attitude: [[0.0, 0.0, 0.0], [1.5878233126910848, 1.077602275761293, 0.4935415452562085], [1.2300796314945164, 0.4379905272353524, 1.306554789182354], [0.3497487223204723, 1.2272661765835426, 1.5077145816114603]]
Save Location: maps/map147/test.txt
