Path: 176
Path Score: 4.360779102503392
Waypoints: [[1.0, 1.0, 1.0], [0.8689948832512862, 4.64282219210965, 7.776103442790986], [12.704603846584774, 19.922199713463662, 8.33279809450805], [29.0, 29.0, 14.0]]
Velocity: [[0.0, 0.0, 0.0], [-0.13100511674871385, 3.6428221921096497, 6.776103442790986], [11.835608963333488, 15.279377521354013, 0.5566946517170637], [16.295396153415226, 9.077800286536338, 5.66720190549195]]
Attitude: [[0.0, 0.0, 0.0], [1.5878233126910848, 1.077602275761293, 0.4935415452562085], [0.9120489900007938, 0.6596034353155115, 1.5420006136009372], [0.5810873343497762, 1.0864359774071253, 1.2758411019683804]]
Save Location: maps/map520/test.txt
