Path: 1065
Path Score: 4.472438450996368
Waypoints: [[1.0, 1.0, 1.0], [5.124139793286082, 11.529276214212281, 3.1169525438428494], [6.596290149546203, 22.34738075894622, 14.267155835962525], [29.0, 29.0, 14.0]]
Velocity: [[0.0, 0.0, 0.0], [4.124139793286082, 10.529276214212281, 2.1169525438428494], [1.472150356260121, 10.818104544733938, 11.150203292119675], [22.403709850453797, 6.652619241053781, -0.2671558359625248]]
Attitude: [[0.0, 0.0, 0.0], [1.2041596665548568, 0.4147337109116922, 1.3857324418142094], [1.4763193283793323, 0.8048319629534896, 0.7748678556785228], [0.2888695544722783, 1.2821661018601413, 1.582227121859774]]
Save Location: maps/map171/test.txt
