Path: 1997
Path Score: 4.17685335895307
Waypoints: [[1.0, 1.0, 1.0], [7.908661902969909, 13.249370598681029, 5.122888052721978], [24.539485932888955, 19.73672816277327, 8.00225603479158], [29.0, 29.0, 14.0]]
Velocity: [[0.0, 0.0, 0.0], [6.908661902969909, 12.249370598681029, 4.122888052721978], [16.630824029919047, 6.4873575640922425, 2.8793679820696028], [4.4605140671110455, 9.263271837226728, 5.99774396520842]]
Attitude: [[0.0, 0.0, 0.0], [1.0799032623057099, 0.5811391675180452, 1.2856207472042467], [0.4033744155537552, 1.2038431123959346, 1.4108766188312336], [1.1866756395694507, 0.678936129498745, 1.0426972103159322]]
Save Location: maps/map1751/test.txt
