Path: 1055
Path Score: 4.102902797197048
Waypoints: [[1.0, 1.0, 1.0], [5.124139793286082, 11.529276214212281, 3.1169525438428494], [18.441097262136424, 17.537267266708554, 6.281086639361177], [29.0, 29.0, 14.0]]
Velocity: [[0.0, 0.0, 0.0], [4.124139793286082, 10.529276214212281, 2.1169525438428494], [13.316957468850342, 6.007991052496273, 3.1641340955183272], [10.558902737863576, 11.462732733291446, 7.718913360638823]]
Attitude: [[0.0, 0.0, 0.0], [1.2041596665548568, 0.4147337109116922, 1.3857324418142094], [0.47153313991184015, 1.1571832285535957, 1.3575098193304855], [0.9183550643402842, 0.8511782172620342, 1.1109269665548651]]
Save Location: maps/map2232/test.txt
