Path: 2056
Path Score: 4.429066320686541
Waypoints: [[1.0, 1.0, 1.0], [2.1051801977178286, 12.705542697858661, 1.33533427386211], [9.819009657944365, 26.458488254841598, 6.998443824486842], [29.0, 29.0, 14.0]]
Velocity: [[0.0, 0.0, 0.0], [1.1051801977178286, 11.705542697858661, 0.3353342738621099], [7.7138294602265365, 13.752945556982937, 5.663109550624732], [19.180990342055637, 2.5415117451584024, 7.001556175513158]]
Attitude: [[0.0, 0.0, 0.0], [1.4766986395106851, 0.09834724994807642, 1.5422834159518], [1.0923506019264528, 0.6079079591884583, 1.2260023921708], [0.37040607604266484, 1.4469647015513123, 1.2235924194666596]]
Save Location: maps/map273/test.txt
