# Note +ve X is north
# Note +ve Y is West
# x, y, height
# waypoints
G: (4.0,-2.0,10)
G: (15.707355243626175,-9.028392202998234,10)
G: (29.793808789671505,-8.217226514952884,10)
G: (41.37140759777969,-3.354279489124508,10)
G: (55.86289033376316,-2.0979883575476492,10)
G: (68.45427405852755,-3.142624994423187,10)
G: (80.95175981176418,1.4542230905165425,10)
G: (96.0,-2.0,10)


# wall segments
# x1, y1, x2, y2, z
W: (96.0,-9.200000000000003,44.0,-9.200000000000003,30)
W: (44.0,-9.200000000000003,24.0,-17.200000000000003,30)
W: (24.0,-17.200000000000003,0.0,-9.200000000000003,30)
W: (0.0,5.200000000000003,24.8,-2.0,30)
W: (24.8,-2.0,48.0,5.200000000000003,30)
W: (48.0,5.200000000000003,96.0,5.200000000000003,30)


# environment settings
R: (0)
D: (1)
