# Note +ve X is north
# Note +ve Y is West
# x, y, height
# waypoints
G: (11.0,-17.0,15)
G: (14.124520138962083,-16.436894627436658,15)
G: (16.514517588420887,-14.275273441961277,15)
G: (19.60144000526838,-13.051970853488024,15)
G: (23.44802778864661,-13.008056935531288,15)
G: (25.983721284343176,-14.681460228278935,15)
G: (29.0,-17.0,15)


# wall segments
# x1, y1, x2, y2, z
W: (40.0,-14.6,26.0,-8.600000000000001,3)
W: (26.0,-8.600000000000001,16.0,-8.600000000000001,3)
W: (16.0,-8.600000000000001,2.0,-14.6,3)
W: (2.0,-14.6,0.0,-14.6,3)
W: (0.0,-7.399999999999999,14.0,-1.3999999999999986,3)
W: (14.0,-1.3999999999999986,26.0,0.6000000000000014,3)
W: (26.0,0.6000000000000014,40.0,-7.399999999999999,3)


# environment settings
R: (0)
D: (1)
