Path: 510
Path Score: 4.176463343875705
Waypoints: [[1.0, 1.0, 1.0], [11.29885047226655, 13.922680563011099, 6.0742347128672325], [24.539485932888955, 19.73672816277327, 8.00225603479158], [29.0, 29.0, 14.0]]
Velocity: [[0.0, 0.0, 0.0], [10.29885047226655, 12.922680563011099, 5.0742347128672325], [13.240635460622405, 5.814047599762173, 1.9280213219243478], [4.4605140671110455, 9.263271837226728, 5.99774396520842]]
Attitude: [[0.0, 0.0, 0.0], [0.932550665210745, 0.7263919285052141, 1.2728643435485965], [0.4332995340051931, 1.1608866239382727, 1.438251482835573], [1.1866756395694507, 0.678936129498745, 1.0426972103159322]]
Save Location: maps/map1757/test.txt
