Path: 2419
Path Score: 4.260754897946396
Waypoints: [[1.0, 1.0, 1.0], [12.422424952449036, 7.364456284222653, 4.120550879483655], [24.548396690958242, 11.577212241638717, 14.392801991557022], [29.0, 29.0, 14.0]]
Velocity: [[0.0, 0.0, 0.0], [11.422424952449036, 6.364456284222653, 3.1205508794836554], [12.125971738509206, 4.212755957416064, 10.272251112073366], [4.451603309041758, 17.42278775836128, -0.3928019915570218]]
Attitude: [[0.0, 0.0, 0.0], [0.5554007765856399, 1.0776065097557235, 1.3365284239372268], [0.7413674733615061, 1.3116710065021329, 0.8959264121887789], [1.3207044969365416, 0.251084454734688, 1.5926364233314274]]
Save Location: maps/map1132/test.txt
