Path: 543
Path Score: 4.0933009305309085
Waypoints: [[1.0, 1.0, 1.0], [9.981785049321614, 2.094242845092411, 3.906087432644374], [24.29282605726432, 17.273783965333514, 9.528106741585457], [29.0, 29.0, 14.0]]
Velocity: [[0.0, 0.0, 0.0], [8.981785049321614, 1.094242845092411, 2.906087432644374], [14.311041007942707, 15.179541120241103, 5.622019308941083], [4.707173942735679, 11.726216034666486, 4.471893258414543]]
Attitude: [[0.0, 0.0, 0.0], [0.33286566125405836, 1.4553984883962245, 1.2600245384619229], [0.8468378154236533, 0.7918187802864428, 1.3075639042624878], [1.2119605623526288, 0.5056733733733509, 1.2306436859371142]]
Save Location: maps/map2280/test.txt
