Path: 83
Path Score: 4.319829486054301
Waypoints: [[1.0, 1.0, 1.0], [6.844542921659472, 12.575654287568902, 0.7512941296865822], [19.747287023046923, 29.82416487797133, 10.432454096489826], [29.0, 29.0, 14.0]]
Velocity: [[0.0, 0.0, 0.0], [5.844542921659472, 11.575654287568902, -0.24870587031341784], [12.902744101387452, 17.24851059040243, 9.681159966803243], [9.252712976953077, -0.8241648779713309, 3.567545903510174]]
Attitude: [[0.0, 0.0, 0.0], [1.103329579532339, 0.4679236243581791, 1.5899732357353402], [0.9927897977653847, 0.7519283717851467, 1.1484077951024887], [0.3768134483966241, 1.6537149137271474, 1.2041176775046736]]
Save Location: maps/map737/test.txt
