Path: 139
Path Score: 4.205275483626361
Waypoints: [[1.0, 1.0, 1.0], [1.4054990619177365, 2.018923329900705, 5.290815032320245], [11.681123338592288, 14.089788280863255, 4.111381059339743], [29.0, 29.0, 14.0]]
Velocity: [[0.0, 0.0, 0.0], [0.40549906191773655, 1.018923329900705, 4.290815032320245], [10.275624276674552, 12.07086495096255, -1.1794339729805028], [17.318876661407714, 14.910211719136745, 9.888618940660258]]
Attitude: [[0.0, 0.0, 0.0], [1.479107067399564, 1.338645930601151, 0.2502235615876531], [0.8679066717104178, 0.7084655334620331, 1.6450611114542077], [0.8016545124622462, 0.92880948410089, 1.1624165959922155]]
Save Location: maps/map1508/test.txt
