Path: 2018
Path Score: 4.293701473057688
Waypoints: [[1.0, 1.0, 1.0], [1.6574939373145603, 7.640942564656317, 6.853106441814953], [6.938039822185598, 21.090386253324894, 12.519590149875834], [29.0, 29.0, 14.0]]
Velocity: [[0.0, 0.0, 0.0], [0.6574939373145603, 6.640942564656317, 5.853106441814953], [5.280545884871037, 13.449443688668577, 5.6664837080608805], [22.061960177814402, 7.909613746675106, 1.4804098501241665]]
Attitude: [[0.0, 0.0, 0.0], [1.4966576018134188, 0.7255359120981532, 0.8507902510389312], [1.2236305335450655, 0.5225100154443499, 1.1970554111361713], [0.3497487223204723, 1.2272661765835426, 1.5077145816114603]]
Save Location: maps/map907/test.txt
