Path: 1664
Path Score: 4.410779974491618
Waypoints: [[1.0, 1.0, 1.0], [1.4862613186235762, 5.302297197202417, 9.54279168299124], [8.326355677599059, 21.007879601570398, 11.349606769497015], [29.0, 29.0, 14.0]]
Velocity: [[0.0, 0.0, 0.0], [0.48626131862357624, 4.302297197202417, 8.54279168299124], [6.840094358975483, 15.70558240436798, 1.8068150865057753], [20.67364432240094, 7.992120398429602, 2.650393230502985]]
Attitude: [[0.0, 0.0, 0.0], [1.520002440634727, 1.1049085373684124, 0.46909167611999897], [1.162450285934508, 0.4232347990512943, 1.465710957277211], [0.3867733775955384, 1.2046409482682174, 1.4517841548325077]]
Save Location: maps/map329/test.txt
