Path: 1393
Path Score: 4.502123976120957
Waypoints: [[1.0, 1.0, 1.0], [2.1166871798879825, 7.959406805005861, 2.641112218552253], [6.596290149546203, 22.34738075894622, 14.267155835962525], [29.0, 29.0, 14.0]]
Velocity: [[0.0, 0.0, 0.0], [1.1166871798879825, 6.959406805005861, 1.6411122185522529], [4.47960296965822, 14.387973953940358, 11.626043617410271], [22.403709850453797, 6.652619241053781, -0.2671558359625248]]
Attitude: [[0.0, 0.0, 0.0], [1.4158739947349994, 0.27784815422419984, 1.3420381855188857], [1.3332043854185418, 0.7136787751165761, 0.9136699695504328], [0.2888695544722783, 1.2821661018601413, 1.582227121859774]]
Save Location: maps/map112/test.txt
