Path: 1281
Path Score: 4.292671168322194
Waypoints: [[1.0, 1.0, 1.0], [11.681123338592288, 14.089788280863255, 4.111381059339743], [20.212090313700415, 29.084942607850003, 7.828513501034688], [29.0, 29.0, 14.0]]
Velocity: [[0.0, 0.0, 0.0], [10.681123338592288, 13.089788280863255, 3.1113810593397426], [8.530966975108127, 14.995154326986748, 3.717132441694945], [8.787909686299585, -0.08494260785000307, 6.171486498965312]]
Attitude: [[0.0, 0.0, 0.0], [0.8998039769895753, 0.7044384319041941, 1.3886732407031834], [1.06626429001878, 0.5554108248480685, 1.3585798063471268], [0.6122924637915843, 1.5787062884807508, 0.9585703773157652]]
Save Location: maps/map913/test.txt
