Path: 616
Path Score: 4.334300212004873
Waypoints: [[1.0, 1.0, 1.0], [1.9869655009534015, 2.3470905443897805, 9.726710653669548], [14.31024281394206, 14.397341180730484, 10.344580509492056], [29.0, 29.0, 14.0]]
Velocity: [[0.0, 0.0, 0.0], [0.9869655009534015, 1.3470905443897805, 8.726710653669548], [12.323277312988658, 12.050250636340703, 0.6178698558225086], [14.68975718605794, 14.602658819269516, 3.655419490507944]]
Attitude: [[0.0, 0.0, 0.0], [1.4594850995761104, 1.4185963426785977, 0.18907565762625306], [0.7748531102887772, 0.7972269764179527, 1.5349635526698313], [0.7976180124622528, 0.8033878261380559, 1.3961151528842315]]
Save Location: maps/map659/test.txt
