Path: 76
Path Score: 4.32739488947812
Waypoints: [[1.0, 1.0, 1.0], [6.844542921659472, 12.575654287568902, 0.7512941296865822], [13.127617811288149, 26.235374032803584, 6.157926047197438], [29.0, 29.0, 14.0]]
Velocity: [[0.0, 0.0, 0.0], [5.844542921659472, 11.575654287568902, -0.24870587031341784], [6.2830748896286766, 13.659719745234682, 5.406631917510856], [15.872382188711851, 2.764625967196416, 7.842073952802562]]
Attitude: [[0.0, 0.0, 0.0], [1.103329579532339, 0.4679236243581791, 1.5899732357353402], [1.166651359412803, 0.5454233968744316, 1.2256018776925595], [0.482563653737281, 1.4158888951789448, 1.1178111555993027]]
Save Location: maps/map697/test.txt
