# waypoints
G: (11.0,-17.0,15)
G: (13.694743745655272,-15.305310684724262,15)
G: (16.702336816890487,-13.315158608529252,15)
G: (20.411679325325654,-13.071433143062249,15)
G: (23.214898534714983,-14.367490995108696,15)
G: (25.89208375582531,-16.31043482095601,15)
G: (29.0,-17.0,15)


# wall segments
W: (30.0,-18.8,23.0,-16.8,3)
W: (23.0,-16.8,17.8,-15.0,3)
W: (17.8,-15.0,10.0,-18.8,3)
W: (10.0,-15.2,13.0,-13.2,3)
W: (13.0,-13.2,17.0,-11.2,3)
W: (17.0,-11.2,24.0,-12.2,3)
W: (24.0,-12.2,30.0,-15.2,3)


# environment settings
R: (0)
D: (1)
