Path: 565
Path Score: 4.447139557396559
Waypoints: [[1.0, 1.0, 1.0], [8.077819295469498, 4.630177089274074, 13.001091877302175], [22.76658572963688, 9.235766945696607, 14.657275630817615], [29.0, 29.0, 14.0]]
Velocity: [[0.0, 0.0, 0.0], [7.077819295469498, 3.630177089274074, 12.001091877302175], [14.688766434167382, 4.605589856422533, 1.6561837535154407], [6.23341427036312, 19.764233054303393, -0.6572756308176153]]
Attitude: [[0.0, 0.0, 0.0], [1.0568857360289043, 1.315913356872022, 0.5853298029477871], [0.32163217507213326, 1.268758211041155, 1.4636213691616775], [1.2654404978558256, 0.30710381033439227, 1.6025015139442569]]
Save Location: maps/map214/test.txt
