Path: 57
Path Score: 4.157122209500592
Waypoints: [[1.0, 1.0, 1.0], [8.883832853990807, 7.619820070167713, 5.821889119101872], [14.68158349565293, 13.843237883893032, 6.016948201033536], [29.0, 29.0, 14.0]]
Velocity: [[0.0, 0.0, 0.0], [7.883832853990807, 6.619820070167713, 4.821889119101872], [5.797750641662123, 6.223417813725319, 0.19505908193166377], [14.31841650434707, 15.156762116106968, 7.983051798966464]]
Attitude: [[0.0, 0.0, 0.0], [0.8044304960935175, 0.9492050844908356, 1.1327513067607105], [0.8210380275715856, 0.7502852674019359, 1.5478672656753933], [0.8745806038813252, 0.824576452033356, 1.2051434100274334]]
Save Location: maps/map1902/test.txt
