Path: 1840
Path Score: 4.232852438154048
Waypoints: [[1.0, 1.0, 1.0], [5.142904841761517, 4.732071187514425, 9.090826078056057], [22.16101751903432, 21.88131243389526, 7.844034735289933], [29.0, 29.0, 14.0]]
Velocity: [[0.0, 0.0, 0.0], [4.142904841761517, 3.732071187514425, 8.090826078056057], [17.018112677272804, 17.149241246380836, -1.2467913427661248], [6.838982480965679, 7.1186875661047395, 6.155965264710067]]
Attitude: [[0.0, 0.0, 0.0], [1.1355654236864037, 1.1812058528805445, 0.6034260736599171], [0.7905538534980295, 0.7828985870080394, 1.6223558807139589], [0.9423867443913255, 0.9123337917118957, 1.0131992799999519]]
Save Location: maps/map1316/test.txt
