Path: 1583
Path Score: 4.308819478191026
Waypoints: [[1.0, 1.0, 1.0], [5.1328300726842055, 6.167067988359742, 4.338023583503114], [6.596290149546203, 22.34738075894622, 14.267155835962525], [29.0, 29.0, 14.0]]
Velocity: [[0.0, 0.0, 0.0], [4.1328300726842055, 5.167067988359742, 3.338023583503114], [1.4634600768619972, 16.180312770586475, 9.92913225245941], [22.403709850453797, 6.652619241053781, -0.2671558359625248]]
Attitude: [[0.0, 0.0, 0.0], [0.9792202736645594, 0.799275207152919, 1.1035589735254734], [1.493859139801336, 0.5552014579119765, 1.0222110413348726], [0.2888695544722783, 1.2821661018601413, 1.582227121859774]]
Save Location: maps/map802/test.txt
