Path: 2007
Path Score: 4.205671793508561
Waypoints: [[1.0, 1.0, 1.0], [1.6574939373145603, 7.640942564656317, 6.853106441814953], [10.035552414872543, 14.727385926720864, 12.424650413075828], [29.0, 29.0, 14.0]]
Velocity: [[0.0, 0.0, 0.0], [0.6574939373145603, 6.640942564656317, 5.853106441814953], [8.378058477557982, 7.086443362064546, 5.5715439712608745], [18.96444758512746, 14.272614073279136, 1.5753495869241725]]
Attitude: [[0.0, 0.0, 0.0], [1.4966576018134188, 0.7255359120981532, 0.8507902510389312], [0.8219702092616258, 0.9571821457556003, 1.1009724414074458], [0.6480734763088719, 0.9272854822750475, 1.5045215484811172]]
Save Location: maps/map1506/test.txt
