Path: 1234
Path Score: 4.101258712687128
Waypoints: [[1.0, 1.0, 1.0], [10.98841998167141, 13.67984788740044, 4.669955467169109], [26.247862811798445, 26.14012348922666, 9.783949613542193], [29.0, 29.0, 14.0]]
Velocity: [[0.0, 0.0, 0.0], [9.98841998167141, 12.67984788740044, 3.6699554671691086], [15.259442830127036, 12.46027560182622, 5.113994146373084], [2.752137188201555, 2.85987651077334, 4.216050386457807]]
Attitude: [[0.0, 0.0, 0.0], [0.9230317793050691, 0.698207449561829, 1.3472349331065676], [0.7231521674006106, 0.9119621387198263, 1.3168149351231448], [1.0754951709988285, 1.0542232020541684, 0.7552272384080128]]
Save Location: maps/map2243/test.txt
