Path: 2183
Path Score: 4.076303981803081
Waypoints: [[1.0, 1.0, 1.0], [5.839689469355285, 6.231079992564079, 1.4400139470819306], [24.29282605726432, 17.273783965333514, 9.528106741585457], [29.0, 29.0, 14.0]]
Velocity: [[0.0, 0.0, 0.0], [4.839689469355285, 5.231079992564079, 0.44001394708193065], [18.453136587909036, 11.042703972769434, 8.088092794503527], [4.707173942735679, 11.726216034666486, 4.471893258414543]]
Attitude: [[0.0, 0.0, 0.0], [0.8259996858182699, 0.748605830934555, 1.5091311358387776], [0.6382100978677097, 1.0694255249741746, 1.2110571376162695], [1.2119605623526288, 0.5056733733733509, 1.2306436859371142]]
Save Location: maps/map2344/test.txt
