Path: 956
Path Score: 4.149155839331296
Waypoints: [[1.0, 1.0, 1.0], [7.03200889148945, 11.212381035806049, 2.4091861245466912], [27.54896392543646, 23.68501668390871, 10.359708634880405], [29.0, 29.0, 14.0]]
Velocity: [[0.0, 0.0, 0.0], [6.03200889148945, 10.212381035806049, 1.4091861245466912], [20.51695503394701, 12.472635648102662, 7.950522510333714], [1.4510360745635396, 5.31498331609129, 3.6402913651195945]]
Attitude: [[0.0, 0.0, 0.0], [1.0413956223611207, 0.5452295055399751, 1.4525400011168248], [0.6246301047731688, 1.0551112127229771, 1.2510349358036845], [1.3492511805320635, 0.6353347243649624, 0.9869147846242055]]
Save Location: maps/map1946/test.txt
