Path: 323
Path Score: 4.206743729732114
Waypoints: [[1.0, 1.0, 1.0], [11.62421921707525, 9.637940007438962, 4.108292062461251], [19.70415101856637, 13.671074305937509, 12.81372080915123], [29.0, 29.0, 14.0]]
Velocity: [[0.0, 0.0, 0.0], [10.62421921707525, 8.637940007438962, 3.108292062461251], [8.07993180149112, 4.033134298498547, 8.705428746689979], [9.295848981433629, 15.328925694062491, 1.1862791908487704]]
Attitude: [[0.0, 0.0, 0.0], [0.7126112608988734, 0.9081638967287853, 1.3475745118170808], [0.8708718548577652, 1.2434458631183676, 0.8037292322850293], [1.0269884977688475, 0.548718444626354, 1.5047210663746937]]
Save Location: maps/map1493/test.txt
