Path: 1688
Path Score: 4.4599795625176375
Waypoints: [[1.0, 1.0, 1.0], [1.4862613186235762, 5.302297197202417, 9.54279168299124], [9.662916602314, 22.21326367479614, 9.15459432162151], [29.0, 29.0, 14.0]]
Velocity: [[0.0, 0.0, 0.0], [0.48626131862357624, 4.302297197202417, 8.54279168299124], [8.176655283690424, 16.91096647759372, -0.3881973613697305], [19.337083397686, 6.7867363252038615, 4.845405678378491]]
Attitude: [[0.0, 0.0, 0.0], [1.520002440634727, 1.1049085373684124, 0.46909167611999897], [1.1205291238095625, 0.45081174239297706, 1.5914597747641581], [0.40714433808387096, 1.242659214067075, 1.3386234911715096]]
Save Location: maps/map195/test.txt
