# Note +ve X is north
# Note +ve Y is West
# x, y, height
# waypoints
G: (4.0,-2.0,10)
G: (20.589713049745754,2.031464829264273,10)
G: (36.88537054275623,2.127771475714539,10)
G: (54.43117144478272,3.129172803812949,10)
G: (65.77883657657007,15.49699366108051,10)
G: (81.93951103174274,9.73164852993007,10)
G: (96.0,-2.0,10)


# wall segments
# x1, y1, x2, y2, z
W: (96.0,-9.200000000000003,68.8,6.0,30)
W: (68.8,6.0,56.0,-5.200000000000003,30)
W: (56.0,-5.200000000000003,0.0,-9.200000000000003,30)
W: (0.0,5.200000000000003,44.0,9.200000000000003,30)
W: (44.0,9.200000000000003,52.8,14.0,30)
W: (52.8,14.0,68.0,21.200000000000003,30)
W: (68.0,21.200000000000003,96.0,9.200000000000003,30)


# environment settings
R: (0)
D: (1)
