Path: 935
Path Score: 4.32037104160383
Waypoints: [[1.0, 1.0, 1.0], [7.363766588778974, 0.518530266354752, 10.190548616200227], [20.24894541404868, 13.704934531749169, 10.28792228211892], [29.0, 29.0, 14.0]]
Velocity: [[0.0, 0.0, 0.0], [6.363766588778974, -0.48146973364524803, 9.190548616200227], [12.885178825269707, 13.186404265394417, 0.09737366591869367], [8.75105458595132, 15.295065468250831, 3.7120777178810798]]
Attitude: [[0.0, 0.0, 0.0], [0.9658135015594402, 1.6138399388547588, 0.6069604064989591], [0.7969650616763394, 0.7738591663960565, 1.5655148412855548], [1.0633520659267364, 0.5560751825583984, 1.3631766434720947]]
Save Location: maps/map734/test.txt
