Path: 1172
Path Score: 4.078902678863482
Waypoints: [[1.0, 1.0, 1.0], [7.244355243304841, 4.686769508950413, 5.732290508395203], [12.613060744395664, 17.548051480031873, 8.080005726347148], [29.0, 29.0, 14.0]]
Velocity: [[0.0, 0.0, 0.0], [6.244355243304841, 3.6867695089504133, 4.732290508395203], [5.368705501090823, 12.86128197108146, 2.3477152179519445], [16.386939255604336, 11.451948519968127, 5.919994273652852]]
Attitude: [[0.0, 0.0, 0.0], [0.7653529368027897, 1.1309818444795048, 0.9925991767107255], [1.1811461636632474, 0.42750030842922787, 1.4039092404144689], [0.6665783723714116, 0.989326980912511, 1.28290425102486]]
Save Location: maps/map2335/test.txt
