Path: 2220
Path Score: 4.195462165362795
Waypoints: [[1.0, 1.0, 1.0], [5.7591996310330025, 10.496060591014656, 1.1961851557501069], [11.29885047226655, 13.922680563011099, 6.0742347128672325], [29.0, 29.0, 14.0]]
Velocity: [[0.0, 0.0, 0.0], [4.7591996310330025, 9.496060591014656, 0.19618515575010687], [5.539650841233547, 3.426619971996443, 4.878049557117126], [17.70114952773345, 15.077319436988901, 7.9257652871327675]]
Attitude: [[0.0, 0.0, 0.0], [1.1062936554501903, 0.46492826404694765, 1.5523285842779897], [0.822043823080524, 1.1361703300422061, 0.9280121331027651], [0.7661818536866618, 0.9099886285213937, 1.2422839364012292]]
Save Location: maps/map1604/test.txt
