Path: 94
Path Score: 4.162562243147282
Waypoints: [[1.0, 1.0, 1.0], [6.844542921659472, 12.575654287568902, 0.7512941296865822], [22.48463544099993, 22.910796544751268, 5.995441400636155], [29.0, 29.0, 14.0]]
Velocity: [[0.0, 0.0, 0.0], [5.844542921659472, 11.575654287568902, -0.24870587031341784], [15.64009251934046, 10.335142257182365, 5.244147270949573], [6.515364559000069, 6.089203455248732, 8.004558599363845]]
Attitude: [[0.0, 0.0, 0.0], [1.103329579532339, 0.4679236243581791, 1.5899732357353402], [0.6377236135134203, 1.01109807775153, 1.2980273407279823], [0.9959567092637175, 1.0377754035517597, 0.8393162236524304]]
Save Location: maps/map1867/test.txt
