Path: 433
Path Score: 4.128687241525771
Waypoints: [[1.0, 1.0, 1.0], [8.23561037690084, 4.511685430060676, 8.33124458240136], [22.31107341157168, 20.857103800923483, 7.836819148340205], [29.0, 29.0, 14.0]]
Velocity: [[0.0, 0.0, 0.0], [7.235610376900841, 3.511685430060676, 7.331244582401361], [14.07546303467084, 16.345418370862806, -0.4944254340611556], [6.68892658842832, 8.142896199076517, 6.163180851659795]]
Attitude: [[0.0, 0.0, 0.0], [0.8434728410597166, 1.2422312953632766, 0.8316455994328315], [0.860104563841615, 0.7112227447777333, 1.5937135644768927], [0.9909241630968201, 0.8405978425021317, 1.041586930795209]]
Save Location: maps/map2087/test.txt
