Path: 96
Path Score: 4.309358626369855
Waypoints: [[1.0, 1.0, 1.0], [6.844542921659472, 12.575654287568902, 0.7512941296865822], [16.883025564776037, 28.590923589761672, 8.346739006746619], [29.0, 29.0, 14.0]]
Velocity: [[0.0, 0.0, 0.0], [5.844542921659472, 11.575654287568902, -0.24870587031341784], [10.038482643116566, 16.01526930219277, 7.595444877060037], [12.116974435223963, 0.4090764102383275, 5.653260993253381]]
Attitude: [[0.0, 0.0, 0.0], [1.103329579532339, 0.4679236243581791, 1.5899732357353402], [1.0554928221826076, 0.6661522013000061, 1.1886984855131075], [0.43753856464082885, 1.5402112905645133, 1.134477297818289]]
Save Location: maps/map799/test.txt
