Path: 1147
Path Score: 4.066741928041113
Waypoints: [[1.0, 1.0, 1.0], [7.244355243304841, 4.686769508950413, 5.732290508395203], [18.278593753428844, 13.542675969678093, 13.490985374955708], [29.0, 29.0, 14.0]]
Velocity: [[0.0, 0.0, 0.0], [6.244355243304841, 3.6867695089504133, 4.732290508395203], [11.034238510124002, 8.855906460727681, 7.758694866560504], [10.721406246571156, 15.457324030321907, 0.5090146250442924]]
Attitude: [[0.0, 0.0, 0.0], [0.7653529368027897, 1.1309818444795048, 0.9925991767107255], [0.8178159869096143, 0.9898439598639033, 1.0692024884050877], [0.964623337542555, 0.6069540453552669, 1.5437444202820336]]
Save Location: maps/map2375/test.txt
