Path: 1806
Path Score: 4.165637121576407
Waypoints: [[1.0, 1.0, 1.0], [5.8300877579373775, 12.986927175779844, 2.2883830638241456], [18.441097262136424, 17.537267266708554, 6.281086639361177], [29.0, 29.0, 14.0]]
Velocity: [[0.0, 0.0, 0.0], [4.8300877579373775, 11.986927175779844, 1.2883830638241456], [12.611009504199046, 4.55034009092871, 3.992703575537031], [10.558902737863576, 11.462732733291446, 7.718913360638823]]
Attitude: [[0.0, 0.0, 0.0], [1.1897394258126446, 0.3951048953544142, 1.471431398260883], [0.44754671186093375, 1.2394822476803018, 1.2813489009344372], [0.9183550643402842, 0.8511782172620342, 1.1109269665548651]]
Save Location: maps/map1833/test.txt
