Path: 2013
Path Score: 4.176620533063835
Waypoints: [[1.0, 1.0, 1.0], [1.6574939373145603, 7.640942564656317, 6.853106441814953], [16.060622627406442, 22.284008548073043, 8.655570821620126], [29.0, 29.0, 14.0]]
Velocity: [[0.0, 0.0, 0.0], [0.6574939373145603, 6.640942564656317, 5.853106441814953], [14.403128690091881, 14.643065983416726, 1.8024643798051727], [12.939377372593558, 6.715991451926957, 5.344429178379874]]
Attitude: [[0.0, 0.0, 0.0], [1.4966576018134188, 0.7255359120981532, 0.8507902510389312], [0.7974173184232559, 0.7810223998481071, 1.4832644024446384], [0.5856835745155158, 1.123499545747589, 1.2194127759243851]]
Save Location: maps/map1755/test.txt
