Path: 1478
Path Score: 4.528703294753157
Waypoints: [[1.0, 1.0, 1.0], [1.5831056317866898, 11.289807463775418, 6.886569014408189], [3.6115421997972854, 21.16184829584802, 12.099830806401165], [29.0, 29.0, 14.0]]
Velocity: [[0.0, 0.0, 0.0], [0.5831056317866898, 10.289807463775418, 5.886569014408189], [2.0284365680105956, 9.872040832072603, 5.213261791992976], [25.388457800202715, 7.838151704151979, 1.9001691935988347]]
Attitude: [[0.0, 0.0, 0.0], [1.5216478577442305, 0.5217422173051365, 1.0518517055369716], [1.3910629026720513, 0.5155357586427095, 1.0934229284193644], [0.30758927359052607, 1.272137024808702, 1.49940458028285]]
Save Location: maps/map68/test.txt
