Path: 1937
Path Score: 4.388131422874324
Waypoints: [[1.0, 1.0, 1.0], [7.908661902969909, 13.249370598681029, 5.122888052721978], [17.89500835598713, 12.238417992478578, 7.134004137824853], [29.0, 29.0, 14.0]]
Velocity: [[0.0, 0.0, 0.0], [6.908661902969909, 12.249370598681029, 4.122888052721978], [9.986346453017221, -1.0109526062024514, 2.0111160851028753], [11.10499164401287, 16.761582007521422, 6.865995862175147]]
Attitude: [[0.0, 0.0, 0.0], [1.0799032623057099, 0.5811391675180452, 1.2856207472042467], [0.22169431037549364, 1.6697134811573178, 1.3730522236279994], [1.0208116603536068, 0.6617621353055158, 1.2417305692240037]]
Save Location: maps/map401/test.txt
