Path: 1381
Path Score: 4.297116847127853
Waypoints: [[1.0, 1.0, 1.0], [2.1166871798879825, 7.959406805005861, 2.641112218552253], [19.389288025563584, 16.06728025107769, 3.2087782934268243], [29.0, 29.0, 14.0]]
Velocity: [[0.0, 0.0, 0.0], [1.1166871798879825, 6.959406805005861, 1.6411122185522529], [17.2726008456756, 8.10787344607183, 0.5676660748745714], [9.610711974436416, 12.93271974892231, 10.791221706573175]]
Attitude: [[0.0, 0.0, 0.0], [1.4158739947349994, 0.27784815422419984, 1.3420381855188857], [0.43981597942412975, 1.1321291427079079, 1.5410545960025996], [1.0522852008502876, 0.8407680585630531, 0.9806749590669072]]
Save Location: maps/map889/test.txt
