Path: 2261
Path Score: 4.136612219631175
Waypoints: [[1.0, 1.0, 1.0], [5.7591996310330025, 10.496060591014656, 1.1961851557501069], [21.595430679697905, 24.032909211980147, 6.078853224688489], [29.0, 29.0, 14.0]]
Velocity: [[0.0, 0.0, 0.0], [4.7591996310330025, 9.496060591014656, 0.19618515575010687], [15.836231048664903, 13.536848620965491, 4.882668068938382], [7.404569320302095, 4.967090788019853, 7.921146775311511]]
Attitude: [[0.0, 0.0, 0.0], [1.1062936554501903, 0.46492826404694765, 1.5523285842779897], [0.7376053063994287, 0.8858606976204239, 1.3405845158035956], [0.9009774146927041, 1.1412360805544841, 0.8444306588818015]]
Save Location: maps/map2025/test.txt
