Path: 202
Path Score: 4.462307670547414
Waypoints: [[1.0, 1.0, 1.0], [0.1034748464100077, 6.396090427855569, 9.25430405624771], [9.057942771808293, 22.483164120725405, 13.633419250864584], [29.0, 29.0, 14.0]]
Velocity: [[0.0, 0.0, 0.0], [-0.8965251535899923, 5.396090427855569, 8.25430405624771], [8.954467925398285, 16.087073692869836, 4.379115194616874], [19.942057228191707, 6.516835879274595, 0.36658074913541583]]
Attitude: [[0.0, 0.0, 0.0], [1.6614577493511176, 0.9944855483118206, 0.5852456997051783], [1.0779252595568212, 0.5547226839214404, 1.3372860388490095], [0.3163154151017467, 1.2549974740262801, 1.5533251264663486]]
Save Location: maps/map188/test.txt
