Path: 2208
Path Score: 4.057421662522207
Waypoints: [[1.0, 1.0, 1.0], [5.839689469355285, 6.231079992564079, 1.4400139470819306], [17.142077840697404, 12.866671640253438, 8.671369517017055], [29.0, 29.0, 14.0]]
Velocity: [[0.0, 0.0, 0.0], [4.839689469355285, 5.231079992564079, 0.44001394708193065], [11.302388371342118, 6.635591647689359, 7.231355569935125], [11.857922159302596, 16.133328359746564, 5.328630482982945]]
Attitude: [[0.0, 0.0, 0.0], [0.8259996858182699, 0.748605830934555, 1.5091311358387776], [0.7150526429887857, 1.1115281140369426, 1.066613147922888], [0.9614723836846367, 0.6782653453057865, 1.3106912242211473]]
Save Location: maps/map2406/test.txt
