Path: 1496
Path Score: 4.258644207208372
Waypoints: [[1.0, 1.0, 1.0], [1.5831056317866898, 11.289807463775418, 6.886569014408189], [12.704603846584774, 19.922199713463662, 8.33279809450805], [29.0, 29.0, 14.0]]
Velocity: [[0.0, 0.0, 0.0], [0.5831056317866898, 10.289807463775418, 5.886569014408189], [11.121498214798084, 8.632392249688245, 1.4462290800998607], [16.295396153415226, 9.077800286536338, 5.66720190549195]]
Attitude: [[0.0, 0.0, 0.0], [1.5216478577442305, 0.5217422173051365, 1.0518517055369716], [0.6667682405295001, 0.9148003058399293, 1.4684297730300904], [0.5810873343497762, 1.0864359774071253, 1.2758411019683804]]
Save Location: maps/map1146/test.txt
