Path: 1815
Path Score: 4.283994228827762
Waypoints: [[1.0, 1.0, 1.0], [5.8300877579373775, 12.986927175779844, 2.2883830638241456], [21.79639181727039, 14.477895924297679, 6.70148367285092], [29.0, 29.0, 14.0]]
Velocity: [[0.0, 0.0, 0.0], [4.8300877579373775, 11.986927175779844, 1.2883830638241456], [15.966304059333012, 1.490968748517835, 4.413100609026775], [7.20360818272961, 14.522104075702321, 7.29851632714908]]
Attitude: [[0.0, 0.0, 0.0], [1.1897394258126446, 0.3951048953544142, 1.471431398260883], [0.2838703152750535, 1.4810308947088762, 1.302240866776761], [1.1535972127018381, 0.6148409412743631, 1.1477501781583583]]
Save Location: maps/map967/test.txt
