Path: 1444
Path Score: 4.434544317300395
Waypoints: [[1.0, 1.0, 1.0], [10.074445050749116, 1.0357225832720962, 9.412027835082272], [12.613060744395664, 17.548051480031873, 8.080005726347148], [29.0, 29.0, 14.0]]
Velocity: [[0.0, 0.0, 0.0], [9.074445050749116, 0.03572258327209621, 8.412027835082272], [2.5386156936465483, 16.512328896759776, -1.3320221087351243], [16.386939255604336, 11.451948519968127, 5.919994273652852]]
Attitude: [[0.0, 0.0, 0.0], [0.7475390695972799, 1.5679093516700198, 0.8232656157544957], [1.4187364312861803, 0.1719053945286747, 1.6503595790224888], [0.6665783723714116, 0.989326980912511, 1.28290425102486]]
Save Location: maps/map248/test.txt
