Path: 234
Path Score: 4.410850163046025
Waypoints: [[1.0, 1.0, 1.0], [0.2429086269009595, 4.401009458247564, 1.9766829018839305], [17.308866286107182, 11.973920967305471, 3.267694706542649], [29.0, 29.0, 14.0]]
Velocity: [[0.0, 0.0, 0.0], [-0.7570913730990405, 3.4010094582475636, 0.9766829018839305], [17.065957659206223, 7.572911509057907, 1.2910118046587185], [11.691133713892818, 17.02607903269453, 10.732305293457351]]
Attitude: [[0.0, 0.0, 0.0], [1.7815782743907893, 0.34851827104464184, 1.297497366701187], [0.4229750944589353, 1.1542140720425322, 1.50175989212801], [1.0445489977397693, 0.750277256947143, 1.0915648774641429]]
Save Location: maps/map328/test.txt
