Path: 1741
Path Score: 4.1809461026979005
Waypoints: [[1.0, 1.0, 1.0], [10.805725952785512, 11.283487147150078, 0.7484718343695662], [24.29282605726432, 17.273783965333514, 9.528106741585457], [29.0, 29.0, 14.0]]
Velocity: [[0.0, 0.0, 0.0], [9.805725952785512, 10.283487147150078, -0.2515281656304338], [13.48710010447881, 5.990296818183436, 8.779634907215891], [4.707173942735679, 11.726216034666486, 4.471893258414543]]
Attitude: [[0.0, 0.0, 0.0], [0.8093250089126587, 0.7617849255869302, 1.5884962164824006], [0.6674127027400437, 1.2144558906491358, 1.0341170721524318], [1.2119605623526288, 0.5056733733733509, 1.2306436859371142]]
Save Location: maps/map1718/test.txt
