Path: 710
Path Score: 4.243927998659726
Waypoints: [[1.0, 1.0, 1.0], [7.279071891786115, 11.99037003440958, 7.619831722996372], [12.704603846584774, 19.922199713463662, 8.33279809450805], [29.0, 29.0, 14.0]]
Velocity: [[0.0, 0.0, 0.0], [6.279071891786115, 10.99037003440958, 6.619831722996372], [5.425531954798659, 7.931829679054083, 0.7129663715116781], [16.295396153415226, 9.077800286536338, 5.66720190549195]]
Attitude: [[0.0, 0.0, 0.0], [1.115662030937802, 0.6928797362779866, 1.088924427386206], [0.9727493228373146, 0.6039158630596974, 1.496741236563133], [0.5810873343497762, 1.0864359774071253, 1.2758411019683804]]
Save Location: maps/map1235/test.txt
