Path: 2335
Path Score: 4.199150172728932
Waypoints: [[1.0, 1.0, 1.0], [2.7823021602657514, 3.2626923788090734, 6.811174955232296], [17.21982023619961, 8.006705393204069, 10.081471535117235], [29.0, 29.0, 14.0]]
Velocity: [[0.0, 0.0, 0.0], [1.7823021602657514, 2.2626923788090734, 5.811174955232296], [14.437518075933859, 4.744013014394995, 3.2702965798849384], [11.78017976380039, 20.99329460679593, 3.9185284648827654]]
Attitude: [[0.0, 0.0, 0.0], [1.2924157480158258, 1.2144350237412072, 0.46016632051788314], [0.37972871916838374, 1.2606665187510793, 1.3588346192538507], [1.0667154657863167, 0.5340499258370055, 1.4094321512942536]]
Save Location: maps/map1568/test.txt
