Path: 1185
Path Score: 4.238619946917055
Waypoints: [[1.0, 1.0, 1.0], [10.98841998167141, 13.67984788740044, 4.669955467169109], [16.596716632096093, 19.215720704642216, 5.13918037419731], [29.0, 29.0, 14.0]]
Velocity: [[0.0, 0.0, 0.0], [9.98841998167141, 12.67984788740044, 3.6699554671691086], [5.608296650424684, 5.535872817241776, 0.4692249070282015], [12.403283367903907, 9.784279295357784, 8.86081962580269]]
Attitude: [[0.0, 0.0, 0.0], [0.9230317793050691, 0.698207449561829, 1.3472349331065676], [0.7806890084654736, 0.7936406028529338, 1.511322388451105], [0.816514821634672, 1.0001521739681158, 1.059633768091095]]
Save Location: maps/map1273/test.txt
