Path: 347
Path Score: 4.280061789120355
Waypoints: [[1.0, 1.0, 1.0], [11.62421921707525, 9.637940007438962, 4.108292062461251], [12.704603846584774, 19.922199713463662, 8.33279809450805], [29.0, 29.0, 14.0]]
Velocity: [[0.0, 0.0, 0.0], [10.62421921707525, 8.637940007438962, 3.108292062461251], [1.080384629509524, 10.2842597060247, 4.224506032046799], [16.295396153415226, 9.077800286536338, 5.66720190549195]]
Attitude: [[0.0, 0.0, 0.0], [0.7126112608988734, 0.9081638967287853, 1.3475745118170808], [1.4739270879747968, 0.40101855310318685, 1.1829617128196468], [0.5810873343497762, 1.0864359774071253, 1.2758411019683804]]
Save Location: maps/map992/test.txt
