Path: 1126
Path Score: 4.025281607968282
Waypoints: [[1.0, 1.0, 1.0], [7.244355243304841, 4.686769508950413, 5.732290508395203], [22.16101751903432, 21.88131243389526, 7.844034735289933], [29.0, 29.0, 14.0]]
Velocity: [[0.0, 0.0, 0.0], [6.244355243304841, 3.6867695089504133, 4.732290508395203], [14.916662275729479, 17.194542924944848, 2.1117442268947295], [6.838982480965679, 7.1186875661047395, 6.155965264710067]]
Attitude: [[0.0, 0.0, 0.0], [0.7653529368027897, 1.1309818444795048, 0.9925991767107255], [0.859920028205452, 0.7194941564106245, 1.478290632646777], [0.9423867443913255, 0.9123337917118957, 1.0131992799999519]]
Save Location: maps/map2472/test.txt
