Path: 1645
Path Score: 4.1105458063197355
Waypoints: [[1.0, 1.0, 1.0], [10.36013664890983, 5.847929453477029, 2.4421408215587084], [22.781985147361475, 18.865246195222316, 4.237269029022857], [29.0, 29.0, 14.0]]
Velocity: [[0.0, 0.0, 0.0], [9.36013664890983, 4.847929453477029, 1.4421408215587084], [12.421848498451645, 13.017316741745287, 1.795128207464149], [6.218014852638525, 10.134753804777684, 9.762730970977142]]
Attitude: [[0.0, 0.0, 0.0], [0.49541529610661705, 1.0976792558885609, 1.4348290922750935], [0.8135048379071204, 0.7671576817249948, 1.4713579736381448], [1.154725411250614, 0.8516309695069436, 0.8833371316925762]]
Save Location: maps/map2196/test.txt
