Path: 403
Path Score: 4.131036278170072
Waypoints: [[1.0, 1.0, 1.0], [8.23561037690084, 4.511685430060676, 8.33124458240136], [22.16101751903432, 21.88131243389526, 7.844034735289933], [29.0, 29.0, 14.0]]
Velocity: [[0.0, 0.0, 0.0], [7.235610376900841, 3.511685430060676, 7.331244582401361], [13.92540714213348, 17.369627003834584, -0.4872098471114281], [6.838982480965679, 7.1186875661047395, 6.155965264710067]]
Attitude: [[0.0, 0.0, 0.0], [0.8434728410597166, 1.2422312953632766, 0.8316455994328315], [0.895205351653809, 0.6760814146788228, 1.5926775667665098], [0.9423867443913255, 0.9123337917118957, 1.0131992799999519]]
Save Location: maps/map2068/test.txt
