Path: 989
Path Score: 4.23336376703392
Waypoints: [[1.0, 1.0, 1.0], [7.03200889148945, 11.212381035806049, 2.4091861245466912], [18.295648198935922, 21.67677091998945, 14.790388562251113], [29.0, 29.0, 14.0]]
Velocity: [[0.0, 0.0, 0.0], [6.03200889148945, 10.212381035806049, 1.4091861245466912], [11.263639307446471, 10.464389884183403, 12.381202437704422], [10.704351801064078, 7.323229080010549, -0.7903885622511133]]
Attitude: [[0.0, 0.0, 0.0], [1.0413956223611207, 0.5452295055399751, 1.4525400011168248], [0.9635599765611309, 1.0120646135727496, 0.8928250842722524], [0.6027006201753293, 0.9720633967168617, 1.6316622645059446]]
Save Location: maps/map1309/test.txt
