# waypoints
G: (11.0,-17.0,15)
G: (13.957286947915527,-15.017274149094803,15)
G: (16.831685535725953,-13.846183890552558,15)
G: (19.98697301538349,-12.012126839116492,15)
G: (23.34585733317925,-12.012303358544516,15)
G: (26.854842842854183,-13.815767508622946,15)
G: (29.0,-17.0,15)


# wall segments
W: (30.0,-18.8,26.2,-17.0,3)
W: (26.2,-17.0,23.2,-14.0,3)
W: (23.2,-14.0,10.0,-18.8,3)
W: (10.0,-15.2,16.0,-12.2,3)
W: (16.0,-12.2,20.0,-10.2,3)
W: (20.0,-10.2,27.0,-11.2,3)
W: (27.0,-11.2,30.0,-15.2,3)


# environment settings
R: (0)
D: (1)
