# Note +ve X is north
# Note +ve Y is West
# x, y, height
# waypoints
G: (4.0,-2.0,10)
G: (20.328519205663923,-6.9476196298013235,10)
G: (38.6297652411975,-1.6147444545132146,10)
G: (54.64574203548233,2.799544012736689,10)
G: (57.15234481864224,-15.081286099760405,10)
G: (41.429774151373444,-3.396731147146369,10)
G: (60.08248616105008,-2.4609927479158813,10)
G: (78.71383361548259,-5.370542979667455,10)
G: (96.0,-2.0,10)


# wall segments
# x1, y1, x2, y2, z
W: (96.0,-9.200000000000003,63.2,-10.0,30)
W: (63.2,-10.0,60.0,-21.200000000000003,30)
W: (60.0,-21.200000000000003,35.2,-10.0,30)
W: (35.2,-10.0,0.0,-9.200000000000003,30)
W: (0.0,5.200000000000003,96.0,5.200000000000003,30)


# environment settings
R: (0)
D: (1)
