Path: 688
Path Score: 4.219635227539897
Waypoints: [[1.0, 1.0, 1.0], [7.279071891786115, 11.99037003440958, 7.619831722996372], [20.225861212634335, 15.04532595668622, 11.643310714362196], [29.0, 29.0, 14.0]]
Velocity: [[0.0, 0.0, 0.0], [6.279071891786115, 10.99037003440958, 6.619831722996372], [12.94678932084822, 3.0549559222766405, 4.023478991365824], [8.774138787365665, 13.95467404331378, 2.3566892856378043]]
Attitude: [[0.0, 0.0, 0.0], [1.115662030937802, 0.6928797362779866, 1.088924427386206], [0.37203018794580095, 1.3491658141284057, 1.2770804062479608], [1.0158144950798451, 0.5771097040965634, 1.4287893660504631]]
Save Location: maps/map1412/test.txt
