Path: 1344
Path Score: 4.378368486278375
Waypoints: [[1.0, 1.0, 1.0], [2.1166871798879825, 7.959406805005861, 2.641112218552253], [9.819009657944365, 26.458488254841598, 6.998443824486842], [29.0, 29.0, 14.0]]
Velocity: [[0.0, 0.0, 0.0], [1.1166871798879825, 6.959406805005861, 1.6411122185522529], [7.702322478056383, 18.499081449835735, 4.35733160593459], [19.180990342055637, 2.5415117451584024, 7.001556175513158]]
Attitude: [[0.0, 0.0, 0.0], [1.4158739947349994, 0.27784815422419984, 1.3420381855188857], [1.1857535507799164, 0.4461946859743315, 1.3566815919969695], [0.37040607604266484, 1.4469647015513123, 1.2235924194666596]]
Save Location: maps/map437/test.txt
