Path: 1740
Path Score: 4.138923884801173
Waypoints: [[1.0, 1.0, 1.0], [10.805725952785512, 11.283487147150078, 0.7484718343695662], [21.391366360934747, 19.016584990160858, 9.132275513596717], [29.0, 29.0, 14.0]]
Velocity: [[0.0, 0.0, 0.0], [9.805725952785512, 10.283487147150078, -0.2515281656304338], [10.585640408149235, 7.73309784301078, 8.383803679227151], [7.608633639065253, 9.983415009839142, 4.867724486403283]]
Attitude: [[0.0, 0.0, 0.0], [0.8093250089126587, 0.7617849255869302, 1.5884962164824006], [0.8226690407765435, 1.050711493882324, 1.0018196767937686], [0.9701837951063373, 0.7354334851728955, 1.20085483013767]]
Save Location: maps/map2009/test.txt
