Path: 862
Path Score: 4.106018475326088
Waypoints: [[1.0, 1.0, 1.0], [13.622214221490246, 10.560085107867, 6.307093757900562], [27.54896392543646, 23.68501668390871, 10.359708634880405], [29.0, 29.0, 14.0]]
Velocity: [[0.0, 0.0, 0.0], [12.622214221490246, 9.560085107867, 5.307093757900562], [13.926749703946214, 13.12493157604171, 4.052614876979844], [1.4510360745635396, 5.31498331609129, 3.6402913651195945]]
Attitude: [[0.0, 0.0, 0.0], [0.7138698155414545, 0.9612815674177257, 1.2473929819737224], [0.778515739143273, 0.8352849220350175, 1.3621090569693781], [1.3492511805320635, 0.6353347243649624, 0.9869147846242055]]
Save Location: maps/map2218/test.txt
