Path: 856
Path Score: 4.349332520515697
Waypoints: [[1.0, 1.0, 1.0], [13.622214221490246, 10.560085107867, 6.307093757900562], [22.909069045040045, 10.835196024953614, 13.228528156939884], [29.0, 29.0, 14.0]]
Velocity: [[0.0, 0.0, 0.0], [12.622214221490246, 9.560085107867, 5.307093757900562], [9.286854823549799, 0.2751109170866144, 6.921434399039322], [6.090930954959955, 18.164803975046386, 0.771471843060116]]
Attitude: [[0.0, 0.0, 0.0], [0.7138698155414545, 0.9612815674177257, 1.2473929819737224], [0.640860506682147, 1.5470482899627924, 0.9305241950935632], [1.2475348540835867, 0.325939212643112, 1.5305508334281337]]
Save Location: maps/map585/test.txt
