Path: 1427
Path Score: 4.310922572286544
Waypoints: [[1.0, 1.0, 1.0], [10.074445050749116, 1.0357225832720962, 9.412027835082272], [24.548396690958242, 11.577212241638717, 14.392801991557022], [29.0, 29.0, 14.0]]
Velocity: [[0.0, 0.0, 0.0], [9.074445050749116, 0.03572258327209621, 8.412027835082272], [14.473951640209126, 10.541489658366622, 4.98077415647475], [4.451603309041758, 17.42278775836128, -0.3928019915570218]]
Attitude: [[0.0, 0.0, 0.0], [0.7475390695972799, 1.5679093516700198, 0.8232656157544957], [0.6780932395250249, 0.9677132765487029, 1.299489894008761], [1.3207044969365416, 0.251084454734688, 1.5926364233314274]]
Save Location: maps/map790/test.txt
