Path: 334
Path Score: 4.083260178664684
Waypoints: [[1.0, 1.0, 1.0], [11.62421921707525, 9.637940007438962, 4.108292062461251], [24.29282605726432, 17.273783965333514, 9.528106741585457], [29.0, 29.0, 14.0]]
Velocity: [[0.0, 0.0, 0.0], [10.62421921707525, 8.637940007438962, 3.108292062461251], [12.66860684018907, 7.6358439578945525, 5.419814679124206], [4.707173942735679, 11.726216034666486, 4.471893258414543]]
Attitude: [[0.0, 0.0, 0.0], [0.7126112608988734, 0.9081638967287853, 1.3475745118170808], [0.6365099495872601, 1.0647687806888277, 1.2195824523539438], [1.2119605623526288, 0.5056733733733509, 1.2306436859371142]]
Save Location: maps/map2310/test.txt
