Path: 1332
Path Score: 4.433608162852746
Waypoints: [[1.0, 1.0, 1.0], [3.4670120800623283, 8.98615020457587, 12.766320645476934], [18.278593753428844, 13.542675969678093, 13.490985374955708], [29.0, 29.0, 14.0]]
Velocity: [[0.0, 0.0, 0.0], [2.4670120800623283, 7.986150204575869, 11.766320645476934], [14.811581673366515, 4.556525765102224, 0.7246647294787731], [10.721406246571156, 15.457324030321907, 0.5090146250442924]]
Attitude: [[0.0, 0.0, 0.0], [1.399024108228292, 0.9844440153430374, 0.6176559127637982], [0.3019725407645492, 1.272687707390921, 1.5240675736300184], [0.964623337542555, 0.6069540453552669, 1.5437444202820336]]
Save Location: maps/map253/test.txt
