Path: 1851
Path Score: 4.253596394495471
Waypoints: [[1.0, 1.0, 1.0], [5.142904841761517, 4.732071187514425, 9.090826078056057], [19.778926106740936, 25.028774492325528, 13.753258473645548], [29.0, 29.0, 14.0]]
Velocity: [[0.0, 0.0, 0.0], [4.142904841761517, 3.732071187514425, 8.090826078056057], [14.63602126497942, 20.296703304811103, 4.662432395589491], [9.221073893259064, 3.971225507674472, 0.24674152635445168]]
Attitude: [[0.0, 0.0, 0.0], [1.1355654236864037, 1.1812058528805445, 0.6034260736599171], [0.9581943413809502, 0.6478440721231674, 1.386585562398729], [0.40736238913210576, 1.1642642704118822, 1.54622508670751]]
Save Location: maps/map1170/test.txt
