Path: 664
Path Score: 4.285428832659381
Waypoints: [[1.0, 1.0, 1.0], [7.279071891786115, 11.99037003440958, 7.619831722996372], [16.702169176436314, 28.43696480624766, 9.763844081040961], [29.0, 29.0, 14.0]]
Velocity: [[0.0, 0.0, 0.0], [6.279071891786115, 10.99037003440958, 6.619831722996372], [9.423097284650199, 16.44659477183808, 2.1440123580445896], [12.297830823563686, 0.5630351937523415, 4.236155918959039]]
Attitude: [[0.0, 0.0, 0.0], [1.115662030937802, 0.6928797362779866, 1.088924427386206], [1.0541297726919343, 0.531247949835983, 1.458163333737081], [0.3344395960989817, 1.5275361923898203, 1.2393843932691453]]
Save Location: maps/map959/test.txt
