Path: 1531
Path Score: 4.516225944769332
Waypoints: [[1.0, 1.0, 1.0], [0.8300875511549277, 1.6500330013832676, 11.560854587793756], [7.2422472543241465, 15.760615466297706, 13.658007264698963], [29.0, 29.0, 14.0]]
Velocity: [[0.0, 0.0, 0.0], [-0.16991244884507228, 0.6500330013832676, 10.560854587793756], [6.412159703169219, 14.110582464914438, 2.097152676905207], [21.75775274567585, 13.239384533702294, 0.34199273530103724]]
Attitude: [[0.0, 0.0, 0.0], [1.5868534482018404, 1.5093306408644638, 0.06353355267918272], [1.1483708506122428, 0.44598184081097764, 1.4363057116554807], [0.5467872106274848, 1.0242120818809008, 1.5573694452781284]]
Save Location: maps/map92/test.txt
