Path: 489
Path Score: 4.642061310887185
Waypoints: [[1.0, 1.0, 1.0], [11.29885047226655, 13.922680563011099, 6.0742347128672325], [10.752760318917543, 18.75992942067851, 14.80087523764835], [29.0, 29.0, 14.0]]
Velocity: [[0.0, 0.0, 0.0], [10.29885047226655, 12.922680563011099, 5.0742347128672325], [-0.5460901533490059, 4.8372488576674115, 8.726640524781118], [18.247239681082455, 10.24007057932149, -0.8008752376483503]]
Attitude: [[0.0, 0.0, 0.0], [0.932550665210745, 0.7263919285052141, 1.2728643435485965], [1.6254731885809721, 1.0654796273170863, 0.5088343363836016], [0.5126920098124623, 1.0598172007710935, 1.6090527819834075]]
Save Location: maps/map9/test.txt
