Path: 1565
Path Score: 4.078910023215094
Waypoints: [[1.0, 1.0, 1.0], [5.1328300726842055, 6.167067988359742, 4.338023583503114], [25.89146789512382, 17.947079052650324, 10.291630941969098], [29.0, 29.0, 14.0]]
Velocity: [[0.0, 0.0, 0.0], [4.1328300726842055, 5.167067988359742, 3.338023583503114], [20.758637822439617, 11.780011064290582, 5.953607358465984], [3.108532104876179, 11.052920947349676, 3.708369058030902]]
Attitude: [[0.0, 0.0, 0.0], [0.9792202736645594, 0.799275207152919, 1.1035589735254734], [0.5663511636588371, 1.0714268896590449, 1.326347546282722], [1.3102246373088302, 0.4126571490004325, 1.2583924394013435]]
Save Location: maps/map2334/test.txt
