Path: 129
Path Score: 4.206990443114259
Waypoints: [[1.0, 1.0, 1.0], [1.4054990619177365, 2.018923329900705, 5.290815032320245], [10.035552414872543, 14.727385926720864, 12.424650413075828], [29.0, 29.0, 14.0]]
Velocity: [[0.0, 0.0, 0.0], [0.40549906191773655, 1.018923329900705, 4.290815032320245], [8.630053352954807, 12.708462596820159, 7.133835380755582], [18.96444758512746, 14.272614073279136, 1.5753495869241725]]
Attitude: [[0.0, 0.0, 0.0], [1.479107067399564, 1.338645930601151, 0.2502235615876531], [1.0361608672162055, 0.7222488639699015, 1.1360403138641186], [0.6480734763088719, 0.9272854822750475, 1.5045215484811172]]
Save Location: maps/map1491/test.txt
