Path: 2064
Path Score: 4.567605139656406
Waypoints: [[1.0, 1.0, 1.0], [2.1051801977178286, 12.705542697858661, 1.33533427386211], [5.476426590449544, 24.792019982761524, 11.928629304707748], [29.0, 29.0, 14.0]]
Velocity: [[0.0, 0.0, 0.0], [1.1051801977178286, 11.705542697858661, 0.3353342738621099], [3.371246392731716, 12.086477284902863, 10.593295030845638], [23.523573409550455, 4.2079800172384765, 2.071370695292252]]
Attitude: [[0.0, 0.0, 0.0], [1.4766986395106851, 0.09834724994807642, 1.5422834159518], [1.364031731810186, 0.7436318535858076, 0.8696600218074634], [0.19680087071921654, 1.3944532215503482, 1.4843332485331382]]
Save Location: maps/map39/test.txt
