Path: 483
Path Score: 4.395138882301683
Waypoints: [[1.0, 1.0, 1.0], [11.29885047226655, 13.922680563011099, 6.0742347128672325], [18.278593753428844, 13.542675969678093, 13.490985374955708], [29.0, 29.0, 14.0]]
Velocity: [[0.0, 0.0, 0.0], [10.29885047226655, 12.922680563011099, 5.0742347128672325], [6.979743281162294, -0.3800045933330054, 7.416750662088475], [10.721406246571156, 15.457324030321907, 0.5090146250442924]]
Attitude: [[0.0, 0.0, 0.0], [0.932550665210745, 0.7263919285052141, 1.2728643435485965], [0.8163981596024472, 1.6080909044962322, 0.7557909656862919], [0.964623337542555, 0.6069540453552669, 1.5437444202820336]]
Save Location: maps/map373/test.txt
