Path: 283
Path Score: 4.166344278022763
Waypoints: [[1.0, 1.0, 1.0], [10.236205802881091, 6.726958385030271, 8.616461550781413], [27.392959345270903, 23.005156066345783, 14.43568391042985], [29.0, 29.0, 14.0]]
Velocity: [[0.0, 0.0, 0.0], [9.236205802881091, 5.726958385030271, 7.616461550781413], [17.15675354238981, 16.27819768131551, 5.819222359648437], [1.6070406547290972, 5.9948439336542165, -0.4356839104298498]]
Attitude: [[0.0, 0.0, 0.0], [0.801018365502451, 1.1245932303302049, 0.9595076706588436], [0.7891818283334738, 0.8388021668365642, 1.3295355426644166], [1.309541788024109, 0.27091869121991397, 1.6408792813009851]]
Save Location: maps/map1828/test.txt
