Path: 593
Path Score: 4.468487011798423
Waypoints: [[1.0, 1.0, 1.0], [1.9869655009534015, 2.3470905443897805, 9.726710653669548], [10.236205802881091, 6.726958385030271, 8.616461550781413], [29.0, 29.0, 14.0]]
Velocity: [[0.0, 0.0, 0.0], [0.9869655009534015, 1.3470905443897805, 8.726710653669548], [8.24924030192769, 4.379867840640491, -1.110249102888135], [18.76379419711891, 22.273041614969728, 5.383538449218587]]
Attitude: [[0.0, 0.0, 0.0], [1.4594850995761104, 1.4185963426785977, 0.18907565762625306], [0.5011023590868944, 1.08641095769567, 1.6891131011880018], [0.8846584087794623, 0.7196408431985295, 1.388006583094779]]
Save Location: maps/map179/test.txt
