Path: 213
Path Score: 4.442056729883988
Waypoints: [[1.0, 1.0, 1.0], [0.1034748464100077, 6.396090427855569, 9.25430405624771], [9.662916602314, 22.21326367479614, 9.15459432162151], [29.0, 29.0, 14.0]]
Velocity: [[0.0, 0.0, 0.0], [-0.8965251535899923, 5.396090427855569, 8.25430405624771], [9.559441755903993, 15.81717324694057, -0.09970973462620059], [19.337083397686, 6.7867363252038615, 4.845405678378491]]
Attitude: [[0.0, 0.0, 0.0], [1.6614577493511176, 0.9944855483118206, 0.5852456997051783], [1.0271778046468065, 0.543651397286939, 1.5761913845198263], [0.40714433808387096, 1.242659214067075, 1.3386234911715096]]
Save Location: maps/map225/test.txt
