Path: 1704
Path Score: 4.18279663919623
Waypoints: [[1.0, 1.0, 1.0], [10.805725952785512, 11.283487147150078, 0.7484718343695662], [21.908711729896172, 25.238135856299944, 5.545207600887396], [29.0, 29.0, 14.0]]
Velocity: [[0.0, 0.0, 0.0], [9.805725952785512, 10.283487147150078, -0.2515281656304338], [11.10298577711066, 13.954648709149867, 4.7967357665178305], [7.091288270103828, 3.7618641437000555, 8.454792399112604]]
Attitude: [[0.0, 0.0, 0.0], [0.8093250089126587, 0.7617849255869302, 1.5884962164824006], [0.9257377611385458, 0.7141235739706144, 1.3080317151963958], [0.9169442204311326, 1.2422469685705426, 0.7594689249536318]]
Save Location: maps/map1703/test.txt
