Path: 1057
Path Score: 4.305515888964326
Waypoints: [[1.0, 1.0, 1.0], [5.124139793286082, 11.529276214212281, 3.1169525438428494], [10.154931135603169, 27.558570916545424, 10.904913587202246], [29.0, 29.0, 14.0]]
Velocity: [[0.0, 0.0, 0.0], [4.124139793286082, 10.529276214212281, 2.1169525438428494], [5.030791342317087, 16.029294702333143, 7.787961043359397], [18.84506886439683, 1.441429083454576, 3.0950864127977535]]
Attitude: [[0.0, 0.0, 0.0], [1.2041596665548568, 0.4147337109116922, 1.3857324418142094], [1.295661174163213, 0.5243942321347592, 1.1367206318843839], [0.1792318684503368, 1.4954619679425223, 1.4084768971650652]]
Save Location: maps/map828/test.txt
