Path: 1330
Path Score: 4.422973301441774
Waypoints: [[1.0, 1.0, 1.0], [3.4670120800623283, 8.98615020457587, 12.766320645476934], [19.778926106740936, 25.028774492325528, 13.753258473645548], [29.0, 29.0, 14.0]]
Velocity: [[0.0, 0.0, 0.0], [2.4670120800623283, 7.986150204575869, 11.766320645476934], [16.311914026678608, 16.04262428774966, 0.9869378281686139], [9.221073893259064, 3.971225507674472, 0.24674152635445168]]
Attitude: [[0.0, 0.0, 0.0], [1.399024108228292, 0.9844440153430374, 0.6176559127637982], [0.7780195320476696, 0.79463443615654, 1.5276855968056346], [0.40736238913210576, 1.1642642704118822, 1.54622508670751]]
Save Location: maps/map290/test.txt
