Path: 1343
Path Score: 4.6068073033257155
Waypoints: [[1.0, 1.0, 1.0], [3.4670120800623283, 8.98615020457587, 12.766320645476934], [17.142077840697404, 12.866671640253438, 8.671369517017055], [29.0, 29.0, 14.0]]
Velocity: [[0.0, 0.0, 0.0], [2.4670120800623283, 7.986150204575869, 11.766320645476934], [13.675065760635075, 3.8805214356775686, -4.094951128459879], [11.857922159302596, 16.133328359746564, 5.328630482982945]]
Attitude: [[0.0, 0.0, 0.0], [1.399024108228292, 0.9844440153430374, 0.6176559127637982], [0.3912720766172688, 1.3053702179943925, 1.851275129611332], [0.9614723836846367, 0.6782653453057865, 1.3106912242211473]]
Save Location: maps/map17/test.txt
