Path: 2417
Path Score: 4.196345244481017
Waypoints: [[1.0, 1.0, 1.0], [12.422424952449036, 7.364456284222653, 4.120550879483655], [19.70415101856637, 13.671074305937509, 12.81372080915123], [29.0, 29.0, 14.0]]
Velocity: [[0.0, 0.0, 0.0], [11.422424952449036, 6.364456284222653, 3.1205508794836554], [7.281726066117335, 6.306618021714856, 8.693169929667574], [9.295848981433629, 15.328925694062491, 1.1862791908487704]]
Attitude: [[0.0, 0.0, 0.0], [0.5554007765856399, 1.0776065097557235, 1.3365284239372268], [0.9749821975511358, 1.0632505507969474, 0.8366428727381722], [1.0269884977688475, 0.548718444626354, 1.5047210663746937]]
Save Location: maps/map1596/test.txt
