Path: 2260
Path Score: 4.303345767930237
Waypoints: [[1.0, 1.0, 1.0], [5.7591996310330025, 10.496060591014656, 1.1961851557501069], [9.662916602314, 22.21326367479614, 9.15459432162151], [29.0, 29.0, 14.0]]
Velocity: [[0.0, 0.0, 0.0], [4.7591996310330025, 9.496060591014656, 0.19618515575010687], [3.903716971280998, 11.717203083781483, 7.9584091658714025], [19.337083397686, 6.7867363252038615, 4.845405678378491]]
Attitude: [[0.0, 0.0, 0.0], [1.1062936554501903, 0.46492826404694765, 1.5523285842779897], [1.30187113563861, 0.6476593206687854, 0.9983779212728935], [0.40714433808387096, 1.242659214067075, 1.3386234911715096]]
Save Location: maps/map839/test.txt
