Path: 378
Path Score: 4.522242740482137
Waypoints: [[1.0, 1.0, 1.0], [5.0694130019156045, 0.10947803648002186, 11.387112714668532], [8.698977053221993, 19.48629808039675, 13.371846165404145], [29.0, 29.0, 14.0]]
Velocity: [[0.0, 0.0, 0.0], [4.0694130019156045, -0.8905219635199781, 10.387112714668532], [3.6295640513063887, 19.37682004391673, 1.9847334507356127], [20.301022946778005, 9.51370191960325, 0.6281538345958548]]
Attitude: [[0.0, 0.0, 0.0], [1.1986423454069668, 1.65045321960768, 0.3814078923026202], [1.3865694120789505, 0.21033327014413145, 1.4704571859651634], [0.4390758398022054, 1.132740622989748, 1.5427856888103315]]
Save Location: maps/map78/test.txt
