Path: 1191
Path Score: 4.203471283038196
Waypoints: [[1.0, 1.0, 1.0], [10.98841998167141, 13.67984788740044, 4.669955467169109], [26.70124871286478, 19.147010920760337, 12.70089468843873], [29.0, 29.0, 14.0]]
Velocity: [[0.0, 0.0, 0.0], [9.98841998167141, 12.67984788740044, 3.6699554671691086], [15.712828731193369, 5.467163033359897, 8.030939221269621], [2.2987512871352216, 9.852989079239663, 1.29910531156127]]
Attitude: [[0.0, 0.0, 0.0], [0.9230317793050691, 0.698207449561829, 1.3472349331065676], [0.5537666557921669, 1.2703542576529088, 1.1210667270393728], [1.3434906352786418, 0.26183169500923487, 1.4430944105763563]]
Save Location: maps/map1531/test.txt
