Path: 1659
Path Score: 4.484388444344785
Waypoints: [[1.0, 1.0, 1.0], [1.4862613186235762, 5.302297197202417, 9.54279168299124], [4.285738701136791, 19.585317816941107, 12.839338817743226], [29.0, 29.0, 14.0]]
Velocity: [[0.0, 0.0, 0.0], [0.48626131862357624, 4.302297197202417, 8.54279168299124], [2.7994773825132144, 14.28302061973869, 3.296547134751986], [24.71426129886321, 9.414682183058893, 1.1606611822567743]]
Attitude: [[0.0, 0.0, 0.0], [1.520002440634727, 1.1049085373684124, 0.46909167611999897], [1.3820890094019578, 0.2940202693315768, 1.348061912660877], [0.3664853104185652, 1.207193369817229, 1.5269377590332232]]
Save Location: maps/map141/test.txt
