Path: 55
Path Score: 4.164688441930849
Waypoints: [[1.0, 1.0, 1.0], [8.883832853990807, 7.619820070167713, 5.821889119101872], [13.095324436113561, 15.033365545267669, 6.706312039110363], [29.0, 29.0, 14.0]]
Velocity: [[0.0, 0.0, 0.0], [7.883832853990807, 6.619820070167713, 4.821889119101872], [4.211491582122754, 7.413545475099956, 0.8844229200084914], [15.904675563886439, 13.966634454732331, 7.293687960889637]]
Attitude: [[0.0, 0.0, 0.0], [0.8044304960935175, 0.9492050844908356, 1.1327513067607105], [1.057206838359606, 0.5259368630851426, 1.4674368318193647], [0.7807156099511975, 0.8971446612687055, 1.2389541045829986]]
Save Location: maps/map1847/test.txt
