Path: 1303
Path Score: 4.133254140500405
Waypoints: [[1.0, 1.0, 1.0], [11.681123338592288, 14.089788280863255, 4.111381059339743], [20.610598369444524, 19.278006681353382, 8.827928443474919], [29.0, 29.0, 14.0]]
Velocity: [[0.0, 0.0, 0.0], [10.681123338592288, 13.089788280863255, 3.1113810593397426], [8.929475030852236, 5.188218400490127, 4.716547384135176], [8.389401630555476, 9.721993318646618, 5.172071556525081]]
Attitude: [[0.0, 0.0, 0.0], [0.8998039769895753, 0.7044384319041941, 1.3886732407031834], [0.6656678042289764, 1.0962036607901142, 1.142379117307399], [0.919766086046802, 0.7922213235648208, 1.1879058042443305]]
Save Location: maps/map2055/test.txt
