Path: 1782
Path Score: 4.179763097370332
Waypoints: [[1.0, 1.0, 1.0], [5.8300877579373775, 12.986927175779844, 2.2883830638241456], [25.82242157098592, 26.583335307071817, 8.735195019153062], [29.0, 29.0, 14.0]]
Velocity: [[0.0, 0.0, 0.0], [4.8300877579373775, 11.986927175779844, 1.2883830638241456], [19.992333813048543, 13.596408131291973, 6.446811955328917], [3.17757842901408, 2.416664692928183, 5.264804980846938]]
Attitude: [[0.0, 0.0, 0.0], [1.1897394258126446, 0.3951048953544142, 1.471431398260883], [0.6451997976666758, 0.9963489648399109, 1.3102149664773401], [1.0690872565574958, 1.1963461847155972, 0.6487738662809521]]
Save Location: maps/map1727/test.txt
