Path: 2061
Path Score: 4.251972025136501
Waypoints: [[1.0, 1.0, 1.0], [2.1051801977178286, 12.705542697858661, 1.33533427386211], [15.326606466973086, 21.339557800606936, 5.709370475713641], [29.0, 29.0, 14.0]]
Velocity: [[0.0, 0.0, 0.0], [1.1051801977178286, 11.705542697858661, 0.3353342738621099], [13.221426269255257, 8.634015102748275, 4.374036201851531], [13.673393533026914, 7.660442199393064, 8.29062952428636]]
Attitude: [[0.0, 0.0, 0.0], [1.4766986395106851, 0.09834724994807642, 1.5422834159518], [0.6319145568155221, 1.0158116164260471, 1.3005741192574032], [0.690120256163992, 1.1240390241586073, 1.0842390444713212]]
Save Location: maps/map1180/test.txt
