Path: 1978
Path Score: 4.231103889346626
Waypoints: [[1.0, 1.0, 1.0], [7.908661902969909, 13.249370598681029, 5.122888052721978], [18.295648198935922, 21.67677091998945, 14.790388562251113], [29.0, 29.0, 14.0]]
Velocity: [[0.0, 0.0, 0.0], [6.908661902969909, 12.249370598681029, 4.122888052721978], [10.386986295966013, 8.427400321308422, 9.667500509529136], [10.704351801064078, 7.323229080010549, -0.7903885622511133]]
Attitude: [[0.0, 0.0, 0.0], [1.0799032623057099, 0.5811391675180452, 1.2856207472042467], [0.8900485110682315, 1.0348697173931456, 0.9449556462493852], [0.6027006201753293, 0.9720633967168617, 1.6316622645059446]]
Save Location: maps/map1333/test.txt
