Path: 806
Path Score: 4.407692054894568
Waypoints: [[1.0, 1.0, 1.0], [4.844954787942095, 14.493280729732227, 5.905721797057641], [9.057942771808293, 22.483164120725405, 13.633419250864584], [29.0, 29.0, 14.0]]
Velocity: [[0.0, 0.0, 0.0], [3.844954787942095, 13.493280729732227, 4.905721797057641], [4.212987983866197, 7.989883390993178, 7.727697453806943], [19.942057228191707, 6.516835879274595, 0.36658074913541583]]
Attitude: [[0.0, 0.0, 0.0], [1.3091332202726853, 0.43273101466224884, 1.2344339666278068], [1.2085082487514238, 0.8336964345418628, 0.863097099292626], [0.3163154151017467, 1.2549974740262801, 1.5533251264663486]]
Save Location: maps/map343/test.txt
