Path: 2245
Path Score: 4.564315315371768
Waypoints: [[1.0, 1.0, 1.0], [5.7591996310330025, 10.496060591014656, 1.1961851557501069], [6.351589522056588, 15.595530052506257, 9.804307665027011], [29.0, 29.0, 14.0]]
Velocity: [[0.0, 0.0, 0.0], [4.7591996310330025, 9.496060591014656, 0.19618515575010687], [0.5923898910235854, 5.099469461491601, 8.608122509276903], [22.64841047794341, 13.404469947493743, 4.195692334972989]]
Attitude: [[0.0, 0.0, 0.0], [1.1062936554501903, 0.46492826404694765, 1.5523285842779897], [1.5116572664590855, 1.0370176048860718, 0.5377577790912832], [0.5551154872057305, 1.0437555844404118, 1.4127030288890532]]
Save Location: maps/map41/test.txt
