# Note +ve X is north
# Note +ve Y is West
# x, y, height
# waypoints
G: (11.0,-17.0,15)
G: (14.155014359638542,-16.40754037260009,15)
G: (17.31545174686911,-17.705815182845274,15)
G: (20.1559579267905,-19.186296660597773,15)
G: (23.207114354113127,-20.227705628205673,15)
G: (26.55708453603197,-19.46856356049097,15)
G: (29.0,-17.0,15)


# wall segments
# x1, y1, x2, y2, z
W: (40.0,-14.6,30.0,-20.6,3)
W: (30.0,-20.6,0.0,-14.6,3)
W: (0.0,-7.399999999999999,14.0,-7.399999999999999,3)
W: (14.0,-7.399999999999999,25.6,-13.0,3)
W: (25.6,-13.0,40.0,-7.399999999999999,3)


# environment settings
R: (0)
D: (1)
