Path: 2299
Path Score: 4.335781434888973
Waypoints: [[1.0, 1.0, 1.0], [4.608820246079843, 7.120273707001329, 9.286680001717013], [9.057942771808293, 22.483164120725405, 13.633419250864584], [29.0, 29.0, 14.0]]
Velocity: [[0.0, 0.0, 0.0], [3.6088202460798433, 6.120273707001329, 8.286680001717013], [4.449122525728449, 15.362890413724077, 4.346739249147571], [19.942057228191707, 6.516835879274595, 0.36658074913541583]]
Attitude: [[0.0, 0.0, 0.0], [1.233845257898589, 0.9755770124671417, 0.7087760394342274], [1.2990281782730235, 0.38470102344060686, 1.3054350919971867], [0.3163154151017467, 1.2549974740262801, 1.5533251264663486]]
Save Location: maps/map648/test.txt
