Path: 530
Path Score: 4.121385122918544
Waypoints: [[1.0, 1.0, 1.0], [9.981785049321614, 2.094242845092411, 3.906087432644374], [18.987168424161545, 21.350324413129044, 10.434584031210562], [29.0, 29.0, 14.0]]
Velocity: [[0.0, 0.0, 0.0], [8.981785049321614, 1.094242845092411, 2.906087432644374], [9.005383374839932, 19.256081568036635, 6.528496598566188], [10.012831575838455, 7.649675586870956, 3.565415968789438]]
Attitude: [[0.0, 0.0, 0.0], [0.33286566125405836, 1.4553984883962245, 1.2600245384619229], [1.1538608377786495, 0.5238076849901903, 1.2728287009169257], [0.7003550436294252, 0.9469578898565721, 1.2950479413160163]]
Save Location: maps/map2122/test.txt
