Path: 2465
Path Score: 4.243396062863935
Waypoints: [[1.0, 1.0, 1.0], [12.386106231445222, 1.1077460717588705, 7.4490524792482224], [24.417165918970664, 21.028566972505814, 13.862338142170172], [29.0, 29.0, 14.0]]
Velocity: [[0.0, 0.0, 0.0], [11.386106231445222, 0.10774607175887052, 6.4490524792482224], [12.031059687525442, 19.920820900746943, 6.4132856629219495], [4.582834081029336, 7.971433027494186, 0.1376618578298281]]
Attitude: [[0.0, 0.0, 0.0], [0.5154044449224107, 1.562562589250552, 1.0554709245652716], [1.04904743149086, 0.600174068002303, 1.3018913437867374], [1.0490962265383572, 0.5219593966089846, 1.5558258939074248]]
Save Location: maps/map1240/test.txt
