Path: 2447
Path Score: 4.386983147110016
Waypoints: [[1.0, 1.0, 1.0], [12.422424952449036, 7.364456284222653, 4.120550879483655], [12.699318080032214, 19.485873547121262, 13.643108962855027], [29.0, 29.0, 14.0]]
Velocity: [[0.0, 0.0, 0.0], [11.422424952449036, 6.364456284222653, 3.1205508794836554], [0.2768931275831772, 12.121417262898609, 9.522558083371372], [16.300681919967786, 9.514126452878738, 0.3568910371449725]]
Attitude: [[0.0, 0.0, 0.0], [0.5554007765856399, 1.0776065097557235, 1.3365284239372268], [1.552835138658827, 0.6661024691123855, 0.9050258583119678], [0.5286275051045267, 1.042579273198718, 1.5518895222311728]]
Save Location: maps/map409/test.txt
