Path: 413
Path Score: 4.136894617362216
Waypoints: [[1.0, 1.0, 1.0], [8.23561037690084, 4.511685430060676, 8.33124458240136], [25.89146789512382, 17.947079052650324, 10.291630941969098], [29.0, 29.0, 14.0]]
Velocity: [[0.0, 0.0, 0.0], [7.235610376900841, 3.511685430060676, 7.331244582401361], [17.65585751822298, 13.435393622589647, 1.960386359567737], [3.108532104876179, 11.052920947349676, 3.708369058030902]]
Attitude: [[0.0, 0.0, 0.0], [0.8434728410597166, 1.2422312953632766, 0.8316455994328315], [0.6555615898248381, 0.9232678908084426, 1.4826656344746822], [1.3102246373088302, 0.4126571490004325, 1.2583924394013435]]
Save Location: maps/map2021/test.txt
