Path: 1353
Path Score: 4.311673190182818
Waypoints: [[1.0, 1.0, 1.0], [2.1166871798879825, 7.959406805005861, 2.641112218552253], [10.035552414872543, 14.727385926720864, 12.424650413075828], [29.0, 29.0, 14.0]]
Velocity: [[0.0, 0.0, 0.0], [1.1166871798879825, 6.959406805005861, 1.6411122185522529], [7.91886523498456, 6.767979121715003, 9.783538194523574], [18.96444758512746, 14.272614073279136, 1.5753495869241725]]
Attitude: [[0.0, 0.0, 0.0], [1.4158739947349994, 0.27784815422419984, 1.3420381855188857], [0.9834944418414706, 1.0774400554543686, 0.816746731922966], [0.6480734763088719, 0.9272854822750475, 1.5045215484811172]]
Save Location: maps/map787/test.txt
