Path: 2454
Path Score: 4.25207928138962
Waypoints: [[1.0, 1.0, 1.0], [12.422424952449036, 7.364456284222653, 4.120550879483655], [18.095718329045553, 11.448179577573537, 4.254273268600727], [29.0, 29.0, 14.0]]
Velocity: [[0.0, 0.0, 0.0], [11.422424952449036, 6.364456284222653, 3.1205508794836554], [5.673293376596517, 4.083723293350884, 0.13372238911707157], [10.904281670954447, 17.551820422426463, 9.745726731399273]]
Attitude: [[0.0, 0.0, 0.0], [0.5554007765856399, 1.0776065097557235, 1.3365284239372268], [0.6241554777940913, 0.9470266026338997, 1.551668710288422], [1.0732272559405516, 0.6946779801901964, 1.130088538280598]]
Save Location: maps/map1179/test.txt
