Path: 460
Path Score: 4.147814948225749
Waypoints: [[1.0, 1.0, 1.0], [11.29885047226655, 13.922680563011099, 6.0742347128672325], [27.54896392543646, 23.68501668390871, 10.359708634880405], [29.0, 29.0, 14.0]]
Velocity: [[0.0, 0.0, 0.0], [10.29885047226655, 12.922680563011099, 5.0742347128672325], [16.25011345316991, 9.762336120897611, 4.285473922013173], [1.4510360745635396, 5.31498331609129, 3.6402913651195945]]
Attitude: [[0.0, 0.0, 0.0], [0.932550665210745, 0.7263919285052141, 1.2728643435485965], [0.5806447582395909, 1.0445435118759645, 1.3484709175108565], [1.3492511805320635, 0.6353347243649624, 0.9869147846242055]]
Save Location: maps/map1956/test.txt
