Path: 1115
Path Score: 4.029688009950099
Waypoints: [[1.0, 1.0, 1.0], [7.244355243304841, 4.686769508950413, 5.732290508395203], [25.428707168258946, 19.405189246924685, 11.09112041789754], [29.0, 29.0, 14.0]]
Velocity: [[0.0, 0.0, 0.0], [6.244355243304841, 3.6867695089504133, 4.732290508395203], [18.184351924954104, 14.718419737974273, 5.3588299095023375], [3.5712928317410544, 9.594810753075315, 2.9088795821024593]]
Attitude: [[0.0, 0.0, 0.0], [0.7653529368027897, 1.1309818444795048, 0.9925991767107255], [0.711063159362253, 0.9106188352341476, 1.3456173929962592], [1.228608075856676, 0.4475659367165343, 1.29396325921033]]
Save Location: maps/map2467/test.txt
