Path: 672
Path Score: 4.202139150312166
Waypoints: [[1.0, 1.0, 1.0], [7.279071891786115, 11.99037003440958, 7.619831722996372], [24.417165918970664, 21.028566972505814, 13.862338142170172], [29.0, 29.0, 14.0]]
Velocity: [[0.0, 0.0, 0.0], [6.279071891786115, 10.99037003440958, 6.619831722996372], [17.13809402718455, 9.038196938096235, 6.2425064191738], [4.582834081029336, 7.971433027494186, 0.1376618578298281]]
Attitude: [[0.0, 0.0, 0.0], [1.115662030937802, 0.6928797362779866, 1.088924427386206], [0.5699776350738882, 1.1107343660275983, 1.2591094737302173], [1.0490962265383572, 0.5219593966089846, 1.5558258939074248]]
Save Location: maps/map1548/test.txt
