Path: 840
Path Score: 4.184708032698368
Waypoints: [[1.0, 1.0, 1.0], [4.844954787942095, 14.493280729732227, 5.905721797057641], [21.78645601699983, 26.938246068819566, 10.468055210066508], [29.0, 29.0, 14.0]]
Velocity: [[0.0, 0.0, 0.0], [3.844954787942095, 13.493280729732227, 4.905721797057641], [16.941501229057735, 12.44496533908734, 4.562333413008867], [7.2135439830001715, 2.0617539311804336, 3.531944789933492]]
Attitude: [[0.0, 0.0, 0.0], [1.3091332202726853, 0.43273101466224884, 1.2344339666278068], [0.6639114941790565, 0.9538465098108642, 1.3570762001645114], [0.5157591343381982, 1.3195229300441227, 1.1308007241554319]]
Save Location: maps/map1689/test.txt
