Path: 2268
Path Score: 4.102885912318442
Waypoints: [[1.0, 1.0, 1.0], [5.7591996310330025, 10.496060591014656, 1.1961851557501069], [20.610598369444524, 19.278006681353382, 8.827928443474919], [29.0, 29.0, 14.0]]
Velocity: [[0.0, 0.0, 0.0], [4.7591996310330025, 9.496060591014656, 0.19618515575010687], [14.851398738411522, 8.781946090338726, 7.631743287724812], [8.389401630555476, 9.721993318646618, 5.172071556525081]]
Attitude: [[0.0, 0.0, 0.0], [1.1062936554501903, 0.46492826404694765, 1.5523285842779897], [0.6645411899002918, 1.0866105351894166, 1.1543410119662965], [0.919766086046802, 0.7922213235648208, 1.1879058042443305]]
Save Location: maps/map2233/test.txt
