Path: 1209
Path Score: 4.224842481610468
Waypoints: [[1.0, 1.0, 1.0], [10.98841998167141, 13.67984788740044, 4.669955467169109], [24.80078989068509, 16.52228778449424, 8.560347909072977], [29.0, 29.0, 14.0]]
Velocity: [[0.0, 0.0, 0.0], [9.98841998167141, 12.67984788740044, 3.6699554671691086], [13.812369909013679, 2.842439897093799, 3.8903924419038685], [4.199210109314912, 12.477712215505761, 5.439652090927023]]
Attitude: [[0.0, 0.0, 0.0], [0.9230317793050691, 0.698207449561829, 1.3472349331065676], [0.3356312219104888, 1.3752454669975767, 1.301613141299448], [1.2715632840353657, 0.5034073100322944, 1.1789804677621314]]
Save Location: maps/map1379/test.txt
