# Note +ve X is north
# Note +ve Y is West
# x, y, height
# waypoints
G: (11.0,-17.0,15)
G: (14.155014359638542,-16.40754037260009,15)
G: (16.514517588420887,-14.275273441961277,15)
G: (19.477423869600393,-13.679500269567498,15)
G: (22.98612564105415,-14.69009776028506,15)
G: (25.949097701808913,-16.879139238902646,15)
G: (29.0,-17.0,15)


# wall segments
# x1, y1, x2, y2, z
W: (40.0,-14.6,26.0,-12.6,3)
W: (26.0,-12.6,16.0,-8.600000000000001,3)
W: (16.0,-8.600000000000001,2.0,-14.6,3)
W: (2.0,-14.6,0.0,-14.6,3)
W: (0.0,-7.399999999999999,12.0,-1.3999999999999986,3)
W: (12.0,-1.3999999999999986,28.0,-3.3999999999999986,3)
W: (28.0,-3.3999999999999986,40.0,-7.399999999999999,3)


# environment settings
R: (0)
D: (1)
