Path: 212
Path Score: 4.469848453987504
Waypoints: [[1.0, 1.0, 1.0], [0.1034748464100077, 6.396090427855569, 9.25430405624771], [6.596290149546203, 22.34738075894622, 14.267155835962525], [29.0, 29.0, 14.0]]
Velocity: [[0.0, 0.0, 0.0], [-0.8965251535899923, 5.396090427855569, 8.25430405624771], [6.4928153031361955, 15.95129033109065, 5.012851779714815], [22.403709850453797, 6.652619241053781, -0.2671558359625248]]
Attitude: [[0.0, 0.0, 0.0], [1.6614577493511176, 0.9944855483118206, 0.5852456997051783], [1.2004022530293266, 0.47497322659089786, 1.2875511961314374], [0.2888695544722783, 1.2821661018601413, 1.582227121859774]]
Save Location: maps/map175/test.txt
