Path: 2
Path Score: 4.110461735331468
Waypoints: [[1.0, 1.0, 1.0], [8.883832853990807, 7.619820070167713, 5.821889119101872], [17.495244973045097, 26.03561227858441, 12.515738341607829], [29.0, 29.0, 14.0]]
Velocity: [[0.0, 0.0, 0.0], [7.883832853990807, 6.619820070167713, 4.821889119101872], [8.61141211905429, 18.415792208416697, 6.693849222505957], [11.504755026954903, 2.9643877214155907, 1.484261658392171]]
Attitude: [[0.0, 0.0, 0.0], [0.8044304960935175, 0.9492050844908356, 1.1327513067607105], [1.1567264848426295, 0.5347139706556278, 1.2527125518141835], [0.2805594303655102, 1.3206025270465491, 1.4465080099651364]]
Save Location: maps/map2197/test.txt
