Path: 1036
Path Score: 4.098941937635063
Waypoints: [[1.0, 1.0, 1.0], [5.124139793286082, 11.529276214212281, 3.1169525438428494], [16.562231948918217, 23.36225528971405, 10.468909590942717], [29.0, 29.0, 14.0]]
Velocity: [[0.0, 0.0, 0.0], [4.124139793286082, 10.529276214212281, 2.1169525438428494], [11.438092155632136, 11.832979075501768, 7.351957047099868], [12.437768051081783, 5.637744710285951, 3.531090409057283]]
Attitude: [[0.0, 0.0, 0.0], [1.2041596665548568, 0.4147337109116922, 1.3857324418142094], [0.8833466005311573, 0.8546587604838595, 1.150670250723011], [0.4911333101171544, 1.159608420333512, 1.31776151037235]]
Save Location: maps/map2255/test.txt
