Path: 1791
Path Score: 4.199772639987588
Waypoints: [[1.0, 1.0, 1.0], [5.8300877579373775, 12.986927175779844, 2.2883830638241456], [14.201298455250685, 22.98387750158817, 5.257885864403107], [29.0, 29.0, 14.0]]
Velocity: [[0.0, 0.0, 0.0], [4.8300877579373775, 11.986927175779844, 1.2883830638241456], [8.371210697313307, 9.996950325808328, 2.9695028005789617], [14.798701544749315, 6.0161224984118284, 8.742114135596893]]
Attitude: [[0.0, 0.0, 0.0], [1.1897394258126446, 0.3951048953544142, 1.471431398260883], [0.8944039321777824, 0.7264251621423339, 1.3468758021506668], [0.622111751572226, 1.2341041498642775, 1.070072352441417]]
Save Location: maps/map1563/test.txt
