Path: 1402
Path Score: 4.460997847561757
Waypoints: [[1.0, 1.0, 1.0], [2.1166871798879825, 7.959406805005861, 2.641112218552253], [7.2422472543241465, 15.760615466297706, 13.658007264698963], [29.0, 29.0, 14.0]]
Velocity: [[0.0, 0.0, 0.0], [1.1166871798879825, 6.959406805005861, 1.6411122185522529], [5.125560074436164, 7.801208661291845, 11.01689504614671], [21.75775274567585, 13.239384533702294, 0.34199273530103724]]
Attitude: [[0.0, 0.0, 0.0], [1.4158739947349994, 0.27784815422419984, 1.3420381855188857], [1.2079192825568315, 1.0000447167182203, 0.7029108497286588], [0.5467872106274848, 1.0242120818809008, 1.5573694452781284]]
Save Location: maps/map192/test.txt
