Path: 2406
Path Score: 4.264290621073503
Waypoints: [[1.0, 1.0, 1.0], [12.422424952449036, 7.364456284222653, 4.120550879483655], [14.43692874246404, 21.36894668574859, 11.322509376936443], [29.0, 29.0, 14.0]]
Velocity: [[0.0, 0.0, 0.0], [11.422424952449036, 6.364456284222653, 3.1205508794836554], [2.014503790015004, 14.004490401525937, 7.201958497452788], [14.56307125753596, 7.63105331425141, 2.677490623063557]]
Attitude: [[0.0, 0.0, 0.0], [0.5554007765856399, 1.0776065097557235, 1.3365284239372268], [1.4435646622437688, 0.4904762023857173, 1.0999577489411516], [0.5069175043207065, 1.0949344880442036, 1.4093618733327953]]
Save Location: maps/map1096/test.txt
