Path: 2416
Path Score: 4.1324002173959125
Waypoints: [[1.0, 1.0, 1.0], [12.422424952449036, 7.364456284222653, 4.120550879483655], [20.225861212634335, 15.04532595668622, 11.643310714362196], [29.0, 29.0, 14.0]]
Velocity: [[0.0, 0.0, 0.0], [11.422424952449036, 6.364456284222653, 3.1205508794836554], [7.803436260185299, 7.680869672463567, 7.52275983487854], [8.774138787365665, 13.95467404331378, 2.3566892856378043]]
Attitude: [[0.0, 0.0, 0.0], [0.5554007765856399, 1.0776065097557235, 1.3365284239372268], [0.9429495531695616, 0.9543033168642987, 0.968816224422126], [1.0158144950798451, 0.5771097040965634, 1.4287893660504631]]
Save Location: maps/map2059/test.txt
