Path: 1328
Path Score: 4.4595232651728205
Waypoints: [[1.0, 1.0, 1.0], [3.4670120800623283, 8.98615020457587, 12.766320645476934], [20.225861212634335, 15.04532595668622, 11.643310714362196], [29.0, 29.0, 14.0]]
Velocity: [[0.0, 0.0, 0.0], [2.4670120800623283, 7.986150204575869, 11.766320645476934], [16.758849132572006, 6.059175752110351, -1.1230099311147388], [8.774138787365665, 13.95467404331378, 2.3566892856378043]]
Attitude: [[0.0, 0.0, 0.0], [1.399024108228292, 0.9844440153430374, 0.6176559127637982], [0.35236260310287987, 1.224584202170597, 1.6337307352257586], [1.0158144950798451, 0.5771097040965634, 1.4287893660504631]]
Save Location: maps/map196/test.txt
