Path: 1760
Path Score: 4.139074673445091
Waypoints: [[1.0, 1.0, 1.0], [10.805725952785512, 11.283487147150078, 0.7484718343695662], [20.610598369444524, 19.278006681353382, 8.827928443474919], [29.0, 29.0, 14.0]]
Velocity: [[0.0, 0.0, 0.0], [9.805725952785512, 10.283487147150078, -0.2515281656304338], [9.804872416659013, 7.994519534203304, 8.079456609105353], [8.389401630555476, 9.721993318646618, 5.172071556525081]]
Attitude: [[0.0, 0.0, 0.0], [0.8093250089126587, 0.7617849255869302, 1.5884962164824006], [0.859012020141688, 1.0091469812749525, 1.0024474024366399], [0.919766086046802, 0.7922213235648208, 1.1879058042443305]]
Save Location: maps/map2007/test.txt
