# Note +ve X is north
# Note +ve Y is West
# x, y, height
# waypoints
G: (4.0,-2.0,10)
G: (15.707355243626175,-9.028392202998234,10)
G: (29.793808789671505,-8.217226514952884,10)
G: (41.94860157786104,-7.520524405531184,10)
G: (55.315872481227,-5.8420020590492925,10)
G: (70.51810485484262,-10.442993075360448,10)
G: (84.90064947944596,-6.579651804792164,10)
G: (96.0,-2.0,10)


# wall segments
# x1, y1, x2, y2, z
W: (96.0,-9.200000000000003,64.0,-17.200000000000003,30)
W: (64.0,-17.200000000000003,4.0,-13.200000000000003,30)
W: (4.0,-13.200000000000003,0.0,-9.200000000000003,30)
W: (0.0,5.200000000000003,28.8,-2.0,30)
W: (28.8,-2.0,84.8,2.0,30)
W: (84.8,2.0,96.0,5.200000000000003,30)


# environment settings
R: (0)
D: (1)
