Path: 2310
Path Score: 4.277267636798849
Waypoints: [[1.0, 1.0, 1.0], [4.608820246079843, 7.120273707001329, 9.286680001717013], [18.441097262136424, 17.537267266708554, 6.281086639361177], [29.0, 29.0, 14.0]]
Velocity: [[0.0, 0.0, 0.0], [3.6088202460798433, 6.120273707001329, 8.286680001717013], [13.83227701605658, 10.416993559707226, -3.005593362355836], [10.558902737863576, 11.462732733291446, 7.718913360638823]]
Attitude: [[0.0, 0.0, 0.0], [1.233845257898589, 0.9755770124671417, 0.7087760394342274], [0.66479289954299, 0.9363671105885498, 1.7426567446231827], [0.9183550643402842, 0.8511782172620342, 1.1109269665548651]]
Save Location: maps/map1013/test.txt
