Path: 326
Path Score: 4.09695095707337
Waypoints: [[1.0, 1.0, 1.0], [11.62421921707525, 9.637940007438962, 4.108292062461251], [25.89146789512382, 17.947079052650324, 10.291630941969098], [29.0, 29.0, 14.0]]
Velocity: [[0.0, 0.0, 0.0], [10.62421921707525, 8.637940007438962, 3.108292062461251], [14.26724867804857, 8.309139045211362, 6.183338879507847], [3.108532104876179, 11.052920947349676, 3.708369058030902]]
Attitude: [[0.0, 0.0, 0.0], [0.7126112608988734, 0.9081638967287853, 1.3475745118170808], [0.627934191988424, 1.0800355770903227, 1.2124555036536269], [1.3102246373088302, 0.4126571490004325, 1.2583924394013435]]
Save Location: maps/map2263/test.txt
