Path: 904
Path Score: 4.138408805042088
Waypoints: [[1.0, 1.0, 1.0], [13.622214221490246, 10.560085107867, 6.307093757900562], [21.78645601699983, 26.938246068819566, 10.468055210066508], [29.0, 29.0, 14.0]]
Velocity: [[0.0, 0.0, 0.0], [12.622214221490246, 9.560085107867, 5.307093757900562], [8.164241795509582, 16.378160960952567, 4.160961452165946], [7.2135439830001715, 2.0617539311804336, 3.531944789933492]]
Attitude: [[0.0, 0.0, 0.0], [0.7138698155414545, 0.9612815674177257, 1.2473929819737224], [1.120731177346852, 0.5101005702928222, 1.3472254379642865], [0.5157591343381982, 1.3195229300441227, 1.1308007241554319]]
Save Location: maps/map2012/test.txt
