Path: 2295
Path Score: 4.352093258357133
Waypoints: [[1.0, 1.0, 1.0], [4.608820246079843, 7.120273707001329, 9.286680001717013], [6.938039822185598, 21.090386253324894, 12.519590149875834], [29.0, 29.0, 14.0]]
Velocity: [[0.0, 0.0, 0.0], [3.6088202460798433, 6.120273707001329, 8.286680001717013], [2.3292195761057544, 13.970112546323566, 3.2329101481588207], [22.061960177814402, 7.909613746675106, 1.4804098501241665]]
Attitude: [[0.0, 0.0, 0.0], [1.233845257898589, 0.9755770124671417, 0.7087760394342274], [1.4097667933957467, 0.2778450215155115, 1.3463761830446699], [0.3497487223204723, 1.2272661765835426, 1.5077145816114603]]
Save Location: maps/map571/test.txt
