Path: 1731
Path Score: 4.199614426464405
Waypoints: [[1.0, 1.0, 1.0], [10.805725952785512, 11.283487147150078, 0.7484718343695662], [24.80078989068509, 16.52228778449424, 8.560347909072977], [29.0, 29.0, 14.0]]
Velocity: [[0.0, 0.0, 0.0], [9.805725952785512, 10.283487147150078, -0.2515281656304338], [13.995063937899577, 5.238800637344161, 7.811876074703411], [4.199210109314912, 12.477712215505761, 5.439652090927023]]
Attitude: [[0.0, 0.0, 0.0], [0.8093250089126587, 0.7617849255869302, 1.5884962164824006], [0.591744386641871, 1.25488382838775, 1.0891050773904847], [1.2715632840353657, 0.5034073100322944, 1.1789804677621314]]
Save Location: maps/map1565/test.txt
