Path: 599
Path Score: 4.4813454921728955
Waypoints: [[1.0, 1.0, 1.0], [1.9869655009534015, 2.3470905443897805, 9.726710653669548], [7.279071891786115, 11.99037003440958, 7.619831722996372], [29.0, 29.0, 14.0]]
Velocity: [[0.0, 0.0, 0.0], [0.9869655009534015, 1.3470905443897805, 8.726710653669548], [5.292106390832714, 9.643279490019799, -2.106878930673176], [21.720928108213883, 17.00962996559042, 6.380168277003628]]
Attitude: [[0.0, 0.0, 0.0], [1.4594850995761104, 1.4185963426785977, 0.18907565762625306], [1.0786563859872114, 0.5335374360742096, 1.7600394286514915], [0.6965306287146221, 0.9264280075600023, 1.343529922060246]]
Save Location: maps/map149/test.txt
