Path: 1557
Path Score: 4.061088025083715
Waypoints: [[1.0, 1.0, 1.0], [5.1328300726842055, 6.167067988359742, 4.338023583503114], [13.622214221490246, 10.560085107867, 6.307093757900562], [29.0, 29.0, 14.0]]
Velocity: [[0.0, 0.0, 0.0], [4.1328300726842055, 5.167067988359742, 3.338023583503114], [8.48938414880604, 4.393017119507258, 1.969070174397448], [15.377785778509754, 18.439914892133, 7.692906242099438]]
Attitude: [[0.0, 0.0, 0.0], [0.9792202736645594, 0.799275207152919, 1.1035589735254734], [0.5158590484512302, 1.1038822186327182, 1.3676399155376329], [0.914838330820967, 0.7504678954034324, 1.2607334357451414]]
Save Location: maps/map2392/test.txt
