Path: 1
Path Score: 3.124892501670796
Waypoints: [[1.0, 1.0, 1.0], [11.62421921707525, 9.637940007438962, 4.108292062461251], [29.0, 29.0, 14.0]]
Velocity: [[0.0, 0.0, 0.0], [10.62421921707525, 8.637940007438962, 3.108292062461251], [17.37578078292475, 19.362059992561036, 9.891707937538749]]
Attitude: [[0.0, 0.0, 0.0], [0.7126112608988734, 0.9081638967287853, 1.3475745118170808], [0.8965659978428239, 0.8014560323534023, 1.207454132976777]]
Save Location: maps/map11/test.txt
