Path: 2494
Path Score: 4.2288269188353755
Waypoints: [[1.0, 1.0, 1.0], [12.386106231445222, 1.1077460717588705, 7.4490524792482224], [20.610598369444524, 19.278006681353382, 8.827928443474919], [29.0, 29.0, 14.0]]
Velocity: [[0.0, 0.0, 0.0], [11.386106231445222, 0.10774607175887052, 6.4490524792482224], [8.224492137999302, 18.17026060959451, 1.3788759642266966], [8.389401630555476, 9.721993318646618, 5.172071556525081]]
Attitude: [[0.0, 0.0, 0.0], [0.5154044449224107, 1.562562589250552, 1.0554709245652716], [1.1468310323645474, 0.43027348332629917, 1.5017720312236076], [0.919766086046802, 0.7922213235648208, 1.1879058042443305]]
Save Location: maps/map1347/test.txt
