Path: 581
Path Score: 4.518909559653398
Waypoints: [[1.0, 1.0, 1.0], [8.077819295469498, 4.630177089274074, 13.001091877302175], [8.698977053221993, 19.48629808039675, 13.371846165404145], [29.0, 29.0, 14.0]]
Velocity: [[0.0, 0.0, 0.0], [7.077819295469498, 3.630177089274074, 12.001091877302175], [0.6211577577524956, 14.856120991122676, 0.37075428810197053], [20.301022946778005, 9.51370191960325, 0.6281538345958548]]
Attitude: [[0.0, 0.0, 0.0], [1.0568857360289043, 1.315913356872022, 0.5853298029477871], [1.5290220870860176, 0.04865475244388576, 1.5458669462343457], [0.4390758398022054, 1.132740622989748, 1.5427856888103315]]
Save Location: maps/map84/test.txt
