Path: 1159
Path Score: 4.077965782296607
Waypoints: [[1.0, 1.0, 1.0], [7.244355243304841, 4.686769508950413, 5.732290508395203], [15.684579521262053, 24.294407344774495, 11.460625578176513], [29.0, 29.0, 14.0]]
Velocity: [[0.0, 0.0, 0.0], [6.244355243304841, 3.6867695089504133, 4.732290508395203], [8.440224277957213, 19.607637835824082, 5.72833506978131], [13.315420478737947, 4.705592655225505, 2.539374421823487]]
Attitude: [[0.0, 0.0, 0.0], [0.7653529368027897, 1.1309818444795048, 0.9925991767107255], [1.1789761876725844, 0.47970304931878305, 1.3086294724245355], [0.38185806857320004, 1.2366735425670707, 1.3928860386768187]]
Save Location: maps/map2339/test.txt
