Path: 1470
Path Score: 4.326302584028898
Waypoints: [[1.0, 1.0, 1.0], [1.5831056317866898, 11.289807463775418, 6.886569014408189], [20.225861212634335, 15.04532595668622, 11.643310714362196], [29.0, 29.0, 14.0]]
Velocity: [[0.0, 0.0, 0.0], [0.5831056317866898, 10.289807463775418, 5.886569014408189], [18.642755580847645, 3.7555184929108023, 4.756741699954007], [8.774138787365665, 13.95467404331378, 2.3566892856378043]]
Attitude: [[0.0, 0.0, 0.0], [1.5216478577442305, 0.5217422173051365, 1.0518517055369716], [0.3143131414446053, 1.3780272041545607, 1.3256975933513089], [1.0158144950798451, 0.5771097040965634, 1.4287893660504631]]
Save Location: maps/map703/test.txt
