Path: 1229
Path Score: 4.167720873766633
Waypoints: [[1.0, 1.0, 1.0], [10.98841998167141, 13.67984788740044, 4.669955467169109], [21.595430679697905, 24.032909211980147, 6.078853224688489], [29.0, 29.0, 14.0]]
Velocity: [[0.0, 0.0, 0.0], [9.98841998167141, 12.67984788740044, 3.6699554671691086], [10.607010698026496, 10.353061324579707, 1.4088977575193802], [7.404569320302095, 4.967090788019853, 7.921146775311511]]
Attitude: [[0.0, 0.0, 0.0], [0.9230317793050691, 0.698207449561829, 1.3472349331065676], [0.7778694345773279, 0.8018839293854435, 1.4760271867976507], [0.9009774146927041, 1.1412360805544841, 0.8444306588818015]]
Save Location: maps/map1818/test.txt
