Path: 1137
Path Score: 4.020106521137567
Waypoints: [[1.0, 1.0, 1.0], [7.244355243304841, 4.686769508950413, 5.732290508395203], [18.987168424161545, 21.350324413129044, 10.434584031210562], [29.0, 29.0, 14.0]]
Velocity: [[0.0, 0.0, 0.0], [6.244355243304841, 3.6867695089504133, 4.732290508395203], [11.742813180856704, 16.663554904178632, 4.702293522815359], [10.012831575838455, 7.649675586870956, 3.565415968789438]]
Attitude: [[0.0, 0.0, 0.0], [0.7653529368027897, 1.1309818444795048, 0.9925991767107255], [0.9748419653086728, 0.6493001978937403, 1.3440928467980058], [0.7003550436294252, 0.9469578898565721, 1.2950479413160163]]
Save Location: maps/map2480/test.txt
