Path: 749
Path Score: 4.370913701524997
Waypoints: [[1.0, 1.0, 1.0], [12.697608925444278, 6.8811022717284045, 6.207161753256], [11.40378861351021, 23.288761880938765, 11.804403224732908], [29.0, 29.0, 14.0]]
Velocity: [[0.0, 0.0, 0.0], [11.697608925444278, 5.8811022717284045, 5.207161753256], [-1.293820311934068, 16.40765960921036, 5.5972414714769085], [17.59621138648979, 5.711238119061235, 2.1955967752670915]]
Attitude: [[0.0, 0.0, 0.0], [0.5913478455125089, 1.1402281118229445, 1.1922640516212777], [1.6452897872090515, 0.336791557611859, 1.242985928644014], [0.33465120952432154, 1.2592127196021017, 1.4526670982553629]]
Save Location: maps/map464/test.txt
