Path: 360
Path Score: 4.135714682719867
Waypoints: [[1.0, 1.0, 1.0], [11.62421921707525, 9.637940007438962, 4.108292062461251], [20.24894541404868, 13.704934531749169, 10.28792228211892], [29.0, 29.0, 14.0]]
Velocity: [[0.0, 0.0, 0.0], [10.62421921707525, 8.637940007438962, 3.108292062461251], [8.62472619697343, 4.066994524310207, 6.179630219657669], [8.75105458595132, 15.295065468250831, 3.7120777178810798]]
Attitude: [[0.0, 0.0, 0.0], [0.7126112608988734, 0.9081638967287853, 1.3475745118170808], [0.7089759769622466, 1.2047563789129283, 0.9957835879212587], [1.0633520659267364, 0.5560751825583984, 1.3631766434720947]]
Save Location: maps/map2030/test.txt
