Path: 126
Path Score: 4.316754443607255
Waypoints: [[1.0, 1.0, 1.0], [6.844542921659472, 12.575654287568902, 0.7512941296865822], [20.24894541404868, 13.704934531749169, 10.28792228211892], [29.0, 29.0, 14.0]]
Velocity: [[0.0, 0.0, 0.0], [5.844542921659472, 11.575654287568902, -0.24870587031341784], [13.40440249238921, 1.1292802441802667, 9.536628152432337], [8.75105458595132, 15.295065468250831, 3.7120777178810798]]
Attitude: [[0.0, 0.0, 0.0], [1.103329579532339, 0.4679236243581791, 1.5899732357353402], [0.6216650126954018, 1.5022574856321895, 0.954093205017755], [1.0633520659267364, 0.5560751825583984, 1.3631766434720947]]
Save Location: maps/map749/test.txt
