Path: 1807
Path Score: 4.394847214965132
Waypoints: [[1.0, 1.0, 1.0], [5.8300877579373775, 12.986927175779844, 2.2883830638241456], [10.367468260299423, 27.216463727164182, 9.296135061442213], [29.0, 29.0, 14.0]]
Velocity: [[0.0, 0.0, 0.0], [4.8300877579373775, 11.986927175779844, 1.2883830638241456], [4.537380502362046, 14.229536551384339, 7.007751997618067], [18.632531739700575, 1.7835362728358177, 4.703864938557787]]
Attitude: [[0.0, 0.0, 0.0], [1.1897394258126446, 0.3951048953544142, 1.471431398260883], [1.2921753408197214, 0.5305810369191073, 1.1320886474592686], [0.26370469337935265, 1.4782516615946064, 1.3245891179026303]]
Save Location: maps/map375/test.txt
