Path: 1935
Path Score: 4.148869239922915
Waypoints: [[1.0, 1.0, 1.0], [7.908661902969909, 13.249370598681029, 5.122888052721978], [16.060622627406442, 22.284008548073043, 8.655570821620126], [29.0, 29.0, 14.0]]
Velocity: [[0.0, 0.0, 0.0], [6.908661902969909, 12.249370598681029, 4.122888052721978], [8.151960724436533, 9.034637949392014, 3.532682768898148], [12.939377372593558, 6.715991451926957, 5.344429178379874]]
Attitude: [[0.0, 0.0, 0.0], [1.0799032623057099, 0.5811391675180452, 1.2856207472042467], [0.8719351776440724, 0.7770196306131277, 1.28825563237705], [0.5856835745155158, 1.123499545747589, 1.2194127759243851]]
Save Location: maps/map1949/test.txt
