Path: 1647
Path Score: 4.047427833261094
Waypoints: [[1.0, 1.0, 1.0], [10.36013664890983, 5.847929453477029, 2.4421408215587084], [22.31107341157168, 20.857103800923483, 7.836819148340205], [29.0, 29.0, 14.0]]
Velocity: [[0.0, 0.0, 0.0], [9.36013664890983, 4.847929453477029, 1.4421408215587084], [11.95093676266185, 15.009174347446454, 5.394678326781497], [6.68892658842832, 8.142896199076517, 6.163180851659795]]
Attitude: [[0.0, 0.0, 0.0], [0.49541529610661705, 1.0976792558885609, 1.4348290922750935], [0.9277361272164928, 0.7180401514364986, 1.296694886832107], [0.9909241630968201, 0.8405978425021317, 1.041586930795209]]
Save Location: maps/map2431/test.txt
