Path: 1011
Path Score: 4.207079693421695
Waypoints: [[1.0, 1.0, 1.0], [5.124139793286082, 11.529276214212281, 3.1169525438428494], [16.702169176436314, 28.43696480624766, 9.763844081040961], [29.0, 29.0, 14.0]]
Velocity: [[0.0, 0.0, 0.0], [4.124139793286082, 10.529276214212281, 2.1169525438428494], [11.578029383150232, 16.907688592035377, 6.646891537198112], [12.297830823563686, 0.5630351937523415, 4.236155918959039]]
Attitude: [[0.0, 0.0, 0.0], [1.2041596665548568, 0.4147337109116922, 1.3857324418142094], [1.0034007791378852, 0.668368771617463, 1.2571382185473157], [0.3344395960989817, 1.5275361923898203, 1.2393843932691453]]
Save Location: maps/map1490/test.txt
