# waypoints
G: (11.0,-17.0,15)
G: (13.765839434690912,-18.89642762019717,15)
G: (16.388973791353017,-20.965721844263943,15)
G: (20.148656527377646,-21.561596651706353,15)
G: (23.462253463705398,-20.93265079278366,15)
G: (26.59576075836003,-19.658420306024464,15)
G: (29.0,-17.0,15)


# wall segments
W: (30.0,-18.8,28.0,-21.8,3)
W: (28.0,-21.8,22.0,-23.8,3)
W: (22.0,-23.8,14.0,-21.8,3)
W: (14.0,-21.8,10.0,-18.8,3)
W: (10.0,-15.2,16.0,-18.2,3)
W: (16.0,-18.2,20.0,-20.2,3)
W: (20.0,-20.2,30.0,-15.2,3)


# environment settings
R: (0)
D: (1)
