Path: 149
Path Score: 4.491322530147492
Waypoints: [[1.0, 1.0, 1.0], [0.8689948832512862, 4.64282219210965, 7.776103442790986], [4.285738701136791, 19.585317816941107, 12.839338817743226], [29.0, 29.0, 14.0]]
Velocity: [[0.0, 0.0, 0.0], [-0.13100511674871385, 3.6428221921096497, 6.776103442790986], [3.4167438178855045, 14.942495624831457, 5.06323537495224], [24.71426129886321, 9.414682183058893, 1.1606611822567743]]
Attitude: [[0.0, 0.0, 0.0], [1.5878233126910848, 1.077602275761293, 0.4935415452562085], [1.3575252590808504, 0.3880545337856366, 1.2517578990262808], [0.3664853104185652, 1.207193369817229, 1.5269377590332232]]
Save Location: maps/map129/test.txt
