Path: 1853
Path Score: 4.190822674915516
Waypoints: [[1.0, 1.0, 1.0], [5.142904841761517, 4.732071187514425, 9.090826078056057], [18.278593753428844, 13.542675969678093, 13.490985374955708], [29.0, 29.0, 14.0]]
Velocity: [[0.0, 0.0, 0.0], [4.142904841761517, 3.732071187514425, 8.090826078056057], [13.135688911667327, 8.810604782163669, 4.40015929689965], [10.721406246571156, 15.457324030321907, 0.5090146250442924]]
Attitude: [[0.0, 0.0, 0.0], [1.1355654236864037, 1.1812058528805445, 0.6034260736599171], [0.6433300687686314, 1.0043234976974442, 1.2994629013327932], [0.964623337542555, 0.6069540453552669, 1.5437444202820336]]
Save Location: maps/map1640/test.txt
