Path: 1258
Path Score: 4.2203908921245326
Waypoints: [[1.0, 1.0, 1.0], [11.681123338592288, 14.089788280863255, 4.111381059339743], [26.70124871286478, 19.147010920760337, 12.70089468843873], [29.0, 29.0, 14.0]]
Velocity: [[0.0, 0.0, 0.0], [10.681123338592288, 13.089788280863255, 3.1113810593397426], [15.02012537427249, 5.057222639897082, 8.589513629098988], [2.2987512871352216, 9.852989079239663, 1.29910531156127]]
Attitude: [[0.0, 0.0, 0.0], [0.8998039769895753, 0.7044384319041941, 1.3886732407031834], [0.5858929262142142, 1.2864378401308831, 1.074138032673715], [1.3434906352786418, 0.26183169500923487, 1.4430944105763563]]
Save Location: maps/map1407/test.txt
