Path: 1899
Path Score: 4.033197535462211
Waypoints: [[1.0, 1.0, 1.0], [8.469661386104097, 5.59096684474812, 2.5279558793890997], [24.29282605726432, 17.273783965333514, 9.528106741585457], [29.0, 29.0, 14.0]]
Velocity: [[0.0, 0.0, 0.0], [7.469661386104097, 4.59096684474812, 1.5279558793890997], [15.823164671160225, 11.682817120585394, 7.0001508621963575], [4.707173942735679, 11.726216034666486, 4.471893258414543]]
Attitude: [[0.0, 0.0, 0.0], [0.5747996990566772, 1.0288000156137393, 1.3982583619310816], [0.7106908873268328, 0.9769011251958971, 1.2288735742251151], [1.2119605623526288, 0.5056733733733509, 1.2306436859371142]]
Save Location: maps/map2457/test.txt
