Path: 799
Path Score: 4.193875486957825
Waypoints: [[1.0, 1.0, 1.0], [4.844954787942095, 14.493280729732227, 5.905721797057641], [14.43692874246404, 21.36894668574859, 11.322509376936443], [29.0, 29.0, 14.0]]
Velocity: [[0.0, 0.0, 0.0], [3.844954787942095, 13.493280729732227, 4.905721797057641], [9.591973954521945, 6.875665956016363, 5.416787579878802], [14.56307125753596, 7.63105331425141, 2.677490623063557]]
Attitude: [[0.0, 0.0, 0.0], [1.3091332202726853, 0.43273101466224884, 1.2344339666278068], [0.7397012522490087, 1.0127978443037104, 1.1404975914833384], [0.5069175043207065, 1.0949344880442036, 1.4093618733327953]]
Save Location: maps/map1619/test.txt
