Path: 33
Path Score: 4.018181130247179
Waypoints: [[1.0, 1.0, 1.0], [8.883832853990807, 7.619820070167713, 5.821889119101872], [21.391366360934747, 19.016584990160858, 9.132275513596717], [29.0, 29.0, 14.0]]
Velocity: [[0.0, 0.0, 0.0], [7.883832853990807, 6.619820070167713, 4.821889119101872], [12.50753350694394, 11.396764919993146, 3.310386394494845], [7.608633639065253, 9.983415009839142, 4.867724486403283]]
Attitude: [[0.0, 0.0, 0.0], [0.8044304960935175, 0.9492050844908356, 1.1327513067607105], [0.7591594797539327, 0.8486561005778935, 1.3776001827196864], [0.9701837951063373, 0.7354334851728955, 1.20085483013767]]
Save Location: maps/map2484/test.txt
