# waypoints
G: (11.0,-17.0,15)
G: (14.313750958489685,-18.54242456590942,15)
G: (17.39906918919293,-18.54417717437354,15)
G: (20.11114276001297,-19.903481516453418,15)
G: (23.246474131367023,-19.79740622497755,15)
G: (26.183901235925553,-19.177553133579572,15)
G: (29.0,-17.0,15)


# wall segments
W: (30.0,-18.8,26.0,-20.8,3)
W: (26.0,-20.8,14.0,-20.8,3)
W: (14.0,-20.8,10.0,-18.8,3)
W: (10.0,-15.2,18.0,-17.2,3)
W: (18.0,-17.2,24.0,-17.2,3)
W: (24.0,-17.2,30.0,-15.2,3)


# environment settings
R: (0)
D: (1)
