# Note +ve X is north
# Note +ve Y is West
# x, y, height
# waypoints
G: (11.0,-17.0,15)
G: (14.77162236071025,-18.041508200611734,15)
G: (18.60371740939217,-18.72257532704903,15)
G: (22.35182742859095,-18.82754545339093,15)
G: (25.65055642216548,-18.968950491277777,15)
G: (29.0,-17.0,15)


# wall segments
# x1, y1, x2, y2, z
W: (40.0,-14.6,28.0,-18.6,3)
W: (28.0,-18.6,0.0,-14.6,3)
W: (0.0,-7.399999999999999,24.0,-11.4,3)
W: (24.0,-11.4,40.0,-7.399999999999999,3)


# environment settings
R: (0)
D: (1)
