Path: 1134
Path Score: 4.1261208025419185
Waypoints: [[1.0, 1.0, 1.0], [7.244355243304841, 4.686769508950413, 5.732290508395203], [13.622214221490246, 10.560085107867, 6.307093757900562], [29.0, 29.0, 14.0]]
Velocity: [[0.0, 0.0, 0.0], [6.244355243304841, 3.6867695089504133, 4.732290508395203], [6.377858978185405, 5.873315598916586, 0.5748032495053588], [15.377785778509754, 18.439914892133, 7.692906242099438]]
Attitude: [[0.0, 0.0, 0.0], [0.7653529368027897, 1.1309818444795048, 0.9925991767107255], [0.7466136321246813, 0.82857339783398, 1.504597020043156], [0.914838330820967, 0.7504678954034324, 1.2607334357451414]]
Save Location: maps/map2098/test.txt
