Path: 2483
Path Score: 4.292489074392604
Waypoints: [[1.0, 1.0, 1.0], [12.386106231445222, 1.1077460717588705, 7.4490524792482224], [22.610660907061256, 12.829583706462888, 7.646387831785042], [29.0, 29.0, 14.0]]
Velocity: [[0.0, 0.0, 0.0], [11.386106231445222, 0.10774607175887052, 6.4490524792482224], [10.224554675616034, 11.721837634704016, 0.19733535253682], [6.389339092938744, 16.170416293537112, 6.353612168214958]]
Attitude: [[0.0, 0.0, 0.0], [0.5154044449224107, 1.562562589250552, 1.0554709245652716], [0.8535873514554153, 0.7173714061781548, 1.5581103161843337], [1.2183916059253201, 0.5083781419888332, 1.2204471921007194]]
Save Location: maps/map915/test.txt
