Path: 771
Path Score: 4.116158691543643
Waypoints: [[1.0, 1.0, 1.0], [12.697608925444278, 6.8811022717284045, 6.207161753256], [24.631670230844907, 23.32534168126198, 7.202000853365213], [29.0, 29.0, 14.0]]
Velocity: [[0.0, 0.0, 0.0], [11.697608925444278, 5.8811022717284045, 5.207161753256], [11.934061305400629, 16.444239409533573, 0.9948391001092132], [4.368329769155093, 5.674658318738022, 6.797999146634787]]
Attitude: [[0.0, 0.0, 0.0], [0.5913478455125089, 1.1402281118229445, 1.1922640516212777], [0.9438785424678755, 0.6294327035941452, 1.5218727736386073], [1.112517585562311, 0.9585535715963122, 0.8114172061667323]]
Save Location: maps/map2163/test.txt
