Path: 0
Path Total Score: 2.4637282399449805
Waypoints: [[0.1, 0.1, 0.1], [6.357127113283515, 6.440076558353475, 0.023109098326044575], [2.577681574193169, 3.9013239699627213, 0.28612173358449733], [9.167083975029996, 8.857030702307249, 0.6453834214823945], [4.747305513567829, 5.676484353567272, 0.7635395790498167], [8.937196920417295, 9.603375043273164, 0.6941044977105248], [3.218815085058988, 4.389781008898966, 0.6110798703919074], [7.182423791983076, 8.886814943629995, 0.23117943097821725], [2.4572456384281027, 3.8385851185776545, 0.37902618700872914], [5.0, 5.0, 2.5]]
Velocity: [[0.0, 0.0, 0.0], [6.257127113283516, 6.340076558353475, -0.07689090167395543], [-3.779445539090346, -2.5387525883907536, 0.26301263525845275], [6.589402400836827, 4.955706732344527, 0.35926168789789714], [-4.419778461462167, -3.180546348739977, 0.11815615756742226], [4.1898914068494655, 3.9268906897058926, -0.06943508133929188], [-5.718381835358306, -5.213594034374198, -0.08302462731861748], [3.9636087069240875, 4.497033934731029, -0.3799004394136901], [-4.725178153554973, -5.04822982505234, 0.1478467560305119], [2.5427543615718973, 1.1614148814223455, 2.120973812991271]]
Attitude: [[0.0, 0.0, 0.0], [0.0, 0.0, 0.0], [0.0, 0.0, 0.0], [0.0, 0.0, 0.0], [0.0, 0.0, 0.0], [0.0, 0.0, 0.0], [0.0, 0.0, 0.0], [0.0, 0.0, 0.0], [0.0, 0.0, 0.0], [0.0, 0.0, 0.0]]
Save Location: maps/map2/test.txt
