Path: 1145
Path Score: 4.1026901783009455
Waypoints: [[1.0, 1.0, 1.0], [7.244355243304841, 4.686769508950413, 5.732290508395203], [19.778926106740936, 25.028774492325528, 13.753258473645548], [29.0, 29.0, 14.0]]
Velocity: [[0.0, 0.0, 0.0], [6.244355243304841, 3.6867695089504133, 4.732290508395203], [12.534570863436095, 20.342004983375116, 8.020967965250346], [9.221073893259064, 3.971225507674472, 0.24674152635445168]]
Attitude: [[0.0, 0.0, 0.0], [0.7653529368027897, 1.1309818444795048, 0.9925991767107255], [1.0502871499213369, 0.6315897442539166, 1.2469238072381126], [0.40736238913210576, 1.1642642704118822, 1.54622508670751]]
Save Location: maps/map2236/test.txt
