Path: 842
Path Score: 4.236131343189946
Waypoints: [[1.0, 1.0, 1.0], [4.844954787942095, 14.493280729732227, 5.905721797057641], [12.613060744395664, 17.548051480031873, 8.080005726347148], [29.0, 29.0, 14.0]]
Velocity: [[0.0, 0.0, 0.0], [3.844954787942095, 13.493280729732227, 4.905721797057641], [7.768105956453569, 3.054770750299646, 2.1742839292895066], [16.386939255604336, 11.451948519968127, 5.919994273652852]]
Attitude: [[0.0, 0.0, 0.0], [1.3091332202726853, 0.43273101466224884, 1.2344339666278068], [0.4497002265341581, 1.2087936723857542, 1.3159769789478877], [0.6665783723714116, 0.989326980912511, 1.28290425102486]]
Save Location: maps/map1291/test.txt
