Path: 1611
Path Score: 4.301927270432191
Waypoints: [[1.0, 1.0, 1.0], [10.36013664890983, 5.847929453477029, 2.4421408215587084], [22.76658572963688, 9.235766945696607, 14.657275630817615], [29.0, 29.0, 14.0]]
Velocity: [[0.0, 0.0, 0.0], [9.36013664890983, 4.847929453477029, 1.4421408215587084], [12.40644908072705, 3.387837492219578, 12.215134809258906], [6.23341427036312, 19.764233054303393, -0.6572756308176153]]
Attitude: [[0.0, 0.0, 0.0], [0.49541529610661705, 1.0976792558885609, 1.4348290922750935], [0.7961536546595174, 1.3786132616832882, 0.8111367164505575], [1.2654404978558256, 0.30710381033439227, 1.6025015139442569]]
Save Location: maps/map853/test.txt
