Path: 1505
Path Score: 4.362160761858457
Waypoints: [[1.0, 1.0, 1.0], [1.5831056317866898, 11.289807463775418, 6.886569014408189], [20.24894541404868, 13.704934531749169, 10.28792228211892], [29.0, 29.0, 14.0]]
Velocity: [[0.0, 0.0, 0.0], [0.5831056317866898, 10.289807463775418, 5.886569014408189], [18.66583978226199, 2.415127067973751, 3.401353267710731], [8.75105458595132, 15.295065468250831, 3.7120777178810798]]
Attitude: [[0.0, 0.0, 0.0], [1.5216478577442305, 0.5217422173051365, 1.0518517055369716], [0.2198740366584035, 1.444185807234064, 1.392008976811764], [1.0633520659267364, 0.5560751825583984, 1.3631766434720947]]
Save Location: maps/map512/test.txt
