Path: 417
Path Score: 4.134774317885986
Waypoints: [[1.0, 1.0, 1.0], [8.23561037690084, 4.511685430060676, 8.33124458240136], [18.278593753428844, 13.542675969678093, 13.490985374955708], [29.0, 29.0, 14.0]]
Velocity: [[0.0, 0.0, 0.0], [7.235610376900841, 3.511685430060676, 7.331244582401361], [10.042983376528003, 9.030990539617417, 5.159740792554347], [10.721406246571156, 15.457324030321907, 0.5090146250442924]]
Attitude: [[0.0, 0.0, 0.0], [0.8434728410597166, 1.2422312953632766, 0.8316455994328315], [0.802910562473546, 0.896148822854897, 1.2058813966397315], [0.964623337542555, 0.6069540453552669, 1.5437444202820336]]
Save Location: maps/map2039/test.txt
