Path: 958
Path Score: 4.080397581308524
Waypoints: [[1.0, 1.0, 1.0], [7.03200889148945, 11.212381035806049, 2.4091861245466912], [22.16101751903432, 21.88131243389526, 7.844034735289933], [29.0, 29.0, 14.0]]
Velocity: [[0.0, 0.0, 0.0], [6.03200889148945, 10.212381035806049, 1.4091861245466912], [15.12900862754487, 10.668931398089212, 5.434848610743241], [6.838982480965679, 7.1186875661047395, 6.155965264710067]]
Attitude: [[0.0, 0.0, 0.0], [1.0413956223611207, 0.5452295055399751, 1.4525400011168248], [0.6694896177791526, 0.9848691834924312, 1.2852424762994952], [0.9423867443913255, 0.9123337917118957, 1.0131992799999519]]
Save Location: maps/map2324/test.txt
