Path: 880
Path Score: 4.183777993036391
Waypoints: [[1.0, 1.0, 1.0], [13.622214221490246, 10.560085107867, 6.307093757900562], [22.48463544099993, 22.910796544751268, 5.995441400636155], [29.0, 29.0, 14.0]]
Velocity: [[0.0, 0.0, 0.0], [12.622214221490246, 9.560085107867, 5.307093757900562], [8.862421219509685, 12.350711436884268, -0.311652357264407], [6.515364559000069, 6.089203455248732, 8.004558599363845]]
Attitude: [[0.0, 0.0, 0.0], [0.7138698155414545, 0.9612815674177257, 1.2473929819737224], [0.9485304435857436, 0.6227093520891694, 1.5912950104851524], [0.9959567092637175, 1.0377754035517597, 0.8393162236524304]]
Save Location: maps/map1697/test.txt
