Path: 10
Path Score: 4.0998627609024165
Waypoints: [[1.0, 1.0, 1.0], [8.883832853990807, 7.619820070167713, 5.821889119101872], [16.060622627406442, 22.284008548073043, 8.655570821620126], [29.0, 29.0, 14.0]]
Velocity: [[0.0, 0.0, 0.0], [7.883832853990807, 6.619820070167713, 4.821889119101872], [7.176789773415635, 14.66418847790533, 2.8336817025182537], [12.939377372593558, 6.715991451926957, 5.344429178379874]]
Attitude: [[0.0, 0.0, 0.0], [0.8044304960935175, 0.9492050844908356, 1.1327513067607105], [1.1228538567572146, 0.4843693944686965, 1.3989418606901767], [0.5856835745155158, 1.123499545747589, 1.2194127759243851]]
Save Location: maps/map2249/test.txt
