Path: 631
Path Score: 4.289507787221675
Waypoints: [[1.0, 1.0, 1.0], [12.65259495451803, 15.504691539838976, 1.3902173466937446], [16.596716632096093, 19.215720704642216, 5.13918037419731], [29.0, 29.0, 14.0]]
Velocity: [[0.0, 0.0, 0.0], [11.65259495451803, 14.504691539838976, 0.39021734669374464], [3.944121677578064, 3.7110291648032394, 3.7489630275035655], [12.403283367903907, 9.784279295357784, 8.86081962580269]]
Attitude: [[0.0, 0.0, 0.0], [0.8941821376993422, 0.6770644370273821, 1.5498263094141658], [0.9287755422141798, 0.9722696399046223, 0.9652818241184178], [0.816514821634672, 1.0001521739681158, 1.059633768091095]]
Save Location: maps/map934/test.txt
