Path: 1908
Path Score: 4.040462081127874
Waypoints: [[1.0, 1.0, 1.0], [8.469661386104097, 5.59096684474812, 2.5279558793890997], [21.79639181727039, 14.477895924297679, 6.70148367285092], [29.0, 29.0, 14.0]]
Velocity: [[0.0, 0.0, 0.0], [7.469661386104097, 4.59096684474812, 1.5279558793890997], [13.326730431166293, 8.886929079549558, 4.173527793461821], [7.20360818272961, 14.522104075702321, 7.29851632714908]]
Attitude: [[0.0, 0.0, 0.0], [0.5747996990566772, 1.0288000156137393, 1.3982583619310816], [0.6349509782945905, 1.0040601253693453, 1.3159123401478996], [1.1535972127018381, 0.6148409412743631, 1.1477501781583583]]
Save Location: maps/map2445/test.txt
