Path: 2206
Path Score: 4.067832491527652
Waypoints: [[1.0, 1.0, 1.0], [5.839689469355285, 6.231079992564079, 1.4400139470819306], [24.539485932888955, 19.73672816277327, 8.00225603479158], [29.0, 29.0, 14.0]]
Velocity: [[0.0, 0.0, 0.0], [4.839689469355285, 5.231079992564079, 0.44001394708193065], [18.69979646353367, 13.505648170209192, 6.56224208770965], [4.4605140671110455, 9.263271837226728, 5.99774396520842]]
Attitude: [[0.0, 0.0, 0.0], [0.8259996858182699, 0.748605830934555, 1.5091311358387776], [0.676553681054219, 0.9726010878918558, 1.293632091397754], [1.1866756395694507, 0.678936129498745, 1.0426972103159322]]
Save Location: maps/map2371/test.txt
