Path: 706
Path Score: 4.328897799002905
Waypoints: [[1.0, 1.0, 1.0], [7.279071891786115, 11.99037003440958, 7.619831722996372], [9.662916602314, 22.21326367479614, 9.15459432162151], [29.0, 29.0, 14.0]]
Velocity: [[0.0, 0.0, 0.0], [6.279071891786115, 10.99037003440958, 6.619831722996372], [2.3838447105278853, 10.222893640386559, 1.5347625986251376], [19.337083397686, 6.7867363252038615, 4.845405678378491]]
Attitude: [[0.0, 0.0, 0.0], [1.115662030937802, 0.6928797362779866, 1.088924427386206], [1.3441557014758654, 0.2705364546914248, 1.4256174956010619], [0.40714433808387096, 1.242659214067075, 1.3386234911715096]]
Save Location: maps/map688/test.txt
