Path: 870
Path Score: 4.427707421590057
Waypoints: [[1.0, 1.0, 1.0], [13.622214221490246, 10.560085107867, 6.307093757900562], [14.46706287539074, 21.68231868352074, 5.395598205098573], [29.0, 29.0, 14.0]]
Velocity: [[0.0, 0.0, 0.0], [12.622214221490246, 9.560085107867, 5.307093757900562], [0.8448486539004936, 11.122233575653741, -0.9114955528019886], [14.53293712460926, 7.317681316479259, 8.604401794901428]]
Attitude: [[0.0, 0.0, 0.0], [0.7138698155414545, 0.9612815674177257, 1.2473929819737224], [1.495233932891047, 0.11128002605498546, 1.6523323077694694], [0.6606967282577116, 1.161934980212726, 1.0843680323639853]]
Save Location: maps/map275/test.txt
