Path: 1063
Path Score: 4.155282400610575
Waypoints: [[1.0, 1.0, 1.0], [5.124139793286082, 11.529276214212281, 3.1169525438428494], [11.922439956495857, 17.336683693731057, 5.215453288665816], [29.0, 29.0, 14.0]]
Velocity: [[0.0, 0.0, 0.0], [4.124139793286082, 10.529276214212281, 2.1169525438428494], [6.798300163209776, 5.807407479518776, 2.0985007448229664], [17.077560043504143, 11.663316306268943, 8.784546711334183]]
Attitude: [[0.0, 0.0, 0.0], [1.2041596665548568, 0.4147337109116922, 1.3857324418142094], [0.7373841155859451, 0.8862301639460091, 1.3402655199580384], [0.7073929618515384, 1.0250094498144648, 1.169113814241912]]
Save Location: maps/map1915/test.txt
