Path: 1110
Path Score: 4.052813953225547
Waypoints: [[1.0, 1.0, 1.0], [7.244355243304841, 4.686769508950413, 5.732290508395203], [15.44249175683154, 18.284183195920107, 9.161844399110448], [29.0, 29.0, 14.0]]
Velocity: [[0.0, 0.0, 0.0], [6.244355243304841, 3.6867695089504133, 4.732290508395203], [8.198136513526698, 13.597413686969695, 3.429553890715245], [13.55750824316846, 10.715816804079893, 4.838155600889552]]
Attitude: [[0.0, 0.0, 0.0], [0.7653529368027897, 1.1309818444795048, 0.9925991767107255], [1.041769592406093, 0.5788662159064168, 1.3580653863647716], [0.714409075190648, 0.9308782745117469, 1.2978165450117953]]
Save Location: maps/map2418/test.txt
