Path: 2405
Path Score: 4.045762947229788
Waypoints: [[1.0, 1.0, 1.0], [12.422424952449036, 7.364456284222653, 4.120550879483655], [24.231363728279373, 24.064238050008328, 9.859876317962396], [29.0, 29.0, 14.0]]
Velocity: [[0.0, 0.0, 0.0], [11.422424952449036, 6.364456284222653, 3.1205508794836554], [11.808938775830336, 16.699781765785673, 5.73932543847874], [4.768636271720627, 4.935761949991672, 4.140123682037604]]
Attitude: [[0.0, 0.0, 0.0], [0.5554007765856399, 1.0776065097557235, 1.3365284239372268], [0.9813599261994502, 0.6662843868585028, 1.2972243019517178], [0.9335872338350895, 0.9073880140782924, 1.02799260384737]]
Save Location: maps/map2436/test.txt
