Path: 286
Path Score: 4.28733799853269
Waypoints: [[1.0, 1.0, 1.0], [10.236205802881091, 6.726958385030271, 8.616461550781413], [12.699318080032214, 19.485873547121262, 13.643108962855027], [29.0, 29.0, 14.0]]
Velocity: [[0.0, 0.0, 0.0], [9.236205802881091, 5.726958385030271, 7.616461550781413], [2.4631122771511222, 12.75891516209099, 5.026647412073615], [16.300681919967786, 9.514126452878738, 0.3568910371449725]]
Attitude: [[0.0, 0.0, 0.0], [0.801018365502451, 1.1245932303302049, 0.9595076706588436], [1.3930776377326366, 0.41344031370970785, 1.2016955132815743], [0.5286275051045267, 1.042579273198718, 1.5518895222311728]]
Save Location: maps/map952/test.txt
