Path: 1694
Path Score: 4.371880215448941
Waypoints: [[1.0, 1.0, 1.0], [1.4862613186235762, 5.302297197202417, 9.54279168299124], [12.699318080032214, 19.485873547121262, 13.643108962855027], [29.0, 29.0, 14.0]]
Velocity: [[0.0, 0.0, 0.0], [0.48626131862357624, 4.302297197202417, 8.54279168299124], [11.213056761408637, 14.183576349918845, 4.100317279863788], [16.300681919967786, 9.514126452878738, 0.3568910371449725]]
Attitude: [[0.0, 0.0, 0.0], [1.520002440634727, 1.1049085373684124, 0.46909167611999897], [0.9212634049431211, 0.699693469026244, 1.347787831317332], [0.5286275051045267, 1.042579273198718, 1.5518895222311728]]
Save Location: maps/map455/test.txt
