Path: 2434
Path Score: 4.225489311006683
Waypoints: [[1.0, 1.0, 1.0], [12.422424952449036, 7.364456284222653, 4.120550879483655], [18.295648198935922, 21.67677091998945, 14.790388562251113], [29.0, 29.0, 14.0]]
Velocity: [[0.0, 0.0, 0.0], [11.422424952449036, 6.364456284222653, 3.1205508794836554], [5.873223246486885, 14.312314635766798, 10.669837682767458], [10.704351801064078, 7.323229080010549, -0.7903885622511133]]
Attitude: [[0.0, 0.0, 0.0], [0.5554007765856399, 1.0776065097557235, 1.3365284239372268], [1.2529522637208759, 0.7050629382017511, 0.9670246079525138], [0.6027006201753293, 0.9720633967168617, 1.6316622645059446]]
Save Location: maps/map1373/test.txt
