Path: 116
Path Score: 4.263247456302451
Waypoints: [[1.0, 1.0, 1.0], [6.844542921659472, 12.575654287568902, 0.7512941296865822], [12.704603846584774, 19.922199713463662, 8.33279809450805], [29.0, 29.0, 14.0]]
Velocity: [[0.0, 0.0, 0.0], [5.844542921659472, 11.575654287568902, -0.24870587031341784], [5.860060924925302, 7.34654542589476, 7.581503964821468], [16.295396153415226, 9.077800286536338, 5.66720190549195]]
Attitude: [[0.0, 0.0, 0.0], [1.103329579532339, 0.4679236243581791, 1.5899732357353402], [1.0640567005224593, 0.9167034998994599, 0.8919458323290209], [0.5810873343497762, 1.0864359774071253, 1.2758411019683804]]
Save Location: maps/map1107/test.txt
