Path: 145
Path Score: 4.308297260461662
Waypoints: [[1.0, 1.0, 1.0], [1.4054990619177365, 2.018923329900705, 5.290815032320245], [7.2422472543241465, 15.760615466297706, 13.658007264698963], [29.0, 29.0, 14.0]]
Velocity: [[0.0, 0.0, 0.0], [0.40549906191773655, 1.018923329900705, 4.290815032320245], [5.83674819240641, 13.741692136397, 8.367192232378716], [21.75775274567585, 13.239384533702294, 0.34199273530103724]]
Attitude: [[0.0, 0.0, 0.0], [1.479107067399564, 1.338645930601151, 0.2502235615876531], [1.2227755607689428, 0.6386196933330475, 1.0599790999735346], [0.5467872106274848, 1.0242120818809008, 1.5573694452781284]]
Save Location: maps/map808/test.txt
