Path: 682
Path Score: 4.3322150010064515
Waypoints: [[1.0, 1.0, 1.0], [7.279071891786115, 11.99037003440958, 7.619831722996372], [14.655112419192436, 29.3283759307992, 11.159787577707847], [29.0, 29.0, 14.0]]
Velocity: [[0.0, 0.0, 0.0], [6.279071891786115, 10.99037003440958, 6.619831722996372], [7.376040527406321, 17.33800589638962, 3.539955854711476], [14.344887580807564, -0.3283759307992007, 2.8402124222921525]]
Attitude: [[0.0, 0.0, 0.0], [1.115662030937802, 0.6928797362779866, 1.088924427386206], [1.1758688055288395, 0.44090251068918307, 1.3850831798550722], [0.19673554575391217, 1.5932481293968974, 1.3753795345072697]]
Save Location: maps/map672/test.txt
