# Note +ve X is north
# Note +ve Y is West
# x, y, height
# waypoints
G: (4.0,-2.0,10)
G: (15.707355243626175,-9.028392202998234,10)
G: (29.793808789671505,-8.217226514952884,10)
G: (42.44316023797592,-7.780394976781338,10)
G: (56.6876742718412,-7.354506262438676,10)
G: (71.82826645805139,-5.502594669076586,10)
G: (83.6832564279249,-0.5783498278518238,10)
G: (96.0,-2.0,10)


# wall segments
# x1, y1, x2, y2, z
W: (96.0,-9.200000000000003,24.0,-17.200000000000003,30)
W: (24.0,-17.200000000000003,0.0,-9.200000000000003,30)
W: (0.0,5.200000000000003,28.0,-2.799999999999997,30)
W: (28.0,-2.799999999999997,96.0,5.200000000000003,30)


# environment settings
R: (0)
D: (1)
