# waypoints
G: (11.0,-17.0,15)
G: (13.694743745655272,-15.305310684724262,15)
G: (16.831685535725953,-13.846183890552558,15)
G: (20.411679325325654,-13.071433143062249,15)
G: (23.86303675305727,-13.213884125328322,15)
G: (26.754620267003276,-14.588027034351162,15)
G: (29.0,-17.0,15)


# wall segments
W: (30.0,-18.8,24.0,-15.8,3)
W: (24.0,-15.8,17.0,-15.8,3)
W: (17.0,-15.8,10.0,-18.8,3)
W: (10.0,-15.2,16.0,-12.2,3)
W: (16.0,-12.2,25.0,-11.2,3)
W: (25.0,-11.2,30.0,-15.2,3)


# environment settings
R: (0)
D: (1)
