Path: 748
Path Score: 4.1649053541820695
Waypoints: [[1.0, 1.0, 1.0], [12.697608925444278, 6.8811022717284045, 6.207161753256], [19.778926106740936, 25.028774492325528, 13.753258473645548], [29.0, 29.0, 14.0]]
Velocity: [[0.0, 0.0, 0.0], [11.697608925444278, 5.8811022717284045, 5.207161753256], [7.081317181296658, 18.147672220597123, 7.546096720389548], [9.221073893259064, 3.971225507674472, 0.24674152635445168]]
Attitude: [[0.0, 0.0, 0.0], [0.5913478455125089, 1.1402281118229445, 1.1922640516212777], [1.224976817921669, 0.518242793205768, 1.2012249262007206], [0.40736238913210576, 1.1642642704118822, 1.54622508670751]]
Save Location: maps/map1842/test.txt
