Path: 2137
Path Score: 4.21451862427884
Waypoints: [[1.0, 1.0, 1.0], [7.976694836660609, 10.929766397758005, 9.409001445334173], [15.684579521262053, 24.294407344774495, 11.460625578176513], [29.0, 29.0, 14.0]]
Velocity: [[0.0, 0.0, 0.0], [6.976694836660609, 9.929766397758005, 8.409001445334173], [7.707884684601444, 13.36464094701649, 2.05162413284234], [13.315420478737947, 4.705592655225505, 2.539374421823487]]
Attitude: [[0.0, 0.0, 0.0], [1.0786293818483852, 0.8331465441750755, 0.9648405508336908], [1.0526830331918517, 0.5380763425903725, 1.4385919482206586], [0.38185806857320004, 1.2366735425670707, 1.3928860386768187]]
Save Location: maps/map1440/test.txt
