Path: 1002
Path Score: 4.1261989079576935
Waypoints: [[1.0, 1.0, 1.0], [7.03200889148945, 11.212381035806049, 2.4091861245466912], [21.78645601699983, 26.938246068819566, 10.468055210066508], [29.0, 29.0, 14.0]]
Velocity: [[0.0, 0.0, 0.0], [6.03200889148945, 10.212381035806049, 1.4091861245466912], [14.754447125510378, 15.725865033013518, 8.058869085519817], [7.2135439830001715, 2.0617539311804336, 3.531944789933492]]
Attitude: [[0.0, 0.0, 0.0], [1.0413956223611207, 0.5452295055399751, 1.4525400011168248], [0.875090552342768, 0.8187626573852388, 1.2131461309682063], [0.5157591343381982, 1.3195229300441227, 1.1308007241554319]]
Save Location: maps/map2096/test.txt
