Path: 1168
Path Score: 4.070124428239783
Waypoints: [[1.0, 1.0, 1.0], [7.244355243304841, 4.686769508950413, 5.732290508395203], [24.882695815361128, 14.368288597070304, 12.113832918894575], [29.0, 29.0, 14.0]]
Velocity: [[0.0, 0.0, 0.0], [6.244355243304841, 3.6867695089504133, 4.732290508395203], [17.638340572056286, 9.681519088119892, 6.381542410499372], [4.117304184638872, 14.631711402929696, 1.886167081105425]]
Attitude: [[0.0, 0.0, 0.0], [0.7653529368027897, 1.1309818444795048, 0.9925991767107255], [0.5815623953822218, 1.09431425840657, 1.2636690431822435], [1.2986348105444985, 0.30016579609209537, 1.4473372730099068]]
Save Location: maps/map2369/test.txt
