Path: 1856
Path Score: 4.235725738994384
Waypoints: [[1.0, 1.0, 1.0], [5.142904841761517, 4.732071187514425, 9.090826078056057], [24.29282605726432, 17.273783965333514, 9.528106741585457], [29.0, 29.0, 14.0]]
Velocity: [[0.0, 0.0, 0.0], [4.142904841761517, 3.732071187514425, 8.090826078056057], [19.149921215502804, 12.54171277781909, 0.43728066352939976], [4.707173942735679, 11.726216034666486, 4.471893258414543]]
Attitude: [[0.0, 0.0, 0.0], [1.1355654236864037, 1.1812058528805445, 0.6034260736599171], [0.580106292505175, 0.9910879381706026, 1.5516962112668256], [1.2119605623526288, 0.5056733733733509, 1.2306436859371142]]
Save Location: maps/map1294/test.txt
