Path: 431
Path Score: 4.156570907844097
Waypoints: [[1.0, 1.0, 1.0], [8.23561037690084, 4.511685430060676, 8.33124458240136], [20.852071857601725, 15.195208825034904, 7.612944235060696], [29.0, 29.0, 14.0]]
Velocity: [[0.0, 0.0, 0.0], [7.235610376900841, 3.511685430060676, 7.331244582401361], [12.616461480700885, 10.683523394974227, -0.7183003473406648], [8.147928142398275, 13.804791174965096, 6.387055764939304]]
Attitude: [[0.0, 0.0, 0.0], [0.8434728410597166, 1.2422312953632766, 0.8316455994328315], [0.7037412844727209, 0.8689652846902858, 1.6142176497429521], [1.0790221355094318, 0.643470475899189, 1.1916321938329075]]
Save Location: maps/map1907/test.txt
