Path: 592
Path Score: 4.3617152934369114
Waypoints: [[1.0, 1.0, 1.0], [1.9869655009534015, 2.3470905443897805, 9.726710653669548], [15.44249175683154, 18.284183195920107, 9.161844399110448], [29.0, 29.0, 14.0]]
Velocity: [[0.0, 0.0, 0.0], [0.9869655009534015, 1.3470905443897805, 8.726710653669548], [13.455526255878139, 15.937092651530326, -0.5648662545590994], [13.55750824316846, 10.715816804079893, 4.838155600889552]]
Attitude: [[0.0, 0.0, 0.0], [1.4594850995761104, 1.4185963426785977, 0.18907565762625306], [0.8699360327701532, 0.7016036963446217, 1.5978716619463178], [0.714409075190648, 0.9308782745117469, 1.2978165450117953]]
Save Location: maps/map514/test.txt
