# Note +ve X is north
# Note +ve Y is West
# x, y, height
# waypoints
G: (4.0,-2.0,10)
G: (20.589713049745754,2.031464829264273,10)
G: (38.64260636671239,5.704490454246383,10)
G: (22.849682568286617,9.604503298810513,10)
G: (42.79005191868424,10.228768131498413,10)
G: (61.687095548069394,5.58035105817676,10)
G: (80.68957993703486,5.097596841763789,10)
G: (96.0,-2.0,10)


# wall segments
# x1, y1, x2, y2, z
W: (96.0,-9.200000000000003,68.0,-1.2000000000000028,30)
W: (68.0,-1.2000000000000028,36.0,-1.2000000000000028,30)
W: (36.0,-1.2000000000000028,0.0,-9.200000000000003,30)
W: (0.0,5.200000000000003,28.0,17.200000000000003,30)
W: (28.0,17.200000000000003,96.0,9.200000000000003,30)


# environment settings
R: (0)
D: (1)
