Path: 1392
Path Score: 4.294389158875615
Waypoints: [[1.0, 1.0, 1.0], [2.1166871798879825, 7.959406805005861, 2.641112218552253], [15.684579521262053, 24.294407344774495, 11.460625578176513], [29.0, 29.0, 14.0]]
Velocity: [[0.0, 0.0, 0.0], [1.1166871798879825, 6.959406805005861, 1.6411122185522529], [13.56789234137407, 16.335000539768636, 8.81951335962426], [13.315420478737947, 4.705592655225505, 2.539374421823487]]
Attitude: [[0.0, 0.0, 0.0], [1.4158739947349994, 0.27784815422419984, 1.3420381855188857], [0.9396463193762679, 0.7807066921974051, 1.1771433792279151], [0.38185806857320004, 1.2366735425670707, 1.3928860386768187]]
Save Location: maps/map905/test.txt
