Path: 1824
Path Score: 4.168794145115117
Waypoints: [[1.0, 1.0, 1.0], [5.8300877579373775, 12.986927175779844, 2.2883830638241456], [24.631670230844907, 23.32534168126198, 7.202000853365213], [29.0, 29.0, 14.0]]
Velocity: [[0.0, 0.0, 0.0], [4.8300877579373775, 11.986927175779844, 1.2883830638241456], [18.80158247290753, 10.338414505482135, 4.9136177895410675], [4.368329769155093, 5.674658318738022, 6.797999146634787]]
Attitude: [[0.0, 0.0, 0.0], [1.1897394258126446, 0.3951048953544142, 1.471431398260883], [0.5468756594629154, 1.0818761991532366, 1.345674611378808], [1.112517585562311, 0.9585535715963122, 0.8114172061667323]]
Save Location: maps/map1810/test.txt
