Path: 416
Path Score: 4.2500579262584415
Waypoints: [[1.0, 1.0, 1.0], [8.23561037690084, 4.511685430060676, 8.33124458240136], [11.40378861351021, 23.288761880938765, 11.804403224732908], [29.0, 29.0, 14.0]]
Velocity: [[0.0, 0.0, 0.0], [7.235610376900841, 3.511685430060676, 7.331244582401361], [3.1681782366093696, 18.777076450878088, 3.4731586423315477], [17.59621138648979, 5.711238119061235, 2.1955967752670915]]
Attitude: [[0.0, 0.0, 0.0], [0.8434728410597166, 1.2422312953632766, 0.8316455994328315], [1.406382454933143, 0.24532018673691044, 1.3903893042239301], [0.33465120952432154, 1.2592127196021017, 1.4526670982553629]]
Save Location: maps/map1192/test.txt
