Path: 357
Path Score: 4.384208408417251
Waypoints: [[1.0, 1.0, 1.0], [11.62421921707525, 9.637940007438962, 4.108292062461251], [11.717608255286521, 26.086366361922085, 10.100298251227693], [29.0, 29.0, 14.0]]
Velocity: [[0.0, 0.0, 0.0], [10.62421921707525, 8.637940007438962, 3.108292062461251], [0.09338903821127076, 16.448426354483125, 5.992006188766442], [17.28239174471348, 2.913633638077915, 3.8997017487723067]]
Attitude: [[0.0, 0.0, 0.0], [0.7126112608988734, 0.9081638967287853, 1.3475745118170808], [1.5654616449842322, 0.3493877205473353, 1.2214528483065574], [0.27455761083990476, 1.4078003124714065, 1.351856955162436]]
Save Location: maps/map418/test.txt
