Path: 1415
Path Score: 4.32544863544785
Waypoints: [[1.0, 1.0, 1.0], [10.074445050749116, 1.0357225832720962, 9.412027835082272], [22.76658572963688, 9.235766945696607, 14.657275630817615], [29.0, 29.0, 14.0]]
Velocity: [[0.0, 0.0, 0.0], [9.074445050749116, 0.03572258327209621, 8.412027835082272], [12.692140678887764, 8.20004436242451, 5.245247795735343], [6.23341427036312, 19.764233054303393, -0.6572756308176153]]
Attitude: [[0.0, 0.0, 0.0], [0.7475390695972799, 1.5679093516700198, 0.8232656157544957], [0.6542559897207411, 1.0325172146302775, 1.2366868138210356], [1.2654404978558256, 0.30710381033439227, 1.6025015139442569]]
Save Location: maps/map707/test.txt
