Path: 970
Path Score: 4.109593231735998
Waypoints: [[1.0, 1.0, 1.0], [7.03200889148945, 11.212381035806049, 2.4091861245466912], [22.592720703848663, 25.526803242435573, 12.228206346267022], [29.0, 29.0, 14.0]]
Velocity: [[0.0, 0.0, 0.0], [6.03200889148945, 10.212381035806049, 1.4091861245466912], [15.560711812359212, 14.314422206629525, 9.819020221720331], [6.407279296151337, 3.473196757564427, 1.7717936537329777]]
Attitude: [[0.0, 0.0, 0.0], [1.0413956223611207, 0.5452295055399751, 1.4525400011168248], [0.8399547079822577, 0.9096331069421151, 1.136029008314301], [0.5466676487799201, 1.0893405550292934, 1.3323147563268598]]
Save Location: maps/map2202/test.txt
