# Note +ve X is north
# Note +ve Y is West
# x, y, height
# waypoints
G: (11.0,-17.0,15)
G: (14.862785333090045,-16.247763394737213,15)
G: (18.655896105440405,-15.341632666518386,15)
G: (22.295258238315938,-15.54842789497803,15)
G: (25.37306933767708,-16.9569142962099,15)
G: (29.0,-17.0,15)


# wall segments
# x1, y1, x2, y2, z
W: (40.0,-14.6,20.0,-12.6,3)
W: (20.0,-12.6,10.0,-12.6,3)
W: (10.0,-12.6,0.0,-14.6,3)
W: (0.0,-7.399999999999999,20.0,-3.3999999999999986,3)
W: (20.0,-3.3999999999999986,40.0,-7.399999999999999,3)


# environment settings
R: (0)
D: (1)
