Path: 896
Path Score: 4.184159057994152
Waypoints: [[1.0, 1.0, 1.0], [13.622214221490246, 10.560085107867, 6.307093757900562], [20.852071857601725, 15.195208825034904, 7.612944235060696], [29.0, 29.0, 14.0]]
Velocity: [[0.0, 0.0, 0.0], [12.622214221490246, 9.560085107867, 5.307093757900562], [7.229857636111479, 4.635123717167904, 1.305850477160134], [8.147928142398275, 13.804791174965096, 6.387055764939304]]
Attitude: [[0.0, 0.0, 0.0], [0.7138698155414545, 0.9612815674177257, 1.2473929819737224], [0.5875864086736631, 1.0079654516386456, 1.4198984447693626], [1.0790221355094318, 0.643470475899189, 1.1916321938329075]]
Save Location: maps/map1695/test.txt
