Path: 447
Path Score: 4.238806824147544
Waypoints: [[1.0, 1.0, 1.0], [11.29885047226655, 13.922680563011099, 6.0742347128672325], [21.908711729896172, 25.238135856299944, 5.545207600887396], [29.0, 29.0, 14.0]]
Velocity: [[0.0, 0.0, 0.0], [10.29885047226655, 12.922680563011099, 5.0742347128672325], [10.609861257629623, 11.315455293288846, -0.5290271119798362], [7.091288270103828, 3.7618641437000555, 8.454792399112604]]
Attitude: [[0.0, 0.0, 0.0], [0.932550665210745, 0.7263919285052141, 1.2728643435485965], [0.8181134706498044, 0.7538470820686234, 1.6048884444524747], [0.9169442204311326, 1.2422469685705426, 0.7594689249536318]]
Save Location: maps/map1272/test.txt
