Path: 71
Path Score: 4.302381206071308
Waypoints: [[1.0, 1.0, 1.0], [6.844542921659472, 12.575654287568902, 0.7512941296865822], [26.76543196640594, 17.456646557356017, 7.05435308823407], [29.0, 29.0, 14.0]]
Velocity: [[0.0, 0.0, 0.0], [5.844542921659472, 11.575654287568902, -0.24870587031341784], [19.92088904474647, 4.880992269787114, 6.303058958547488], [2.2345680335940585, 11.543353442643983, 6.94564691176593]]
Attitude: [[0.0, 0.0, 0.0], [1.103329579532339, 0.4679236243581791, 1.5899732357353402], [0.3806636795895664, 1.3413073528354398, 1.272642784036261], [1.4064235659655742, 0.5636700246717852, 1.0372176653267735]]
Save Location: maps/map852/test.txt
