Path: 394
Path Score: 4.111474939949783
Waypoints: [[1.0, 1.0, 1.0], [8.23561037690084, 4.511685430060676, 8.33124458240136], [25.428707168258946, 19.405189246924685, 11.09112041789754], [29.0, 29.0, 14.0]]
Velocity: [[0.0, 0.0, 0.0], [7.235610376900841, 3.511685430060676, 7.331244582401361], [17.193096791358105, 14.893503816864008, 2.75987583549618], [3.5712928317410544, 9.594810753075315, 2.9088795821024593]]
Attitude: [[0.0, 0.0, 0.0], [0.8434728410597166, 1.2422312953632766, 0.8316455994328315], [0.7222161733767632, 0.8632335447139277, 1.4500564476319482], [1.228608075856676, 0.4475659367165343, 1.29396325921033]]
Save Location: maps/map2189/test.txt
