Path: 855
Path Score: 4.102698485123537
Waypoints: [[1.0, 1.0, 1.0], [13.622214221490246, 10.560085107867, 6.307093757900562], [25.428707168258946, 19.405189246924685, 11.09112041789754], [29.0, 29.0, 14.0]]
Velocity: [[0.0, 0.0, 0.0], [12.622214221490246, 9.560085107867, 5.307093757900562], [11.8064929467687, 8.845104139057685, 4.784026659996979], [3.5712928317410544, 9.594810753075315, 2.9088795821024593]]
Attitude: [[0.0, 0.0, 0.0], [0.7138698155414545, 0.9612815674177257, 1.2473929819737224], [0.7054994256159303, 0.9638812697309671, 1.257205713098566], [1.228608075856676, 0.4475659367165343, 1.29396325921033]]
Save Location: maps/map2235/test.txt
