Path: 1436
Path Score: 4.3511038240395425
Waypoints: [[1.0, 1.0, 1.0], [10.074445050749116, 1.0357225832720962, 9.412027835082272], [25.79209058027837, 11.910847199982666, 9.017382596249654], [29.0, 29.0, 14.0]]
Velocity: [[0.0, 0.0, 0.0], [9.074445050749116, 0.03572258327209621, 8.412027835082272], [15.717645529529253, 10.875124616710568, -0.39464523883261826], [3.2079094197216307, 17.089152800017334, 4.982617403750346]]
Attitude: [[0.0, 0.0, 0.0], [0.7475390695972799, 1.5679093516700198, 0.8232656157544957], [0.6055806163803815, 0.9656710659915723, 1.5914412259581063], [1.3924977157249556, 0.3337927357398629, 1.2917140564701521]]
Save Location: maps/map580/test.txt
