Path: 1335
Path Score: 4.411946618374561
Waypoints: [[1.0, 1.0, 1.0], [3.4670120800623283, 8.98615020457587, 12.766320645476934], [18.295648198935922, 21.67677091998945, 14.790388562251113], [29.0, 29.0, 14.0]]
Velocity: [[0.0, 0.0, 0.0], [2.4670120800623283, 7.986150204575869, 11.766320645476934], [14.828636118873593, 12.690620715413582, 2.024067916774179], [10.704351801064078, 7.323229080010549, -0.7903885622511133]]
Attitude: [[0.0, 0.0, 0.0], [1.399024108228292, 0.9844440153430374, 0.6176559127637982], [0.714072789778409, 0.8674903476160247, 1.4674614458760498], [0.6027006201753293, 0.9720633967168617, 1.6316622645059446]]
Save Location: maps/map326/test.txt
