Path: 926
Path Score: 4.436415638307786
Waypoints: [[1.0, 1.0, 1.0], [7.363766588778974, 0.518530266354752, 10.190548616200227], [10.752760318917543, 18.75992942067851, 14.80087523764835], [29.0, 29.0, 14.0]]
Velocity: [[0.0, 0.0, 0.0], [6.363766588778974, -0.48146973364524803, 9.190548616200227], [3.3889937301385693, 18.24139915432376, 4.610326621448124], [18.247239681082455, 10.24007057932149, -0.8008752376483503]]
Attitude: [[0.0, 0.0, 0.0], [0.9658135015594402, 1.6138399388547588, 0.6069604064989591], [1.392585191436809, 0.30395751828752976, 1.3272415289533508], [0.5126920098124623, 1.0598172007710935, 1.6090527819834075]]
Save Location: maps/map244/test.txt
