Path: 2463
Path Score: 4.2833467026306105
Waypoints: [[1.0, 1.0, 1.0], [12.386106231445222, 1.1077460717588705, 7.4490524792482224], [22.909069045040045, 10.835196024953614, 13.228528156939884], [29.0, 29.0, 14.0]]
Velocity: [[0.0, 0.0, 0.0], [11.386106231445222, 0.10774607175887052, 6.4490524792482224], [10.522962813594823, 9.727449953194743, 5.779475677691662], [6.090930954959955, 18.164803975046386, 0.771471843060116]]
Attitude: [[0.0, 0.0, 0.0], [0.5154044449224107, 1.562562589250552, 1.0554709245652716], [0.8216440772457873, 0.8898420663035232, 1.1874431799190706], [1.2475348540835867, 0.325939212643112, 1.5305508334281337]]
Save Location: maps/map973/test.txt
