Path: 7
Path Score: 4.270829868481306
Waypoints: [[1.0, 1.0, 1.0], [8.883832853990807, 7.619820070167713, 5.821889119101872], [22.76658572963688, 9.235766945696607, 14.657275630817615], [29.0, 29.0, 14.0]]
Velocity: [[0.0, 0.0, 0.0], [7.883832853990807, 6.619820070167713, 4.821889119101872], [13.882752875646073, 1.615946875528894, 8.835386511715743], [6.23341427036312, 19.764233054303393, -0.6572756308176153]]
Attitude: [[0.0, 0.0, 0.0], [0.8044304960935175, 0.9492050844908356, 1.1327513067607105], [0.5742534166564685, 1.4729112062746146, 1.007064182498113], [1.2654404978558256, 0.30710381033439227, 1.6025015139442569]]
Save Location: maps/map1052/test.txt
