Path: 2067
Path Score: 4.5585165558093905
Waypoints: [[1.0, 1.0, 1.0], [2.1051801977178286, 12.705542697858661, 1.33533427386211], [4.77866343710493, 27.029217300272855, 10.221156772888621], [29.0, 29.0, 14.0]]
Velocity: [[0.0, 0.0, 0.0], [1.1051801977178286, 11.705542697858661, 0.3353342738621099], [2.6734832393871013, 14.323674602414194, 8.885822499026512], [24.22133656289507, 1.9707826997271454, 3.7788432271113788]]
Attitude: [[0.0, 0.0, 0.0], [1.4766986395106851, 0.09834724994807642, 1.5422834159518], [1.4134995840698001, 0.5748477794341517, 1.023181920403457], [0.17417281920885555, 1.4905757929248238, 1.4165326603025155]]
Save Location: maps/map45/test.txt
