Path: 1046
Path Score: 4.111418894054109
Waypoints: [[1.0, 1.0, 1.0], [5.124139793286082, 11.529276214212281, 3.1169525438428494], [22.48463544099993, 22.910796544751268, 5.995441400636155], [29.0, 29.0, 14.0]]
Velocity: [[0.0, 0.0, 0.0], [4.124139793286082, 10.529276214212281, 2.1169525438428494], [17.360495647713847, 11.381520330538986, 2.8784888567933056], [6.515364559000069, 6.089203455248732, 8.004558599363845]]
Attitude: [[0.0, 0.0, 0.0], [1.2041596665548568, 0.4147337109116922, 1.3857324418142094], [0.594601639448046, 0.9966960684251754, 1.4330110764719617], [0.9959567092637175, 1.0377754035517597, 0.8393162236524304]]
Save Location: maps/map2190/test.txt
