Path: 2387
Path Score: 4.266254371158985
Waypoints: [[1.0, 1.0, 1.0], [12.422424952449036, 7.364456284222653, 4.120550879483655], [16.702169176436314, 28.43696480624766, 9.763844081040961], [29.0, 29.0, 14.0]]
Velocity: [[0.0, 0.0, 0.0], [11.422424952449036, 6.364456284222653, 3.1205508794836554], [4.279744223987278, 21.072508522025004, 5.643293201557306], [12.297830823563686, 0.5630351937523415, 4.236155918959039]]
Attitude: [[0.0, 0.0, 0.0], [0.5554007765856399, 1.0776065097557235, 1.3365284239372268], [1.3770737305289662, 0.32424325791582687, 1.3141388983557531], [0.3344395960989817, 1.5275361923898203, 1.2393843932691453]]
Save Location: maps/map1082/test.txt
