Path: 560
Path Score: 4.440667967688396
Waypoints: [[1.0, 1.0, 1.0], [8.077819295469498, 4.630177089274074, 13.001091877302175], [15.44249175683154, 18.284183195920107, 9.161844399110448], [29.0, 29.0, 14.0]]
Velocity: [[0.0, 0.0, 0.0], [7.077819295469498, 3.630177089274074, 12.001091877302175], [7.3646724613620425, 13.654006106646033, -3.8392474781917265], [13.55750824316846, 10.715816804079893, 4.838155600889552]]
Attitude: [[0.0, 0.0, 0.0], [1.0568857360289043, 1.315913356872022, 0.5853298029477871], [1.0918737172307007, 0.5464776983732484, 1.8133990119953867], [0.714409075190648, 0.9308782745117469, 1.2978165450117953]]
Save Location: maps/map230/test.txt
