# Note +ve X is north
# Note +ve Y is West
# x, y, height
# waypoints
G: (11.0,-17.0,15)
G: (14.116278882727498,-17.611461796846775,15)
G: (17.113635024325724,-16.91302318992792,15)
G: (19.49695078567415,-14.861633372445153,15)
G: (22.809636484759633,-14.301833367809865,15)
G: (26.435210351254348,-14.927709810197891,15)
G: (29.0,-17.0,15)


# wall segments
# x1, y1, x2, y2, z
W: (40.0,-14.6,26.0,-8.600000000000001,3)
W: (26.0,-8.600000000000001,10.0,-16.6,3)
W: (10.0,-16.6,0.0,-14.6,3)
W: (0.0,-7.399999999999999,12.0,-7.399999999999999,3)
W: (12.0,-7.399999999999999,18.0,-3.3999999999999986,3)
W: (18.0,-3.3999999999999986,32.0,-3.3999999999999986,3)
W: (32.0,-3.3999999999999986,40.0,-7.399999999999999,3)


# environment settings
R: (0)
D: (1)
