Path: 2226
Path Score: 4.364877851786741
Waypoints: [[1.0, 1.0, 1.0], [5.7591996310330025, 10.496060591014656, 1.1961851557501069], [8.326355677599059, 21.007879601570398, 11.349606769497015], [29.0, 29.0, 14.0]]
Velocity: [[0.0, 0.0, 0.0], [4.7591996310330025, 9.496060591014656, 0.19618515575010687], [2.5671560465660566, 10.511819010555742, 10.153421613746907], [20.67364432240094, 7.992120398429602, 2.650393230502985]]
Attitude: [[0.0, 0.0, 0.0], [1.1062936554501903, 0.46492826404694765, 1.5523285842779897], [1.3969148100831048, 0.7835449571046893, 0.8172041050029951], [0.3867733775955384, 1.2046409482682174, 1.4517841548325077]]
Save Location: maps/map496/test.txt
