Path: 2267
Path Score: 4.105222015400268
Waypoints: [[1.0, 1.0, 1.0], [5.7591996310330025, 10.496060591014656, 1.1961851557501069], [22.31107341157168, 20.857103800923483, 7.836819148340205], [29.0, 29.0, 14.0]]
Velocity: [[0.0, 0.0, 0.0], [4.7591996310330025, 9.496060591014656, 0.19618515575010687], [16.551873780538678, 10.361043209908827, 6.640633992590098], [6.68892658842832, 8.142896199076517, 6.163180851659795]]
Attitude: [[0.0, 0.0, 0.0], [1.1062936554501903, 0.46492826404694765, 1.5523285842779897], [0.6393340722835897, 1.0444934964143968, 1.2429958782430817], [0.9909241630968201, 0.8405978425021317, 1.041586930795209]]
Save Location: maps/map2223/test.txt
