Path: 1610
Path Score: 4.066131005941077
Waypoints: [[1.0, 1.0, 1.0], [10.36013664890983, 5.847929453477029, 2.4421408215587084], [25.428707168258946, 19.405189246924685, 11.09112041789754], [29.0, 29.0, 14.0]]
Velocity: [[0.0, 0.0, 0.0], [9.36013664890983, 4.847929453477029, 1.4421408215587084], [15.068570519349116, 13.557259793447656, 8.648979596338833], [3.5712928317410544, 9.594810753075315, 2.9088795821024593]]
Attitude: [[0.0, 0.0, 0.0], [0.49541529610661705, 1.0976792558885609, 1.4348290922750935], [0.8178943058940847, 0.9081804875793097, 1.1674910410771575], [1.228608075856676, 0.4475659367165343, 1.29396325921033]]
Save Location: maps/map2379/test.txt
