Path: 750
Path Score: 4.2060837258452075
Waypoints: [[1.0, 1.0, 1.0], [12.697608925444278, 6.8811022717284045, 6.207161753256], [18.278593753428844, 13.542675969678093, 13.490985374955708], [29.0, 29.0, 14.0]]
Velocity: [[0.0, 0.0, 0.0], [11.697608925444278, 5.8811022717284045, 5.207161753256], [5.580984827984565, 6.661573697949689, 7.283823621699708], [10.721406246571156, 15.457324030321907, 0.5090146250442924]]
Attitude: [[0.0, 0.0, 0.0], [0.5913478455125089, 1.1402281118229445, 1.1922640516212777], [1.0561994904534917, 0.9428544783324713, 0.8732274732196047], [0.964623337542555, 0.6069540453552669, 1.5437444202820336]]
Save Location: maps/map1499/test.txt
