Path: 1410
Path Score: 4.288409315093949
Waypoints: [[1.0, 1.0, 1.0], [10.074445050749116, 1.0357225832720962, 9.412027835082272], [16.72641038031882, 15.264827052821502, 13.846194206338602], [29.0, 29.0, 14.0]]
Velocity: [[0.0, 0.0, 0.0], [9.074445050749116, 0.03572258327209621, 8.412027835082272], [6.651965329569705, 14.229104469549405, 4.43416637125633], [12.273589619681179, 13.735172947178498, 0.15380579366139813]]
Attitude: [[0.0, 0.0, 0.0], [0.7475390695972799, 1.5679093516700198, 0.8232656157544957], [1.1510062528230218, 0.5118838206070564, 1.2956546666798556], [0.8415660736191315, 0.7293004114667039, 1.5624465811421142]]
Save Location: maps/map941/test.txt
