# Note +ve X is north
# Note +ve Y is West
# x, y, height
# waypoints
G: (11.0,-17.0,15)
G: (14.124520138962083,-16.436894627436658,15)
G: (17.517647711707646,-17.789489779828223,15)
G: (20.31184456566649,-19.83377372176414,15)
G: (23.518050983451474,-20.149341954938663,15)
G: (26.95364978056222,-19.288206394048643,15)
G: (29.0,-17.0,15)


# wall segments
# x1, y1, x2, y2, z
W: (40.0,-14.6,33.6,-19.0,3)
W: (33.6,-19.0,16.0,-18.6,3)
W: (16.0,-18.6,10.0,-14.6,3)
W: (10.0,-14.6,0.0,-14.6,3)
W: (0.0,-7.399999999999999,16.0,-7.399999999999999,3)
W: (16.0,-7.399999999999999,24.0,-13.4,3)
W: (24.0,-13.4,40.0,-7.399999999999999,3)


# environment settings
R: (0)
D: (1)
