Path: 5
Path Total Score: 2.4545167847207376
Waypoints: [[0.1, 0.1, 0.1], [7.104856301416912, 5.3861281300899355, 0.0681255469698594], [3.7586466036094612, 1.7855598850144638, 0.2348201477413181], [8.979105891634697, 7.6346127975342295, 0.3492674491898101], [4.845849381143106, 3.5556692139582537, 0.024549079148916686], [9.748609274965016, 8.695919110882055, 0.08024056972857685], [4.849945538794497, 4.435710611807707, 0.4216083397099607], [9.135815472366852, 9.902869542172258, 1.2135557501798884], [4.3745698868991125, 4.999503088856258, 0.7899198642737632], [5.0, 5.0, 2.5]]
Velocity: [[0.0, 0.0, 0.0], [7.004856301416912, 5.286128130089936, -0.03187445303014061], [-3.3462096978074505, -3.600568245075472, 0.1666946007714587], [5.220459288025236, 5.849052912519766, 0.11444730144849202], [-4.1332565104915915, -4.078943583575976, -0.32471837004089343], [4.90275989382191, 5.140249896923802, 0.05569149057966016], [-4.898663736170519, -4.2602084990743485, 0.34136776998138385], [4.285869933572355, 5.467158930364551, 0.7919474104699277], [-4.76124558546774, -4.903366453316, -0.4236358859061252], [0.6254301131008875, 0.0004969111437418405, 1.710080135726237]]
Attitude: [[0.0, 0.0, 0.0], [0.0, 0.0, 0.0], [0.0, 0.0, 0.0], [0.0, 0.0, 0.0], [0.0, 0.0, 0.0], [0.0, 0.0, 0.0], [0.0, 0.0, 0.0], [0.0, 0.0, 0.0], [0.0, 0.0, 0.0], [0.0, 0.0, 0.0]]
Save Location: maps/map3/test.txt
