Path: 1912
Path Score: 4.013634296086806
Waypoints: [[1.0, 1.0, 1.0], [8.469661386104097, 5.59096684474812, 2.5279558793890997], [22.31107341157168, 20.857103800923483, 7.836819148340205], [29.0, 29.0, 14.0]]
Velocity: [[0.0, 0.0, 0.0], [7.469661386104097, 4.59096684474812, 1.5279558793890997], [13.841412025467584, 15.266136956175362, 5.3088632689511055], [6.68892658842832, 8.142896199076517, 6.163180851659795]]
Attitude: [[0.0, 0.0, 0.0], [0.5747996990566772, 1.0288000156137393, 1.3982583619310816], [0.8626157847782515, 0.7707256430395505, 1.3186523451536383], [0.9909241630968201, 0.8405978425021317, 1.041586930795209]]
Save Location: maps/map2488/test.txt
