Path: 1827
Path Score: 4.1909068685607505
Waypoints: [[1.0, 1.0, 1.0], [5.142904841761517, 4.732071187514425, 9.090826078056057], [15.44249175683154, 18.284183195920107, 9.161844399110448], [29.0, 29.0, 14.0]]
Velocity: [[0.0, 0.0, 0.0], [4.142904841761517, 3.732071187514425, 8.090826078056057], [10.299586915070023, 13.552112008405683, 0.07101832105439065], [13.55750824316846, 10.715816804079893, 4.838155600889552]]
Attitude: [[0.0, 0.0, 0.0], [1.1355654236864037, 1.1812058528805445, 0.6034260736599171], [0.920933343828667, 0.6498810495431021, 1.5666241497346571], [0.714409075190648, 0.9308782745117469, 1.2978165450117953]]
Save Location: maps/map1638/test.txt
