Path: 249
Path Score: 4.207396910563144
Waypoints: [[1.0, 1.0, 1.0], [10.236205802881091, 6.726958385030271, 8.616461550781413], [22.909069045040045, 10.835196024953614, 13.228528156939884], [29.0, 29.0, 14.0]]
Velocity: [[0.0, 0.0, 0.0], [9.236205802881091, 5.726958385030271, 7.616461550781413], [12.672863242158954, 4.108237639923343, 4.612066606158471], [6.090930954959955, 18.164803975046386, 0.771471843060116]]
Attitude: [[0.0, 0.0, 0.0], [0.801018365502451, 1.1245932303302049, 0.9595076706588436], [0.4534987806724842, 1.2750977555205731, 1.2375144245096639], [1.2475348540835867, 0.325939212643112, 1.5305508334281337]]
Save Location: maps/map1487/test.txt
