# Note +ve X is north
# Note +ve Y is West
# x, y, height
# waypoints
G: (4.0,-2.0,10)
G: (20.589713049745754,2.031464829264273,10)
G: (39.11000137722887,1.6891056475954898,10)
G: (24.007788944494543,7.429205542324922,10)
G: (42.28195223156248,4.572363183710962,10)
G: (61.687095548069394,5.58035105817676,10)
G: (80.68957993703486,5.097596841763789,10)
G: (96.0,-2.0,10)


# wall segments
# x1, y1, x2, y2, z
W: (96.0,-9.200000000000003,64.0,-1.2000000000000028,30)
W: (64.0,-1.2000000000000028,0.0,-9.200000000000003,30)
W: (0.0,5.200000000000003,40.0,13.200000000000003,30)
W: (40.0,13.200000000000003,96.0,9.200000000000003,30)


# environment settings
R: (0)
D: (1)
