Path: 2169
Path Score: 4.115228964035427
Waypoints: [[1.0, 1.0, 1.0], [5.839689469355285, 6.231079992564079, 1.4400139470819306], [16.562231948918217, 23.36225528971405, 10.468909590942717], [29.0, 29.0, 14.0]]
Velocity: [[0.0, 0.0, 0.0], [4.839689469355285, 5.231079992564079, 0.44001394708193065], [10.722542479562932, 17.13117529714997, 9.028895643860785], [12.437768051081783, 5.637744710285951, 3.531090409057283]]
Attitude: [[0.0, 0.0, 0.0], [0.8259996858182699, 0.748605830934555, 1.5091311358387776], [1.0651083699389712, 0.6857718568380262, 1.1506478927962214], [0.4911333101171544, 1.159608420333512, 1.31776151037235]]
Save Location: maps/map2166/test.txt
