Path: 1530
Path Score: 4.554108030904152
Waypoints: [[1.0, 1.0, 1.0], [0.8300875511549277, 1.6500330013832676, 11.560854587793756], [12.613060744395664, 17.548051480031873, 8.080005726347148], [29.0, 29.0, 14.0]]
Velocity: [[0.0, 0.0, 0.0], [-0.16991244884507228, 0.6500330013832676, 10.560854587793756], [11.782973193240736, 15.898018478648606, -3.480848861446608], [16.386939255604336, 11.451948519968127, 5.919994273652852]]
Attitude: [[0.0, 0.0, 0.0], [1.5868534482018404, 1.5093306408644638, 0.06353355267918272], [0.9441379757177315, 0.6579489621676236, 1.7449174947781487], [0.6665783723714116, 0.989326980912511, 1.28290425102486]]
Save Location: maps/map49/test.txt
