Path: 4
Path Score: 4.134740089342779
Waypoints: [[1.0, 1.0, 1.0], [8.883832853990807, 7.619820070167713, 5.821889119101872], [16.72641038031882, 15.264827052821502, 13.846194206338602], [29.0, 29.0, 14.0]]
Velocity: [[0.0, 0.0, 0.0], [7.883832853990807, 6.619820070167713, 4.821889119101872], [7.842577526328014, 7.645006982653789, 8.02430508723673], [12.273589619681179, 13.735172947178498, 0.15380579366139813]]
Attitude: [[0.0, 0.0, 0.0], [0.8044304960935175, 0.9492050844908356, 1.1327513067607105], [0.9549782587311277, 0.9726943947487432, 0.9384844780674247], [0.8415660736191315, 0.7293004114667039, 1.5624465811421142]]
Save Location: maps/map2040/test.txt
