Path: 712
Path Score: 4.26286419622459
Waypoints: [[1.0, 1.0, 1.0], [7.279071891786115, 11.99037003440958, 7.619831722996372], [27.392959345270903, 23.005156066345783, 14.43568391042985], [29.0, 29.0, 14.0]]
Velocity: [[0.0, 0.0, 0.0], [6.279071891786115, 10.99037003440958, 6.619831722996372], [20.113887453484786, 11.014786031936204, 6.815852187433478], [1.6070406547290972, 5.9948439336542165, -0.4356839104298498]]
Attitude: [[0.0, 0.0, 0.0], [1.115662030937802, 0.6928797362779866, 1.088924427386206], [0.5721352026453658, 1.0923386722004917, 1.2818963187787822], [1.309541788024109, 0.27091869121991397, 1.6408792813009851]]
Save Location: maps/map1113/test.txt
