Path: 1125
Path Score: 4.006782091987908
Waypoints: [[1.0, 1.0, 1.0], [7.244355243304841, 4.686769508950413, 5.732290508395203], [19.150517884687012, 16.221567393022806, 9.065163787729501], [29.0, 29.0, 14.0]]
Velocity: [[0.0, 0.0, 0.0], [6.244355243304841, 3.6867695089504133, 4.732290508395203], [11.90616264138217, 11.534797884072393, 3.332873279334298], [9.849482115312988, 12.778432606977194, 4.934836212270499]]
Attitude: [[0.0, 0.0, 0.0], [0.7653529368027897, 1.1309818444795048, 0.9925991767107255], [0.7896003124836604, 0.8200745384266401, 1.3723914339809244], [0.9474095871230266, 0.7114898316461911, 1.2739640805957166]]
Save Location: maps/map2493/test.txt
