Path: 2224
Path Score: 4.2170284380579215
Waypoints: [[1.0, 1.0, 1.0], [5.7591996310330025, 10.496060591014656, 1.1961851557501069], [17.89500835598713, 12.238417992478578, 7.134004137824853], [29.0, 29.0, 14.0]]
Velocity: [[0.0, 0.0, 0.0], [4.7591996310330025, 9.496060591014656, 0.19618515575010687], [12.135808724954128, 1.7423574014639218, 5.937818982074746], [11.10499164401287, 16.761582007521422, 6.865995862175147]]
Attitude: [[0.0, 0.0, 0.0], [1.1062936554501903, 0.46492826404694765, 1.5523285842779897], [0.47154442146415887, 1.4425416936409072, 1.1197754461107785], [1.0208116603536068, 0.6617621353055158, 1.2417305692240037]]
Save Location: maps/map1425/test.txt
