Path: 714
Path Score: 4.165466948792086
Waypoints: [[1.0, 1.0, 1.0], [7.279071891786115, 11.99037003440958, 7.619831722996372], [20.610598369444524, 19.278006681353382, 8.827928443474919], [29.0, 29.0, 14.0]]
Velocity: [[0.0, 0.0, 0.0], [6.279071891786115, 10.99037003440958, 6.619831722996372], [13.331526477658409, 7.2876366469438025, 1.2080967204785473], [8.389401630555476, 9.721993318646618, 5.172071556525081]]
Attitude: [[0.0, 0.0, 0.0], [1.115662030937802, 0.6928797362779866, 1.088924427386206], [0.5059909679476717, 1.0722503219291184, 1.4914486722751807], [0.919766086046802, 0.7922213235648208, 1.1879058042443305]]
Save Location: maps/map1836/test.txt
