Path: 576
Path Score: 4.363156523340355
Waypoints: [[1.0, 1.0, 1.0], [8.077819295469498, 4.630177089274074, 13.001091877302175], [19.778926106740936, 25.028774492325528, 13.753258473645548], [29.0, 29.0, 14.0]]
Velocity: [[0.0, 0.0, 0.0], [7.077819295469498, 3.630177089274074, 12.001091877302175], [11.701106811271439, 20.398597403051454, 0.7521665963433737], [9.221073893259064, 3.971225507674472, 0.24674152635445168]]
Attitude: [[0.0, 0.0, 0.0], [1.0568857360289043, 1.315913356872022, 0.5853298029477871], [1.0502906018223281, 0.5216892441360815, 1.5388223901483276], [0.40736238913210576, 1.1642642704118822, 1.54622508670751]]
Save Location: maps/map505/test.txt
