Path: 2486
Path Score: 4.329358383890176
Waypoints: [[1.0, 1.0, 1.0], [12.386106231445222, 1.1077460717588705, 7.4490524792482224], [26.38955246870181, 17.442107880007757, 6.309566030629197], [29.0, 29.0, 14.0]]
Velocity: [[0.0, 0.0, 0.0], [11.386106231445222, 0.10774607175887052, 6.4490524792482224], [14.00344623725659, 16.334361808248886, -1.1394864486190253], [2.6104475312981883, 11.557892119992243, 7.690433969370803]]
Attitude: [[0.0, 0.0, 0.0], [0.5154044449224107, 1.562562589250552, 1.0554709245652716], [0.8632787472402877, 0.7103477096997286, 1.6237085869221828], [1.384929812396437, 0.6125168476528547, 0.995099526744653]]
Save Location: maps/map684/test.txt
