Path: 1127
Path Score: 4.015063037623287
Waypoints: [[1.0, 1.0, 1.0], [7.244355243304841, 4.686769508950413, 5.732290508395203], [24.231363728279373, 24.064238050008328, 9.859876317962396], [29.0, 29.0, 14.0]]
Velocity: [[0.0, 0.0, 0.0], [6.244355243304841, 3.6867695089504133, 4.732290508395203], [16.98700848497453, 19.377468541057915, 4.127585809567193], [4.768636271720627, 4.935761949991672, 4.140123682037604]]
Attitude: [[0.0, 0.0, 0.0], [0.7653529368027897, 1.1309818444795048, 0.9925991767107255], [0.8620210069381384, 0.7339989615020769, 1.4119694643317575], [0.9335872338350895, 0.9073880140782924, 1.02799260384737]]
Save Location: maps/map2486/test.txt
