Path: 345
Path Score: 4.100396453393114
Waypoints: [[1.0, 1.0, 1.0], [11.62421921707525, 9.637940007438962, 4.108292062461251], [20.852071857601725, 15.195208825034904, 7.612944235060696], [29.0, 29.0, 14.0]]
Velocity: [[0.0, 0.0, 0.0], [10.62421921707525, 8.637940007438962, 3.108292062461251], [9.227852640526475, 5.557268817595942, 3.504652172599445], [8.147928142398275, 13.804791174965096, 6.387055764939304]]
Attitude: [[0.0, 0.0, 0.0], [0.7126112608988734, 0.9081638967287853, 1.3475745118170808], [0.6187227724809717, 1.0580334072895443, 1.256250066109843], [1.0790221355094318, 0.643470475899189, 1.1916321938329075]]
Save Location: maps/map2246/test.txt
