Path: 2008
Path Score: 4.357846540905979
Waypoints: [[1.0, 1.0, 1.0], [1.6574939373145603, 7.640942564656317, 6.853106441814953], [17.21982023619961, 8.006705393204069, 10.081471535117235], [29.0, 29.0, 14.0]]
Velocity: [[0.0, 0.0, 0.0], [0.6574939373145603, 6.640942564656317, 5.853106441814953], [15.562326298885049, 0.36576282854775144, 3.2283650933022816], [11.78017976380039, 20.99329460679593, 3.9185284648827654]]
Attitude: [[0.0, 0.0, 0.0], [1.4966576018134188, 0.7255359120981532, 0.8507902510389312], [0.20581828907690372, 1.5477872563655417, 1.3663050194642485], [1.0667154657863167, 0.5340499258370055, 1.4094321512942536]]
Save Location: maps/map532/test.txt
