Path: 1711
Path Score: 4.243626159071054
Waypoints: [[1.0, 1.0, 1.0], [10.805725952785512, 11.283487147150078, 0.7484718343695662], [16.060622627406442, 22.284008548073043, 8.655570821620126], [29.0, 29.0, 14.0]]
Velocity: [[0.0, 0.0, 0.0], [9.805725952785512, 10.283487147150078, -0.2515281656304338], [5.25489667462093, 11.000521400922965, 7.90709898725056], [12.939377372593558, 6.715991451926957, 5.344429178379874]]
Attitude: [[0.0, 0.0, 0.0], [0.8093250089126587, 0.7617849255869302, 1.5884962164824006], [1.200774780038122, 0.712021965198802, 0.995412543183737], [0.5856835745155158, 1.123499545747589, 1.2194127759243851]]
Save Location: maps/map1238/test.txt
