Path: 594
Path Score: 4.553211606919755
Waypoints: [[1.0, 1.0, 1.0], [1.9869655009534015, 2.3470905443897805, 9.726710653669548], [4.285738701136791, 19.585317816941107, 12.839338817743226], [29.0, 29.0, 14.0]]
Velocity: [[0.0, 0.0, 0.0], [0.9869655009534015, 1.3470905443897805, 8.726710653669548], [2.298773200183389, 17.238227272551327, 3.112628164073678], [24.71426129886321, 9.414682183058893, 1.1606611822567743]]
Attitude: [[0.0, 0.0, 0.0], [1.4594850995761104, 1.4185963426785977, 0.18907565762625306], [1.4403109099832783, 0.2208103080605505, 1.393690545684633], [0.3664853104185652, 1.207193369817229, 1.5269377590332232]]
Save Location: maps/map51/test.txt
