Path: 698
Path Score: 4.268461878024311
Waypoints: [[1.0, 1.0, 1.0], [7.279071891786115, 11.99037003440958, 7.619831722996372], [18.441097262136424, 17.537267266708554, 6.281086639361177], [29.0, 29.0, 14.0]]
Velocity: [[0.0, 0.0, 0.0], [6.279071891786115, 10.99037003440958, 6.619831722996372], [11.162025370350309, 5.546897232298974, -1.338745083635195], [10.558902737863576, 11.462732733291446, 7.718913360638823]]
Attitude: [[0.0, 0.0, 0.0], [1.115662030937802, 0.6928797362779866, 1.088924427386206], [0.4725771134151478, 1.112436650074244, 1.6777924679029455], [0.9183550643402842, 0.8511782172620342, 1.1109269665548651]]
Save Location: maps/map1066/test.txt
