Path: 472
Path Score: 4.130857764991783
Waypoints: [[1.0, 1.0, 1.0], [11.29885047226655, 13.922680563011099, 6.0742347128672325], [18.987168424161545, 21.350324413129044, 10.434584031210562], [29.0, 29.0, 14.0]]
Velocity: [[0.0, 0.0, 0.0], [10.29885047226655, 12.922680563011099, 5.0742347128672325], [7.688317951894996, 7.427643850117946, 4.36034931834333], [10.012831575838455, 7.649675586870956, 3.565415968789438]]
Attitude: [[0.0, 0.0, 0.0], [0.932550665210745, 0.7263919285052141, 1.2728643435485965], [0.8420576968635035, 0.8719293498444396, 1.1835125264122583], [0.7003550436294252, 0.9469578898565721, 1.2950479413160163]]
Save Location: maps/map2072/test.txt
