Path: 187
Path Score: 4.570007369002337
Waypoints: [[1.0, 1.0, 1.0], [0.1034748464100077, 6.396090427855569, 9.25430405624771], [4.285738701136791, 19.585317816941107, 12.839338817743226], [29.0, 29.0, 14.0]]
Velocity: [[0.0, 0.0, 0.0], [-0.8965251535899923, 5.396090427855569, 8.25430405624771], [4.1822638547267825, 13.189227389085538, 3.585034761495516], [24.71426129886321, 9.414682183058893, 1.1606611822567743]]
Attitude: [[0.0, 0.0, 0.0], [1.6614577493511176, 0.9944855483118206, 0.5852456997051783], [1.2738492027397477, 0.39563130021718873, 1.317270560287632], [0.3664853104185652, 1.207193369817229, 1.5269377590332232]]
Save Location: maps/map37/test.txt
