Path: 2054
Path Score: 4.363231120211063
Waypoints: [[1.0, 1.0, 1.0], [1.6574939373145603, 7.640942564656317, 6.853106441814953], [6.182946964185052, 24.399637540719603, 12.353833088001682], [29.0, 29.0, 14.0]]
Velocity: [[0.0, 0.0, 0.0], [0.6574939373145603, 6.640942564656317, 5.853106441814953], [4.525453026870492, 16.758694976063286, 5.500726646186729], [22.817053035814947, 4.600362459280397, 1.6461669119983178]]
Attitude: [[0.0, 0.0, 0.0], [1.4966576018134188, 0.7255359120981532, 0.8507902510389312], [1.3196449154894032, 0.40190077136257024, 1.2639251562561855], [0.2109530550983087, 1.3723463749952485, 1.5001906908246303]]
Save Location: maps/map503/test.txt
