Path: 1008
Path Score: 4.508873734707801
Waypoints: [[1.0, 1.0, 1.0], [7.03200889148945, 11.212381035806049, 2.4091861245466912], [6.182946964185052, 24.399637540719603, 12.353833088001682], [29.0, 29.0, 14.0]]
Velocity: [[0.0, 0.0, 0.0], [6.03200889148945, 10.212381035806049, 1.4091861245466912], [-0.8490619273043976, 13.187256504913554, 9.944646963454991], [22.817053035814947, 4.600362459280397, 1.6461669119983178]]
Attitude: [[0.0, 0.0, 0.0], [1.0413956223611207, 0.5452295055399751, 1.4525400011168248], [1.6221575398171346, 0.6478732208782717, 0.9256638340613337], [0.2109530550983087, 1.3723463749952485, 1.5001906908246303]]
Save Location: maps/map103/test.txt
