Path: 705
Path Score: 4.542938748853263
Waypoints: [[1.0, 1.0, 1.0], [7.279071891786115, 11.99037003440958, 7.619831722996372], [6.596290149546203, 22.34738075894622, 14.267155835962525], [29.0, 29.0, 14.0]]
Velocity: [[0.0, 0.0, 0.0], [6.279071891786115, 10.99037003440958, 6.619831722996372], [-0.6827817422399125, 10.35701072453664, 6.647324112966153], [22.403709850453797, 6.652619241053781, -0.2671558359625248]]
Attitude: [[0.0, 0.0, 0.0], [1.115662030937802, 0.6928797362779866, 1.088924427386206], [1.62622004719209, 0.5729903969286966, 1.001179113765622], [0.2888695544722783, 1.2821661018601413, 1.582227121859774]]
Save Location: maps/map56/test.txt
