Path: 1119
Path Score: 4.172951742049328
Waypoints: [[1.0, 1.0, 1.0], [7.244355243304841, 4.686769508950413, 5.732290508395203], [10.81745541664519, 17.765990078921153, 6.9670533080542265], [29.0, 29.0, 14.0]]
Velocity: [[0.0, 0.0, 0.0], [6.244355243304841, 3.6867695089504133, 4.732290508395203], [3.5731001733403494, 13.07922056997074, 1.2347627996590234], [18.18254458335481, 11.234009921078847, 7.0329466919457735]]
Attitude: [[0.0, 0.0, 0.0], [0.7653529368027897, 1.1309818444795048, 0.9925991767107255], [1.3052401867361503, 0.2813728287317062, 1.4799776010049543], [0.6298821484480811, 1.0480294904711909, 1.2528998172006138]]
Save Location: maps/map1781/test.txt
