Path: 105
Path Score: 4.292806047258767
Waypoints: [[1.0, 1.0, 1.0], [6.844542921659472, 12.575654287568902, 0.7512941296865822], [15.400672772919897, 26.69900395650807, 5.879479941270359], [29.0, 29.0, 14.0]]
Velocity: [[0.0, 0.0, 0.0], [5.844542921659472, 11.575654287568902, -0.24870587031341784], [8.556129851260426, 14.123349668939166, 5.128185811583777], [13.599327227080103, 2.3009960434919314, 8.12052005872964]]
Attitude: [[0.0, 0.0, 0.0], [1.103329579532339, 0.4679236243581791, 1.5899732357353402], [1.053151681563781, 0.6149383381453235, 1.2696834304800688], [0.5554547236335042, 1.4265344991304623, 1.0386836664292136]]
Save Location: maps/map912/test.txt
