Path: 2217
Path Score: 4.250352808991964
Waypoints: [[1.0, 1.0, 1.0], [5.7591996310330025, 10.496060591014656, 1.1961851557501069], [26.76543196640594, 17.456646557356017, 7.05435308823407], [29.0, 29.0, 14.0]]
Velocity: [[0.0, 0.0, 0.0], [4.7591996310330025, 9.496060591014656, 0.19618515575010687], [21.00623233537294, 6.960585966341361, 5.858167932483963], [2.2345680335940585, 11.543353442643983, 6.94564691176593]]
Attitude: [[0.0, 0.0, 0.0], [1.1062936554501903, 0.46492826404694765, 1.5523285842779897], [0.40870682376936135, 1.2618384763241453, 1.3120094574908627], [1.4064235659655742, 0.5636700246717852, 1.0372176653267735]]
Save Location: maps/map1190/test.txt
