Path: 302
Path Score: 4.431221224482105
Waypoints: [[1.0, 1.0, 1.0], [11.62421921707525, 9.637940007438962, 4.108292062461251], [10.81745541664519, 17.765990078921153, 6.9670533080542265], [29.0, 29.0, 14.0]]
Velocity: [[0.0, 0.0, 0.0], [10.62421921707525, 8.637940007438962, 3.108292062461251], [-0.8067638004300601, 8.12805007148219, 2.8587612455929756], [18.18254458335481, 11.234009921078847, 7.0329466919457735]]
Attitude: [[0.0, 0.0, 0.0], [0.7126112608988734, 0.9081638967287853, 1.3475745118170808], [1.6641582310491396, 0.35037430418040066, 1.234125364594771], [0.6298821484480811, 1.0480294904711909, 1.2528998172006138]]
Save Location: maps/map265/test.txt
