# waypoints
G: (11.0,-17.0,15)
G: (13.694743745655272,-15.305310684724262,15)
G: (16.393974488496028,-13.37507625026643,15)
G: (19.98697301538349,-12.012126839116492,15)
G: (23.319041966716583,-12.791118552129424,15)
G: (25.931532205376715,-14.73616649867961,15)
G: (29.0,-17.0,15)


# wall segments
W: (30.0,-18.8,23.0,-15.8,3)
W: (23.0,-15.8,19.8,-14.0,3)
W: (19.8,-14.0,10.0,-18.8,3)
W: (10.0,-15.2,13.0,-13.2,3)
W: (13.0,-13.2,16.0,-11.2,3)
W: (16.0,-11.2,23.0,-11.2,3)
W: (23.0,-11.2,30.0,-15.2,3)


# environment settings
R: (0)
D: (1)
