Path: 889
Path Score: 4.234378857453474
Waypoints: [[1.0, 1.0, 1.0], [13.622214221490246, 10.560085107867, 6.307093757900562], [18.441097262136424, 17.537267266708554, 6.281086639361177], [29.0, 29.0, 14.0]]
Velocity: [[0.0, 0.0, 0.0], [12.622214221490246, 9.560085107867, 5.307093757900562], [4.818883040646178, 6.977182158841554, -0.02600711853938531], [10.558902737863576, 11.462732733291446, 7.718913360638823]]
Attitude: [[0.0, 0.0, 0.0], [0.7138698155414545, 0.9612815674177257, 1.2473929819737224], [0.9663674360448165, 0.604438949021727, 1.5738633584756052], [0.9183550643402842, 0.8511782172620342, 1.1109269665548651]]
Save Location: maps/map1306/test.txt
