Path: 1020
Path Score: 4.138733748035514
Waypoints: [[1.0, 1.0, 1.0], [5.124139793286082, 11.529276214212281, 3.1169525438428494], [25.428707168258946, 19.405189246924685, 11.09112041789754], [29.0, 29.0, 14.0]]
Velocity: [[0.0, 0.0, 0.0], [4.124139793286082, 10.529276214212281, 2.1169525438428494], [20.304567374972862, 7.875913032712404, 7.974167874054691], [3.5712928317410544, 9.594810753075315, 2.9088795821024593]]
Attitude: [[0.0, 0.0, 0.0], [1.2041596665548568, 0.4147337109116922, 1.3857324418142094], [0.5043696405745377, 1.2243169081937173, 1.219809072222599], [1.228608075856676, 0.4475659367165343, 1.29396325921033]]
Save Location: maps/map2010/test.txt
