Path: 135
Path Score: 4.1968682701316125
Waypoints: [[1.0, 1.0, 1.0], [1.4054990619177365, 2.018923329900705, 5.290815032320245], [12.697608925444278, 6.8811022717284045, 6.207161753256], [29.0, 29.0, 14.0]]
Velocity: [[0.0, 0.0, 0.0], [0.40549906191773655, 1.018923329900705, 4.290815032320245], [11.292109863526541, 4.8621789418276995, 0.9163467209357545], [16.30239107455572, 22.118897728271595, 7.792838246744]]
Attitude: [[0.0, 0.0, 0.0], [1.479107067399564, 1.338645930601151, 0.2502235615876531], [0.41296605256731206, 1.1653979464451107, 1.4964002825219447], [0.9633309676517934, 0.6849688146731624, 1.2944451911667574]]
Save Location: maps/map1591/test.txt
