Path: 22
Path Score: 4.022337489853036
Waypoints: [[1.0, 1.0, 1.0], [8.883832853990807, 7.619820070167713, 5.821889119101872], [18.987168424161545, 21.350324413129044, 10.434584031210562], [29.0, 29.0, 14.0]]
Velocity: [[0.0, 0.0, 0.0], [7.883832853990807, 6.619820070167713, 4.821889119101872], [10.103335570170739, 13.730504342961332, 4.61269491210869], [10.012831575838455, 7.649675586870956, 3.565415968789438]]
Attitude: [[0.0, 0.0, 0.0], [0.8044304960935175, 0.9492050844908356, 1.1327513067607105], [0.9617350705299719, 0.6801396428705687, 1.3065392544578311], [0.7003550436294252, 0.9469578898565721, 1.2950479413160163]]
Save Location: maps/map2473/test.txt
