Path: 2070
Path Score: 4.248141571444549
Waypoints: [[1.0, 1.0, 1.0], [2.1051801977178286, 12.705542697858661, 1.33533427386211], [16.060622627406442, 22.284008548073043, 8.655570821620126], [29.0, 29.0, 14.0]]
Velocity: [[0.0, 0.0, 0.0], [1.1051801977178286, 11.705542697858661, 0.3353342738621099], [13.955442429688613, 9.578465850214382, 7.320236547758016], [12.939377372593558, 6.715991451926957, 5.344429178379874]]
Attitude: [[0.0, 0.0, 0.0], [1.4766986395106851, 0.09834724994807642, 1.5422834159518], [0.7124799288445991, 1.0246492913989251, 1.162610734864616], [0.5856835745155158, 1.123499545747589, 1.2194127759243851]]
Save Location: maps/map1203/test.txt
