Path: 1961
Path Score: 4.317255675586001
Waypoints: [[1.0, 1.0, 1.0], [7.908661902969909, 13.249370598681029, 5.122888052721978], [11.40378861351021, 23.288761880938765, 11.804403224732908], [29.0, 29.0, 14.0]]
Velocity: [[0.0, 0.0, 0.0], [6.908661902969909, 12.249370598681029, 4.122888052721978], [3.495126710540301, 10.039391282257736, 6.681515172010931], [17.59621138648979, 5.711238119061235, 2.1955967752670915]]
Attitude: [[0.0, 0.0, 0.0], [1.0799032623057099, 0.5811391675180452, 1.2856207472042467], [1.2887021472359625, 0.6441967417754105, 1.0096630630625545], [0.33465120952432154, 1.2592127196021017, 1.4526670982553629]]
Save Location: maps/map745/test.txt
