Path: 5
Path Score: 1.4825192796751998
Waypoints: [[1.0, 1.0, 1.0], [10.901780167758412, 9.702650763577749, 4.710393697848822], [29.0, 29.0, 14.0]]
Velocity: [[0.0, 0.0, 0.0], [9.901780167758412, 8.702650763577749, 3.710393697848822], [18.09821983224159, 19.29734923642225, 9.289606302151178]]
Attitude: [[0.0, 0.0, 0.0], [0.7626172311129232, 0.8821795934062984, 1.2964332660339974], [0.8691870698219087, 0.8117733262090894, 1.2331144176862394]]
Save Location: maps/map8/test.txt
