Path: 296
Path Score: 4.300528734738171
Waypoints: [[1.0, 1.0, 1.0], [11.62421921707525, 9.637940007438962, 4.108292062461251], [16.72641038031882, 15.264827052821502, 13.846194206338602], [29.0, 29.0, 14.0]]
Velocity: [[0.0, 0.0, 0.0], [10.62421921707525, 8.637940007438962, 3.108292062461251], [5.102191163243571, 5.62688704538254, 9.737902143877351], [12.273589619681179, 13.735172947178498, 0.15380579366139813]]
Attitude: [[0.0, 0.0, 0.0], [0.7126112608988734, 0.9081638967287853, 1.3475745118170808], [1.1449024359757123, 1.0977269594127346, 0.6624331234378705], [0.8415660736191315, 0.7293004114667039, 1.5624465811421142]]
Save Location: maps/map865/test.txt
