Path: 2474
Path Score: 4.26733808749605
Waypoints: [[1.0, 1.0, 1.0], [12.386106231445222, 1.1077460717588705, 7.4490524792482224], [20.225861212634335, 15.04532595668622, 11.643310714362196], [29.0, 29.0, 14.0]]
Velocity: [[0.0, 0.0, 0.0], [11.386106231445222, 0.10774607175887052, 6.4490524792482224], [7.839754981189113, 13.937579884927349, 4.194258235113973], [8.774138787365665, 13.95467404331378, 2.3566892856378043]]
Attitude: [[0.0, 0.0, 0.0], [0.5154044449224107, 1.562562589250552, 1.0554709245652716], [1.0767245308686337, 0.5678436442208666, 1.3142884947423874], [1.0158144950798451, 0.5771097040965634, 1.4287893660504631]]
Save Location: maps/map1071/test.txt
