Path: 929
Path Score: 4.362464195044424
Waypoints: [[1.0, 1.0, 1.0], [7.363766588778974, 0.518530266354752, 10.190548616200227], [20.852071857601725, 15.195208825034904, 7.612944235060696], [29.0, 29.0, 14.0]]
Velocity: [[0.0, 0.0, 0.0], [6.363766588778974, -0.48146973364524803, 9.190548616200227], [13.488305268822751, 14.676678558680152, -2.5776043811395306], [8.147928142398275, 13.804791174965096, 6.387055764939304]]
Attitude: [[0.0, 0.0, 0.0], [0.9658135015594402, 1.6138399388547588, 0.6069604064989591], [0.835128898567265, 0.7521712652060424, 1.6993937349763635], [1.0790221355094318, 0.643470475899189, 1.1916321938329075]]
Save Location: maps/map510/test.txt
