Path: 2322
Path Score: 4.245342210916153
Waypoints: [[1.0, 1.0, 1.0], [4.608820246079843, 7.120273707001329, 9.286680001717013], [12.699318080032214, 19.485873547121262, 13.643108962855027], [29.0, 29.0, 14.0]]
Velocity: [[0.0, 0.0, 0.0], [3.6088202460798433, 6.120273707001329, 8.286680001717013], [8.09049783395237, 12.365599840119934, 4.356428961138015], [16.300681919967786, 9.514126452878738, 0.3568910371449725]]
Attitude: [[0.0, 0.0, 0.0], [1.233845257898589, 0.9755770124671417, 0.7087760394342274], [1.017899352429966, 0.639068092062544, 1.2841092168525494], [0.5286275051045267, 1.042579273198718, 1.5518895222311728]]
Save Location: maps/map1221/test.txt
