Path: 409
Path Score: 4.158513321039702
Waypoints: [[1.0, 1.0, 1.0], [8.23561037690084, 4.511685430060676, 8.33124458240136], [24.80078989068509, 16.52228778449424, 8.560347909072977], [29.0, 29.0, 14.0]]
Velocity: [[0.0, 0.0, 0.0], [7.235610376900841, 3.511685430060676, 7.331244582401361], [16.565179513784248, 12.010602354433562, 0.22910332667161626], [4.199210109314912, 12.477712215505761, 5.439652090927023]]
Attitude: [[0.0, 0.0, 0.0], [0.8434728410597166, 1.2422312953632766, 0.8316455994328315], [0.6274281589420085, 0.9435000577691613, 1.559599817460317], [1.2715632840353657, 0.5034073100322944, 1.1789804677621314]]
Save Location: maps/map1889/test.txt
