Path: 1897
Path Score: 4.007049665530412
Waypoints: [[1.0, 1.0, 1.0], [8.469661386104097, 5.59096684474812, 2.5279558793890997], [21.391366360934747, 19.016584990160858, 9.132275513596717], [29.0, 29.0, 14.0]]
Velocity: [[0.0, 0.0, 0.0], [7.469661386104097, 4.59096684474812, 1.5279558793890997], [12.92170497483065, 13.425618145412738, 6.604319634207617], [7.608633639065253, 9.983415009839142, 4.867724486403283]]
Attitude: [[0.0, 0.0, 0.0], [0.5747996990566772, 1.0288000156137393, 1.3982583619310816], [0.8584426940645137, 0.8242519671917873, 1.2301828217677573], [0.9701837951063373, 0.7354334851728955, 1.20085483013767]]
Save Location: maps/map2492/test.txt
