Path: 1863
Path Score: 4.193817424683879
Waypoints: [[1.0, 1.0, 1.0], [5.142904841761517, 4.732071187514425, 9.090826078056057], [14.31024281394206, 14.397341180730484, 10.344580509492056], [29.0, 29.0, 14.0]]
Velocity: [[0.0, 0.0, 0.0], [4.142904841761517, 3.732071187514425, 8.090826078056057], [9.167337972180542, 9.665269993216059, 1.2537544314359987], [14.68975718605794, 14.602658819269516, 3.655419490507944]]
Attitude: [[0.0, 0.0, 0.0], [1.1355654236864037, 1.1812058528805445, 0.6034260736599171], [0.8159967528583264, 0.7635918789884001, 1.4769563591661343], [0.7976180124622528, 0.8033878261380559, 1.3961151528842315]]
Save Location: maps/map1622/test.txt
