Path: 1122
Path Score: 4.0648764528530235
Waypoints: [[1.0, 1.0, 1.0], [7.244355243304841, 4.686769508950413, 5.732290508395203], [24.417165918970664, 21.028566972505814, 13.862338142170172], [29.0, 29.0, 14.0]]
Velocity: [[0.0, 0.0, 0.0], [6.244355243304841, 3.6867695089504133, 4.732290508395203], [17.172810675665822, 16.3417974635554, 8.130047633774968], [4.582834081029336, 7.971433027494186, 0.1376618578298281]]
Attitude: [[0.0, 0.0, 0.0], [0.7653529368027897, 1.1309818444795048, 0.9925991767107255], [0.8158653373292787, 0.8604730629678977, 1.240409052215516], [1.0490962265383572, 0.5219593966089846, 1.5558258939074248]]
Save Location: maps/map2383/test.txt
