Path: 1570
Path Score: 4.002792976605635
Waypoints: [[1.0, 1.0, 1.0], [5.1328300726842055, 6.167067988359742, 4.338023583503114], [21.391366360934747, 19.016584990160858, 9.132275513596717], [29.0, 29.0, 14.0]]
Velocity: [[0.0, 0.0, 0.0], [4.1328300726842055, 5.167067988359742, 3.338023583503114], [16.25853628825054, 12.849517001801116, 4.794251930093603], [7.608633639065253, 9.983415009839142, 4.867724486403283]]
Attitude: [[0.0, 0.0, 0.0], [0.9792202736645594, 0.799275207152919, 1.1035589735254734], [0.7007333470106306, 0.9221604842875927, 1.3434486730613946], [0.9701837951063373, 0.7354334851728955, 1.20085483013767]]
Save Location: maps/map2495/test.txt
