Path: 1347
Path Score: 4.279454884883435
Waypoints: [[1.0, 1.0, 1.0], [2.1166871798879825, 7.959406805005861, 2.641112218552253], [8.159225786633002, 22.267181592153765, 7.3392383843274605], [29.0, 29.0, 14.0]]
Velocity: [[0.0, 0.0, 0.0], [1.1166871798879825, 6.959406805005861, 1.6411122185522529], [6.042538606745019, 14.307774787147904, 4.698126165775207], [20.840774213367, 6.732818407846235, 6.6607616156725395]]
Attitude: [[0.0, 0.0, 0.0], [1.4158739947349994, 0.27784815422419984, 1.3420381855188857], [1.189214890488589, 0.49122152735778835, 1.2770549275711398], [0.42653797996828985, 1.2722670340266777, 1.2755587507369637]]
Save Location: maps/map998/test.txt
