Path: 311
Path Score: 4.216437788337476
Waypoints: [[1.0, 1.0, 1.0], [11.62421921707525, 9.637940007438962, 4.108292062461251], [14.43692874246404, 21.36894668574859, 11.322509376936443], [29.0, 29.0, 14.0]]
Velocity: [[0.0, 0.0, 0.0], [10.62421921707525, 8.637940007438962, 3.108292062461251], [2.81270952538879, 11.731006678309628, 7.214217314475192], [14.56307125753596, 7.63105331425141, 2.677490623063557]]
Attitude: [[0.0, 0.0, 0.0], [0.7126112608988734, 0.9081638967287853, 1.3475745118170808], [1.3693296483874338, 0.5834133107035908, 1.0318335228780782], [0.5069175043207065, 1.0949344880442036, 1.4093618733327953]]
Save Location: maps/map1426/test.txt
