Path: 1423
Path Score: 4.263437931256741
Waypoints: [[1.0, 1.0, 1.0], [10.074445050749116, 1.0357225832720962, 9.412027835082272], [18.987168424161545, 21.350324413129044, 10.434584031210562], [29.0, 29.0, 14.0]]
Velocity: [[0.0, 0.0, 0.0], [9.074445050749116, 0.03572258327209621, 8.412027835082272], [8.91272337341243, 20.314601829856947, 1.0225561961282903], [10.012831575838455, 7.649675586870956, 3.565415968789438]]
Attitude: [[0.0, 0.0, 0.0], [0.7475390695972799, 1.5679093516700198, 0.8232656157544957], [1.1578152156261137, 0.41585737256191824, 1.5247341442057525], [0.7003550436294252, 0.9469578898565721, 1.2950479413160163]]
Save Location: maps/map1104/test.txt
