Path: 2148
Path Score: 4.256667480104081
Waypoints: [[1.0, 1.0, 1.0], [7.976694836660609, 10.929766397758005, 9.409001445334173], [20.24894541404868, 13.704934531749169, 10.28792228211892], [29.0, 29.0, 14.0]]
Velocity: [[0.0, 0.0, 0.0], [6.976694836660609, 9.929766397758005, 8.409001445334173], [12.272250577388071, 2.775168133991164, 0.8789208367847472], [8.75105458595132, 15.295065468250831, 3.7120777178810798]]
Attitude: [[0.0, 0.0, 0.0], [1.0786293818483852, 0.8331465441750755, 0.9648405508336908], [0.23289935151788818, 1.3489528607872565, 1.5010548579200282], [1.0633520659267364, 0.5560751825583984, 1.3631766434720947]]
Save Location: maps/map1153/test.txt
