Path: 1093
Path Score: 4.243354111930339
Waypoints: [[1.0, 1.0, 1.0], [6.277705044557794, 0.35330246109405494, 2.6825947684151497], [17.89500835598713, 12.238417992478578, 7.134004137824853], [29.0, 29.0, 14.0]]
Velocity: [[0.0, 0.0, 0.0], [5.277705044557794, -0.6466975389059451, 1.6825947684151497], [11.617303311429335, 11.885115531384523, 4.451409369409703], [11.10499164401287, 16.761582007521422, 6.865995862175147]]
Attitude: [[0.0, 0.0, 0.0], [0.32912608513099045, 1.687014641004876, 1.264321452563771], [0.8295541710719148, 0.8082427904880632, 1.3091009251894183], [1.0208116603536068, 0.6617621353055158, 1.2417305692240037]]
Save Location: maps/map1242/test.txt
