Path: 367
Path Score: 4.493440319082557
Waypoints: [[1.0, 1.0, 1.0], [5.0694130019156045, 0.10947803648002186, 11.387112714668532], [10.035552414872543, 14.727385926720864, 12.424650413075828], [29.0, 29.0, 14.0]]
Velocity: [[0.0, 0.0, 0.0], [4.0694130019156045, -0.8905219635199781, 10.387112714668532], [4.966139412956938, 14.617907890240842, 1.037537698407295], [18.96444758512746, 14.272614073279136, 1.5753495869241725]]
Attitude: [[0.0, 0.0, 0.0], [1.1986423454069668, 1.65045321960768, 0.3814078923026202], [1.2440645151537593, 0.3340577359386445, 1.5036924505462215], [0.6480734763088719, 0.9272854822750475, 1.5045215484811172]]
Save Location: maps/map124/test.txt
