Path: 1828
Path Score: 4.2767170648256485
Waypoints: [[1.0, 1.0, 1.0], [5.142904841761517, 4.732071187514425, 9.090826078056057], [17.495244973045097, 26.03561227858441, 12.515738341607829], [29.0, 29.0, 14.0]]
Velocity: [[0.0, 0.0, 0.0], [4.142904841761517, 3.732071187514425, 8.090826078056057], [12.35234013128358, 21.303541091069985, 3.4249122635517715], [11.504755026954903, 2.9643877214155907, 1.484261658392171]]
Attitude: [[0.0, 0.0, 0.0], [1.1355654236864037, 1.1812058528805445, 0.6034260736599171], [1.0508619122329457, 0.5416691987895208, 1.4326035703122528], [0.2805594303655102, 1.3206025270465491, 1.4465080099651364]]
Save Location: maps/map1018/test.txt
