Path: 318
Path Score: 4.540173080567105
Waypoints: [[1.0, 1.0, 1.0], [11.62421921707525, 9.637940007438962, 4.108292062461251], [9.057942771808293, 22.483164120725405, 13.633419250864584], [29.0, 29.0, 14.0]]
Velocity: [[0.0, 0.0, 0.0], [10.62421921707525, 8.637940007438962, 3.108292062461251], [-2.5662764452669578, 12.845224113286443, 9.525127188403333], [19.942057228191707, 6.516835879274595, 0.36658074913541583]]
Attitude: [[0.0, 0.0, 0.0], [0.7126112608988734, 0.9081638967287853, 1.3475745118170808], [1.7299172400734435, 0.6549045361975784, 0.9420732946847439], [0.3163154151017467, 1.2549974740262801, 1.5533251264663486]]
Save Location: maps/map60/test.txt
