Path: 1014
Path Score: 4.117170789078829
Waypoints: [[1.0, 1.0, 1.0], [5.124139793286082, 11.529276214212281, 3.1169525438428494], [15.326606466973086, 21.339557800606936, 5.709370475713641], [29.0, 29.0, 14.0]]
Velocity: [[0.0, 0.0, 0.0], [4.124139793286082, 10.529276214212281, 2.1169525438428494], [10.202466673687004, 9.810281586394655, 2.5924179318707914], [13.673393533026914, 7.660442199393064, 8.29062952428636]]
Attitude: [[0.0, 0.0, 0.0], [1.2041596665548568, 0.4147337109116922, 1.3857324418142094], [0.7826740334660334, 0.8206099480575321, 1.3896445516076068], [0.690120256163992, 1.1240390241586073, 1.0842390444713212]]
Save Location: maps/map2151/test.txt
