Path: 1563
Path Score: 4.066141254813157
Waypoints: [[1.0, 1.0, 1.0], [5.1328300726842055, 6.167067988359742, 4.338023583503114], [19.70415101856637, 13.671074305937509, 12.81372080915123], [29.0, 29.0, 14.0]]
Velocity: [[0.0, 0.0, 0.0], [4.1328300726842055, 5.167067988359742, 3.338023583503114], [14.571320945882166, 7.504006317577767, 8.475697225648116], [9.295848981433629, 15.328925694062491, 1.1862791908487704]]
Attitude: [[0.0, 0.0, 0.0], [0.9792202736645594, 0.799275207152919, 1.1035589735254734], [0.6604861019768283, 1.1519789544920715, 1.0935429415090647], [1.0269884977688475, 0.548718444626354, 1.5047210663746937]]
Save Location: maps/map2378/test.txt
