Path: 902
Path Score: 4.124476496411412
Waypoints: [[1.0, 1.0, 1.0], [13.622214221490246, 10.560085107867, 6.307093757900562], [20.610598369444524, 19.278006681353382, 8.827928443474919], [29.0, 29.0, 14.0]]
Velocity: [[0.0, 0.0, 0.0], [12.622214221490246, 9.560085107867, 5.307093757900562], [6.988384147954278, 8.717921573486382, 2.520834685574357], [8.389401630555476, 9.721993318646618, 5.172071556525081]]
Attitude: [[0.0, 0.0, 0.0], [0.7138698155414545, 0.9612815674177257, 1.2473929819737224], [0.9145770845237259, 0.7057517639360431, 1.348896551076552], [0.919766086046802, 0.7922213235648208, 1.1879058042443305]]
Save Location: maps/map2107/test.txt
