Path: 406
Path Score: 4.145064304290608
Waypoints: [[1.0, 1.0, 1.0], [8.23561037690084, 4.511685430060676, 8.33124458240136], [16.562231948918217, 23.36225528971405, 10.468909590942717], [29.0, 29.0, 14.0]]
Velocity: [[0.0, 0.0, 0.0], [7.235610376900841, 3.511685430060676, 7.331244582401361], [8.326621572017377, 18.850569859653373, 2.137665008541356], [12.437768051081783, 5.637744710285951, 3.531090409057283]]
Attitude: [[0.0, 0.0, 0.0], [0.8434728410597166, 1.2422312953632766, 0.8316455994328315], [1.1572079161677435, 0.42786662183308233, 1.4674345438990213], [0.4911333101171544, 1.159608420333512, 1.31776151037235]]
Save Location: maps/map1973/test.txt
