Path: 587
Path Score: 4.387994250119849
Waypoints: [[1.0, 1.0, 1.0], [8.077819295469498, 4.630177089274074, 13.001091877302175], [20.610598369444524, 19.278006681353382, 8.827928443474919], [29.0, 29.0, 14.0]]
Velocity: [[0.0, 0.0, 0.0], [7.077819295469498, 3.630177089274074, 12.001091877302175], [12.532779073975027, 14.647829592079308, -4.173163433827256], [8.389401630555476, 9.721993318646618, 5.172071556525081]]
Attitude: [[0.0, 0.0, 0.0], [1.0568857360289043, 1.315913356872022, 0.5853298029477871], [0.8822691651748489, 0.733804782106717, 1.7839831158309714], [0.919766086046802, 0.7922213235648208, 1.1879058042443305]]
Save Location: maps/map402/test.txt
