Path: 1007
Path Score: 4.123604135121547
Waypoints: [[1.0, 1.0, 1.0], [7.03200889148945, 11.212381035806049, 2.4091861245466912], [24.539485932888955, 19.73672816277327, 8.00225603479158], [29.0, 29.0, 14.0]]
Velocity: [[0.0, 0.0, 0.0], [6.03200889148945, 10.212381035806049, 1.4091861245466912], [17.507477041399504, 8.524347126967223, 5.593069910244889], [4.4605140671110455, 9.263271837226728, 5.99774396520842]]
Attitude: [[0.0, 0.0, 0.0], [1.0413956223611207, 0.5452295055399751, 1.4525400011168248], [0.5273386310495097, 1.1365219878314956, 1.2910959771352821], [1.1866756395694507, 0.678936129498745, 1.0426972103159322]]
Save Location: maps/map2111/test.txt
