Path: 787
Path Score: 4.413477920993383
Waypoints: [[1.0, 1.0, 1.0], [4.844954787942095, 14.493280729732227, 5.905721797057641], [10.035552414872543, 14.727385926720864, 12.424650413075828], [29.0, 29.0, 14.0]]
Velocity: [[0.0, 0.0, 0.0], [3.844954787942095, 13.493280729732227, 4.905721797057641], [5.1905976269304475, 0.23410519698863652, 6.5189286160181865], [18.96444758512746, 14.272614073279136, 1.5753495869241725]]
Attitude: [[0.0, 0.0, 0.0], [1.3091332202726853, 0.43273101466224884, 1.2344339666278068], [0.8986694702397604, 1.5427099356605807, 0.6729360229882774], [0.6480734763088719, 0.9272854822750475, 1.5045215484811172]]
Save Location: maps/map318/test.txt
