Path: 1601
Path Score: 4.030732146622999
Waypoints: [[1.0, 1.0, 1.0], [5.1328300726842055, 6.167067988359742, 4.338023583503114], [20.24894541404868, 13.704934531749169, 10.28792228211892], [29.0, 29.0, 14.0]]
Velocity: [[0.0, 0.0, 0.0], [4.1328300726842055, 5.167067988359742, 3.338023583503114], [15.116115341364475, 7.537866543389427, 5.949898698615806], [8.75105458595132, 15.295065468250831, 3.7120777178810798]]
Attitude: [[0.0, 0.0, 0.0], [0.9792202736645594, 0.799275207152919, 1.1035589735254734], [0.5659668094483037, 1.1363504426831421, 1.2321219092945939], [1.0633520659267364, 0.5560751825583984, 1.3631766434720947]]
Save Location: maps/map2464/test.txt
