Path: 1086
Path Score: 4.196753853894137
Waypoints: [[1.0, 1.0, 1.0], [5.124139793286082, 11.529276214212281, 3.1169525438428494], [17.142077840697404, 12.866671640253438, 8.671369517017055], [29.0, 29.0, 14.0]]
Velocity: [[0.0, 0.0, 0.0], [4.124139793286082, 10.529276214212281, 2.1169525438428494], [12.017938047411322, 1.337395426041157, 5.554416973174206], [11.857922159302596, 16.133328359746564, 5.328630482982945]]
Attitude: [[0.0, 0.0, 0.0], [1.2041596665548568, 0.4147337109116922, 1.3857324418142094], [0.4437631297035423, 1.4701217127705244, 1.140201038993276], [0.9614723836846367, 0.6782653453057865, 1.3106912242211473]]
Save Location: maps/map1594/test.txt
