Path: 2313
Path Score: 4.229975327541549
Waypoints: [[1.0, 1.0, 1.0], [4.608820246079843, 7.120273707001329, 9.286680001717013], [18.295648198935922, 21.67677091998945, 14.790388562251113], [29.0, 29.0, 14.0]]
Velocity: [[0.0, 0.0, 0.0], [3.6088202460798433, 6.120273707001329, 8.286680001717013], [13.686827952856078, 14.556497212988123, 5.5037085605341005], [10.704351801064078, 7.323229080010549, -0.7903885622511133]]
Attitude: [[0.0, 0.0, 0.0], [1.233845257898589, 0.9755770124671417, 0.7087760394342274], [0.849428289315491, 0.7920669297531379, 1.3020082459471296], [0.6027006201753293, 0.9720633967168617, 1.6316622645059446]]
Save Location: maps/map1339/test.txt
