Path: 366
Path Score: 4.564274007721019
Waypoints: [[1.0, 1.0, 1.0], [5.0694130019156045, 0.10947803648002186, 11.387112714668532], [13.087340273241828, 5.327732014381174, 10.224027309293486], [29.0, 29.0, 14.0]]
Velocity: [[0.0, 0.0, 0.0], [4.0694130019156045, -0.8905219635199781, 10.387112714668532], [8.017927271326224, 5.218253977901152, -1.1630854053750461], [15.912659726758172, 23.672267985618827, 3.7759726907065136]]
Attitude: [[0.0, 0.0, 0.0], [1.1986423454069668, 1.65045321960768, 0.3814078923026202], [0.588090401495717, 0.9985926320454076, 1.6917819220777854], [0.9847705918519819, 0.604574187949006, 1.4391804148890455]]
Save Location: maps/map42/test.txt
