Path: 637
Path Score: 4.18466997040108
Waypoints: [[1.0, 1.0, 1.0], [12.65259495451803, 15.504691539838976, 1.3902173466937446], [22.16101751903432, 21.88131243389526, 7.844034735289933], [29.0, 29.0, 14.0]]
Velocity: [[0.0, 0.0, 0.0], [11.65259495451803, 14.504691539838976, 0.39021734669374464], [9.508422564516291, 6.376620894056284, 6.453817388596188], [6.838982480965679, 7.1186875661047395, 6.155965264710067]]
Attitude: [[0.0, 0.0, 0.0], [0.8941821376993422, 0.6770644370273821, 1.5498263094141658], [0.7619501911023315, 1.0642114382041032, 1.0574813022000102], [0.9423867443913255, 0.9123337917118957, 1.0131992799999519]]
Save Location: maps/map1690/test.txt
