Path: 702
Path Score: 4.30981003427478
Waypoints: [[1.0, 1.0, 1.0], [7.279071891786115, 11.99037003440958, 7.619831722996372], [17.10037516700489, 29.239729622642756, 11.903971497075933], [29.0, 29.0, 14.0]]
Velocity: [[0.0, 0.0, 0.0], [6.279071891786115, 10.99037003440958, 6.619831722996372], [9.821303275218776, 17.249359588233176, 4.284139774079561], [11.899624832995109, -0.23972962264275566, 2.0960285029240673]]
Attitude: [[0.0, 0.0, 0.0], [1.115662030937802, 0.6928797362779866, 1.088924427386206], [1.0659714533298235, 0.5558506457866598, 1.3582247945155954], [0.17546746908711836, 1.5906342688103356, 1.396477078710701]]
Save Location: maps/map796/test.txt
