Path: 1913
Path Score: 4.09921296308809
Waypoints: [[1.0, 1.0, 1.0], [8.469661386104097, 5.59096684474812, 2.5279558793890997], [24.882695815361128, 14.368288597070304, 12.113832918894575], [29.0, 29.0, 14.0]]
Velocity: [[0.0, 0.0, 0.0], [7.469661386104097, 4.59096684474812, 1.5279558793890997], [16.41303442925703, 8.777321752322184, 9.585877039505476], [4.117304184638872, 14.631711402929696, 1.886167081105425]]
Attitude: [[0.0, 0.0, 0.0], [0.5747996990566772, 1.0288000156137393, 1.3982583619310816], [0.6697764286739321, 1.1381834004390619, 1.0952044924107318], [1.2986348105444985, 0.30016579609209537, 1.4473372730099068]]
Save Location: maps/map2252/test.txt
