Path: 1965
Path Score: 4.131026793859732
Waypoints: [[1.0, 1.0, 1.0], [7.908661902969909, 13.249370598681029, 5.122888052721978], [21.391366360934747, 19.016584990160858, 9.132275513596717], [29.0, 29.0, 14.0]]
Velocity: [[0.0, 0.0, 0.0], [6.908661902969909, 12.249370598681029, 4.122888052721978], [13.482704457964838, 5.767214391479829, 4.0093874608747395], [7.608633639065253, 9.983415009839142, 4.867724486403283]]
Attitude: [[0.0, 0.0, 0.0], [1.0799032623057099, 0.5811391675180452, 1.2856207472042467], [0.48027499499041504, 1.1816951554494932, 1.3039089931130645], [0.9701837951063373, 0.7354334851728955, 1.20085483013767]]
Save Location: maps/map2069/test.txt
