Path: 1162
Path Score: 4.041170335784814
Waypoints: [[1.0, 1.0, 1.0], [7.244355243304841, 4.686769508950413, 5.732290508395203], [14.31024281394206, 14.397341180730484, 10.344580509492056], [29.0, 29.0, 14.0]]
Velocity: [[0.0, 0.0, 0.0], [6.244355243304841, 3.6867695089504133, 4.732290508395203], [7.065887570637218, 9.71057167178007, 4.612290001096853], [14.68975718605794, 14.602658819269516, 3.655419490507944]]
Attitude: [[0.0, 0.0, 0.0], [0.7653529368027897, 1.1309818444795048, 0.9925991767107255], [0.9893238397258612, 0.7153935808785603, 1.204104996590863], [0.7976180124622528, 0.8033878261380559, 1.3961151528842315]]
Save Location: maps/map2441/test.txt
