Path: 1667
Path Score: 4.468177824258873
Waypoints: [[1.0, 1.0, 1.0], [1.4862613186235762, 5.302297197202417, 9.54279168299124], [6.938039822185598, 21.090386253324894, 12.519590149875834], [29.0, 29.0, 14.0]]
Velocity: [[0.0, 0.0, 0.0], [0.48626131862357624, 4.302297197202417, 8.54279168299124], [5.451778503562021, 15.788089056122477, 2.9767984668845937], [22.061960177814402, 7.909613746675106, 1.4804098501241665]]
Attitude: [[0.0, 0.0, 0.0], [1.520002440634727, 1.1049085373684124, 0.46909167611999897], [1.2436579279855329, 0.3748314968387159, 1.3944272385796108], [0.3497487223204723, 1.2272661765835426, 1.5077145816114603]]
Save Location: maps/map180/test.txt
