Path: 2482
Path Score: 4.2430473400994355
Waypoints: [[1.0, 1.0, 1.0], [12.386106231445222, 1.1077460717588705, 7.4490524792482224], [21.391366360934747, 19.016584990160858, 9.132275513596717], [29.0, 29.0, 14.0]]
Velocity: [[0.0, 0.0, 0.0], [11.386106231445222, 0.10774607175887052, 6.4490524792482224], [9.005260129489525, 17.908838918401987, 1.6832230343484946], [7.608633639065253, 9.983415009839142, 4.867724486403283]]
Attitude: [[0.0, 0.0, 0.0], [0.5154044449224107, 1.562562589250552, 1.0554709245652716], [1.1066428674981856, 0.4728427919829533, 1.4870226455120614], [0.9701837951063373, 0.7354334851728955, 1.20085483013767]]
Save Location: maps/map1247/test.txt
