Path: 1804
Path Score: 4.177166684334642
Waypoints: [[1.0, 1.0, 1.0], [5.8300877579373775, 12.986927175779844, 2.2883830638241456], [14.664796282188101, 21.28024012885323, 5.468764640312363], [29.0, 29.0, 14.0]]
Velocity: [[0.0, 0.0, 0.0], [4.8300877579373775, 11.986927175779844, 1.2883830638241456], [8.834708524250724, 8.293312953073386, 3.1803815764882177], [14.335203717811899, 7.7197598711467705, 8.531235359687637]]
Attitude: [[0.0, 0.0, 0.0], [1.1897394258126446, 0.3951048953544142, 1.471431398260883], [0.788079965901443, 0.8473223962611893, 1.314121428207276], [0.6763273336917041, 1.1373758967665009, 1.0881508960767203]]
Save Location: maps/map1746/test.txt
