Path: 1210
Path Score: 4.259002493682964
Waypoints: [[1.0, 1.0, 1.0], [10.98841998167141, 13.67984788740044, 4.669955467169109], [20.225861212634335, 15.04532595668622, 11.643310714362196], [29.0, 29.0, 14.0]]
Velocity: [[0.0, 0.0, 0.0], [9.98841998167141, 12.67984788740044, 3.6699554671691086], [9.237441230962926, 1.3654780692857802, 6.973355247193087], [8.774138787365665, 13.95467404331378, 2.3566892856378043]]
Attitude: [[0.0, 0.0, 0.0], [0.9230317793050691, 0.698207449561829, 1.3472349331065676], [0.6556999326507974, 1.4533613414195006, 0.9293551291617131], [1.0158144950798451, 0.5771097040965634, 1.4287893660504631]]
Save Location: maps/map1143/test.txt
