Path: 984
Path Score: 4.323006213150357
Waypoints: [[1.0, 1.0, 1.0], [7.03200889148945, 11.212381035806049, 2.4091861245466912], [10.367468260299423, 27.216463727164182, 9.296135061442213], [29.0, 29.0, 14.0]]
Velocity: [[0.0, 0.0, 0.0], [6.03200889148945, 10.212381035806049, 1.4091861245466912], [3.335459368809974, 16.004082691358136, 6.8869489368955215], [18.632531739700575, 1.7835362728358177, 4.703864938557787]]
Attitude: [[0.0, 0.0, 0.0], [1.0413956223611207, 0.5452295055399751, 1.4525400011168248], [1.3816448460717392, 0.446004885346406, 1.172087087640287], [0.26370469337935265, 1.4782516615946064, 1.3245891179026303]]
Save Location: maps/map721/test.txt
