Path: 2194
Path Score: 4.112312799379068
Waypoints: [[1.0, 1.0, 1.0], [5.839689469355285, 6.231079992564079, 1.4400139470819306], [14.31024281394206, 14.397341180730484, 10.344580509492056], [29.0, 29.0, 14.0]]
Velocity: [[0.0, 0.0, 0.0], [4.839689469355285, 5.231079992564079, 0.44001394708193065], [8.470553344586774, 8.166261188166406, 8.904566562410125], [14.68975718605794, 14.602658819269516, 3.655419490507944]]
Attitude: [[0.0, 0.0, 0.0], [0.8259996858182699, 0.748605830934555, 1.5091311358387776], [0.9593471727514631, 0.9843164285964427, 0.9229531350024645], [0.7976180124622528, 0.8033878261380559, 1.3961151528842315]]
Save Location: maps/map2183/test.txt
