Path: 205
Path Score: 4.530566981025699
Waypoints: [[1.0, 1.0, 1.0], [0.1034748464100077, 6.396090427855569, 9.25430405624771], [3.6115421997972854, 21.16184829584802, 12.099830806401165], [29.0, 29.0, 14.0]]
Velocity: [[0.0, 0.0, 0.0], [-0.8965251535899923, 5.396090427855569, 8.25430405624771], [3.5080673533872777, 14.765757867992452, 2.8455267501534554], [25.388457800202715, 7.838151704151979, 1.9001691935988347]]
Attitude: [[0.0, 0.0, 0.0], [1.6614577493511176, 0.9944855483118206, 0.5852456997051783], [1.3416065762820168, 0.2968722401027395, 1.3854557830512322], [0.30758927359052607, 1.272137024808702, 1.49940458028285]]
Save Location: maps/map67/test.txt
