Path: 195
Path Score: 4.384302243873285
Waypoints: [[1.0, 1.0, 1.0], [0.1034748464100077, 6.396090427855569, 9.25430405624771], [16.060622627406442, 22.284008548073043, 8.655570821620126], [29.0, 29.0, 14.0]]
Velocity: [[0.0, 0.0, 0.0], [-0.8965251535899923, 5.396090427855569, 8.25430405624771], [15.957147780996435, 15.887918120217474, -0.5987332346275842], [12.939377372593558, 6.715991451926957, 5.344429178379874]]
Attitude: [[0.0, 0.0, 0.0], [1.6614577493511176, 0.9944855483118206, 0.5852456997051783], [0.7835789959145183, 0.7879238234111461, 1.5973792581677082], [0.5856835745155158, 1.123499545747589, 1.2194127759243851]]
Save Location: maps/map417/test.txt
