Path: 943
Path Score: 4.183858904747182
Waypoints: [[1.0, 1.0, 1.0], [7.03200889148945, 11.212381035806049, 2.4091861245466912], [17.495244973045097, 26.03561227858441, 12.515738341607829], [29.0, 29.0, 14.0]]
Velocity: [[0.0, 0.0, 0.0], [6.03200889148945, 10.212381035806049, 1.4091861245466912], [10.463236081555646, 14.82323124277836, 10.106552217061138], [11.504755026954903, 2.9643877214155907, 1.484261658392171]]
Attitude: [[0.0, 0.0, 0.0], [1.0413956223611207, 0.5452295055399751, 1.4525400011168248], [1.0428134835459621, 0.7760009722979128, 1.062582027191079], [0.2805594303655102, 1.3206025270465491, 1.4465080099651364]]
Save Location: maps/map1696/test.txt
