Path: 1211
Path Score: 4.197108612026185
Waypoints: [[1.0, 1.0, 1.0], [10.98841998167141, 13.67984788740044, 4.669955467169109], [25.89146789512382, 17.947079052650324, 10.291630941969098], [29.0, 29.0, 14.0]]
Velocity: [[0.0, 0.0, 0.0], [9.98841998167141, 12.67984788740044, 3.6699554671691086], [14.903047913452411, 4.267231165249884, 5.621675474799989], [3.108532104876179, 11.052920947349676, 3.708369058030902]]
Attitude: [[0.0, 0.0, 0.0], [0.9230317793050691, 0.698207449561829, 1.3472349331065676], [0.4422897345593427, 1.3090372322284818, 1.2229026128906246], [1.3102246373088302, 0.4126571490004325, 1.2583924394013435]]
Save Location: maps/map1590/test.txt
