Path: 412
Path Score: 4.2059552054710725
Waypoints: [[1.0, 1.0, 1.0], [8.23561037690084, 4.511685430060676, 8.33124458240136], [24.548396690958242, 11.577212241638717, 14.392801991557022], [29.0, 29.0, 14.0]]
Velocity: [[0.0, 0.0, 0.0], [7.235610376900841, 3.511685430060676, 7.331244582401361], [16.3127863140574, 7.065526811578041, 6.061557409155661], [4.451603309041758, 17.42278775836128, -0.3928019915570218]]
Attitude: [[0.0, 0.0, 0.0], [0.8434728410597166, 1.2422312953632766, 0.8316455994328315], [0.5185805683691431, 1.1851241663399252, 1.2421852041225212], [1.3207044969365416, 0.251084454734688, 1.5926364233314274]]
Save Location: maps/map1501/test.txt
