Path: 1072
Path Score: 4.129801926234863
Waypoints: [[1.0, 1.0, 1.0], [5.124139793286082, 11.529276214212281, 3.1169525438428494], [12.704603846584774, 19.922199713463662, 8.33279809450805], [29.0, 29.0, 14.0]]
Velocity: [[0.0, 0.0, 0.0], [4.124139793286082, 10.529276214212281, 2.1169525438428494], [7.580464053298693, 8.392923499251381, 5.2158455506652], [16.295396153415226, 9.077800286536338, 5.66720190549195]]
Attitude: [[0.0, 0.0, 0.0], [1.2041596665548568, 0.4147337109116922, 1.3857324418142094], [0.9164228218289149, 0.8313248399458358, 1.138674317522644], [0.5810873343497762, 1.0864359774071253, 1.2758411019683804]]
Save Location: maps/map2082/test.txt
