Path: 1202
Path Score: 4.272570387106938
Waypoints: [[1.0, 1.0, 1.0], [10.98841998167141, 13.67984788740044, 4.669955467169109], [14.46706287539074, 21.68231868352074, 5.395598205098573], [29.0, 29.0, 14.0]]
Velocity: [[0.0, 0.0, 0.0], [9.98841998167141, 12.67984788740044, 3.6699554671691086], [3.4786428937193303, 8.002470796120301, 0.7256427379294648], [14.53293712460926, 7.317681316479259, 8.604401794901428]]
Attitude: [[0.0, 0.0, 0.0], [0.9230317793050691, 0.698207449561829, 1.3472349331065676], [1.1622365949365472, 0.41789742194927637, 1.487827135647886], [0.6606967282577116, 1.161934980212726, 1.0843680323639853]]
Save Location: maps/map1038/test.txt
