Path: 1054
Path Score: 4.148075825097237
Waypoints: [[1.0, 1.0, 1.0], [5.124139793286082, 11.529276214212281, 3.1169525438428494], [18.72403228769046, 27.04667286152992, 8.275372330418275], [29.0, 29.0, 14.0]]
Velocity: [[0.0, 0.0, 0.0], [4.124139793286082, 10.529276214212281, 2.1169525438428494], [13.599892494404378, 15.51739664731764, 5.1584197865754255], [10.27596771230954, 1.9533271384700797, 5.724627669581725]]
Attitude: [[0.0, 0.0, 0.0], [1.2041596665548568, 0.4147337109116922, 1.3857324418142094], [0.8770352446079375, 0.7530745119100976, 1.325817099803243], [0.5320146181463187, 1.4062402530460234, 1.0700368475848865]]
Save Location: maps/map1954/test.txt
