Path: 779
Path Score: 4.279131250260978
Waypoints: [[1.0, 1.0, 1.0], [4.844954787942095, 14.493280729732227, 5.905721797057641], [16.702169176436314, 28.43696480624766, 9.763844081040961], [29.0, 29.0, 14.0]]
Velocity: [[0.0, 0.0, 0.0], [3.844954787942095, 13.493280729732227, 4.905721797057641], [11.857214388494219, 13.943684076515432, 3.8581222839833202], [12.297830823563686, 0.5630351937523415, 4.236155918959039]]
Attitude: [[0.0, 0.0, 0.0], [1.3091332202726853, 0.43273101466224884, 1.2344339666278068], [0.8842356844441536, 0.7296279315284402, 1.3630519379428878], [0.3344395960989817, 1.5275361923898203, 1.2393843932691453]]
Save Location: maps/map1004/test.txt
