Path: 814
Path Score: 4.2617123224544855
Waypoints: [[1.0, 1.0, 1.0], [4.844954787942095, 14.493280729732227, 5.905721797057641], [11.40378861351021, 23.288761880938765, 11.804403224732908], [29.0, 29.0, 14.0]]
Velocity: [[0.0, 0.0, 0.0], [3.844954787942095, 13.493280729732227, 4.905721797057641], [6.558833825568115, 8.795481151206538, 5.8986814276752675], [17.59621138648979, 5.711238119061235, 2.1955967752670915]]
Attitude: [[0.0, 0.0, 0.0], [1.3091332202726853, 0.43273101466224884, 1.2344339666278068], [1.016289528965605, 0.7868554240622456, 1.0775032136974605], [0.33465120952432154, 1.2592127196021017, 1.4526670982553629]]
Save Location: maps/map1124/test.txt
