Path: 2366
Path Score: 4.2719191088980315
Waypoints: [[1.0, 1.0, 1.0], [2.7823021602657514, 3.2626923788090734, 6.811174955232296], [9.662916602314, 22.21326367479614, 9.15459432162151], [29.0, 29.0, 14.0]]
Velocity: [[0.0, 0.0, 0.0], [1.7823021602657514, 2.2626923788090734, 5.811174955232296], [6.880614442048249, 18.950571295987064, 2.343419366389213], [19.337083397686, 6.7867363252038615, 4.845405678378491]]
Attitude: [[0.0, 0.0, 0.0], [1.2924157480158258, 1.2144350237412072, 0.46016632051788314], [1.2249419711833067, 0.36625648203288586, 1.4550804737332763], [0.40714433808387096, 1.242659214067075, 1.3386234911715096]]
Save Location: maps/map1045/test.txt
