Path: 1064
Path Score: 4.138322177144023
Waypoints: [[1.0, 1.0, 1.0], [5.124139793286082, 11.529276214212281, 3.1169525438428494], [15.684579521262053, 24.294407344774495, 11.460625578176513], [29.0, 29.0, 14.0]]
Velocity: [[0.0, 0.0, 0.0], [4.124139793286082, 10.529276214212281, 2.1169525438428494], [10.560439727975972, 12.765131130562214, 8.343673034333664], [13.315420478737947, 4.705592655225505, 2.539374421823487]]
Attitude: [[0.0, 0.0, 0.0], [1.2041596665548568, 0.4147337109116922, 1.3857324418142094], [0.9651328571559037, 0.811844393659158, 1.1042516295052183], [0.38185806857320004, 1.2366735425670707, 1.3928860386768187]]
Save Location: maps/map2014/test.txt
