Path: 1426
Path Score: 4.259767402643218
Waypoints: [[1.0, 1.0, 1.0], [10.074445050749116, 1.0357225832720962, 9.412027835082272], [19.70415101856637, 13.671074305937509, 12.81372080915123], [29.0, 29.0, 14.0]]
Velocity: [[0.0, 0.0, 0.0], [9.074445050749116, 0.03572258327209621, 8.412027835082272], [9.629705967817255, 12.635351722665412, 3.4016929740689577], [9.295848981433629, 15.328925694062491, 1.1862791908487704]]
Attitude: [[0.0, 0.0, 0.0], [0.7475390695972799, 1.5679093516700198, 0.8232656157544957], [0.9363668549251695, 0.679767924249751, 1.3598578892076318], [1.0269884977688475, 0.548718444626354, 1.5047210663746937]]
Save Location: maps/map1139/test.txt
