Path: 435
Path Score: 4.14610187077655
Waypoints: [[1.0, 1.0, 1.0], [8.23561037690084, 4.511685430060676, 8.33124458240136], [24.882695815361128, 14.368288597070304, 12.113832918894575], [29.0, 29.0, 14.0]]
Velocity: [[0.0, 0.0, 0.0], [7.235610376900841, 3.511685430060676, 7.331244582401361], [16.647085438460287, 9.856603167009627, 3.7825883364932142], [4.117304184638872, 14.631711402929696, 1.886167081105425]]
Attitude: [[0.0, 0.0, 0.0], [0.8434728410597166, 1.2422312953632766, 0.8316455994328315], [0.5651837955422606, 1.0471793879309421, 1.3777118459165216], [1.2986348105444985, 0.30016579609209537, 1.4473372730099068]]
Save Location: maps/map1966/test.txt
