Path: 1083
Path Score: 4.1227438034097705
Waypoints: [[1.0, 1.0, 1.0], [5.124139793286082, 11.529276214212281, 3.1169525438428494], [24.539485932888955, 19.73672816277327, 8.00225603479158], [29.0, 29.0, 14.0]]
Velocity: [[0.0, 0.0, 0.0], [4.124139793286082, 10.529276214212281, 2.1169525438428494], [19.415346139602875, 8.20745194856099, 4.885303490948731], [4.4605140671110455, 9.263271837226728, 5.99774396520842]]
Attitude: [[0.0, 0.0, 0.0], [1.2041596665548568, 0.4147337109116922, 1.3857324418142094], [0.4571860412963782, 1.1817404781430336, 1.3430538967120766], [1.1866756395694507, 0.678936129498745, 1.0426972103159322]]
Save Location: maps/map2115/test.txt
