Path: 231
Path Score: 4.306300738449889
Waypoints: [[1.0, 1.0, 1.0], [0.2429086269009595, 4.401009458247564, 1.9766829018839305], [10.98841998167141, 13.67984788740044, 4.669955467169109], [29.0, 29.0, 14.0]]
Velocity: [[0.0, 0.0, 0.0], [-0.7570913730990405, 3.4010094582475636, 0.9766829018839305], [10.74551135477045, 9.278838429152877, 2.693272565285178], [18.01158001832859, 15.32015211259956, 9.330044532830891]]
Attitude: [[0.0, 0.0, 0.0], [1.7815782743907893, 0.34851827104464184, 1.297497366701187], [0.7323444051285811, 0.8735455838782084, 1.3833206869865586], [0.7833397152626365, 0.9239381699714816, 1.1949753614469707]]
Save Location: maps/map824/test.txt
