# waypoints
G: (11.0,-17.0,15)
G: (13.765839434690912,-18.89642762019717,15)
G: (16.388973791353017,-20.965721844263943,15)
G: (19.41958171657867,-21.142201789869244,15)
G: (22.300676005383444,-20.13026036032318,15)
G: (25.873301089789475,-18.555768275628797,15)
G: (29.0,-17.0,15)


# wall segments
W: (30.0,-18.8,24.0,-21.8,3)
W: (24.0,-21.8,17.0,-22.8,3)
W: (17.0,-22.8,10.0,-18.8,3)
W: (10.0,-15.2,18.0,-19.2,3)
W: (18.0,-19.2,30.0,-15.2,3)


# environment settings
R: (0)
D: (1)
