Path: 1232
Path Score: 4.227839723203213
Waypoints: [[1.0, 1.0, 1.0], [10.98841998167141, 13.67984788740044, 4.669955467169109], [20.852071857601725, 15.195208825034904, 7.612944235060696], [29.0, 29.0, 14.0]]
Velocity: [[0.0, 0.0, 0.0], [9.98841998167141, 12.67984788740044, 3.6699554671691086], [9.863651875930316, 1.5153609376344637, 2.9429887678915874], [8.147928142398275, 13.804791174965096, 6.387055764939304]]
Attitude: [[0.0, 0.0, 0.0], [0.9230317793050691, 0.698207449561829, 1.3472349331065676], [0.3237864458136343, 1.424628619910336, 1.2840184507044055], [1.0790221355094318, 0.643470475899189, 1.1916321938329075]]
Save Location: maps/map1353/test.txt
