Path: 595
Path Score: 4.34291029823774
Waypoints: [[1.0, 1.0, 1.0], [1.9869655009534015, 2.3470905443897805, 9.726710653669548], [16.72641038031882, 15.264827052821502, 13.846194206338602], [29.0, 29.0, 14.0]]
Velocity: [[0.0, 0.0, 0.0], [0.9869655009534015, 1.3470905443897805, 8.726710653669548], [14.73944487936542, 12.917736508431721, 4.119483552669054], [12.273589619681179, 13.735172947178498, 0.15380579366139813]]
Attitude: [[0.0, 0.0, 0.0], [1.4594850995761104, 1.4185963426785977, 0.18907565762625306], [0.7436967979577856, 0.8697610507205391, 1.363623211012651], [0.8415660736191315, 0.7293004114667039, 1.5624465811421142]]
Save Location: maps/map615/test.txt
