Path: 1408
Path Score: 4.3890197670982145
Waypoints: [[1.0, 1.0, 1.0], [10.074445050749116, 1.0357225832720962, 9.412027835082272], [27.822656248019474, 8.966284290898267, 11.8871596385062], [29.0, 29.0, 14.0]]
Velocity: [[0.0, 0.0, 0.0], [9.074445050749116, 0.03572258327209621, 8.412027835082272], [17.748211197270358, 7.930561707626171, 2.4751318034239276], [1.1773437519805263, 20.033715709101735, 2.1128403614938005]]
Attitude: [[0.0, 0.0, 0.0], [0.7475390695972799, 1.5679093516700198, 0.8232656157544957], [0.43779867575645126, 1.1541513550778904, 1.444152664743809], [1.5124187447335886, 0.1201512035615584, 1.465900180879202]]
Save Location: maps/map398/test.txt
