Path: 720
Path Score: 4.2639593477325155
Waypoints: [[1.0, 1.0, 1.0], [7.279071891786115, 11.99037003440958, 7.619831722996372], [20.24894541404868, 13.704934531749169, 10.28792228211892], [29.0, 29.0, 14.0]]
Velocity: [[0.0, 0.0, 0.0], [6.279071891786115, 10.99037003440958, 6.619831722996372], [12.969873522262565, 1.7145644973395893, 2.6680905591225486], [8.75105458595132, 15.295065468250831, 3.7120777178810798]]
Attitude: [[0.0, 0.0, 0.0], [1.115662030937802, 0.6928797362779866, 1.088924427386206], [0.23982245580662961, 1.4420282622406264, 1.3696150234091538], [1.0633520659267364, 0.5560751825583984, 1.3631766434720947]]
Save Location: maps/map1098/test.txt
