Path: 1994
Path Score: 4.1958002824857425
Waypoints: [[1.0, 1.0, 1.0], [7.908661902969909, 13.249370598681029, 5.122888052721978], [12.613060744395664, 17.548051480031873, 8.080005726347148], [29.0, 29.0, 14.0]]
Velocity: [[0.0, 0.0, 0.0], [6.908661902969909, 12.249370598681029, 4.122888052721978], [4.704398841425755, 4.298680881350844, 2.95711767362517], [16.386939255604336, 11.451948519968127, 5.919994273652852]]
Attitude: [[0.0, 0.0, 0.0], [1.0799032623057099, 0.5811391675180452, 1.2856207472042467], [0.8370743297842695, 0.912351661306831, 1.136331298927597], [0.6665783723714116, 0.989326980912511, 1.28290425102486]]
Save Location: maps/map1600/test.txt
