Path: 2110
Path Score: 4.339411449058645
Waypoints: [[1.0, 1.0, 1.0], [7.976694836660609, 10.929766397758005, 9.409001445334173], [10.035552414872543, 14.727385926720864, 12.424650413075828], [29.0, 29.0, 14.0]]
Velocity: [[0.0, 0.0, 0.0], [6.976694836660609, 9.929766397758005, 8.409001445334173], [2.058857578211933, 3.7976195289628585, 3.0156489677416545], [18.96444758512746, 14.272614073279136, 1.5753495869241725]]
Attitude: [[0.0, 0.0, 0.0], [1.0786293818483852, 0.8331465441750755, 0.9648405508336908], [1.1692942664047115, 0.7657771500929481, 0.9613489174145006], [0.6480734763088719, 0.9272854822750475, 1.5045215484811172]]
Save Location: maps/map635/test.txt
