Path: 854
Path Score: 4.2320339954852635
Waypoints: [[1.0, 1.0, 1.0], [13.622214221490246, 10.560085107867, 6.307093757900562], [26.76543196640594, 17.456646557356017, 7.05435308823407], [29.0, 29.0, 14.0]]
Velocity: [[0.0, 0.0, 0.0], [12.622214221490246, 9.560085107867, 5.307093757900562], [13.143217744915695, 6.896561449489017, 0.7472593303335078], [2.2345680335940585, 11.543353442643983, 6.94564691176593]]
Attitude: [[0.0, 0.0, 0.0], [0.7138698155414545, 0.9612815674177257, 1.2473929819737224], [0.48563570612916446, 1.0882293486709806, 1.5204936682503896], [1.4064235659655742, 0.5636700246717852, 1.0372176653267735]]
Save Location: maps/map1326/test.txt
