Path: 541
Path Score: 4.088648062309771
Waypoints: [[1.0, 1.0, 1.0], [9.981785049321614, 2.094242845092411, 3.906087432644374], [21.391366360934747, 19.016584990160858, 9.132275513596717], [29.0, 29.0, 14.0]]
Velocity: [[0.0, 0.0, 0.0], [8.981785049321614, 1.094242845092411, 2.906087432644374], [11.409581311613133, 16.92234214506845, 5.226188080952343], [7.608633639065253, 9.983415009839142, 4.867724486403283]]
Attitude: [[0.0, 0.0, 0.0], [0.33286566125405836, 1.4553984883962245, 1.2600245384619229], [0.9985024656568824, 0.638101731315416, 1.3201152656291009], [0.9701837951063373, 0.7354334851728955, 1.20085483013767]]
Save Location: maps/map2292/test.txt
