Path: 1279
Path Score: 4.216263389690672
Waypoints: [[1.0, 1.0, 1.0], [11.681123338592288, 14.089788280863255, 4.111381059339743], [19.778926106740936, 25.028774492325528, 13.753258473645548], [29.0, 29.0, 14.0]]
Velocity: [[0.0, 0.0, 0.0], [10.681123338592288, 13.089788280863255, 3.1113810593397426], [8.097802768148648, 10.938986211462273, 9.641877414305807], [9.221073893259064, 3.971225507674472, 0.24674152635445168]]
Attitude: [[0.0, 0.0, 0.0], [0.8998039769895753, 0.7044384319041941, 1.3886732407031834], [1.0638637184915645, 0.855502834339421, 0.9544326710393194], [0.40736238913210576, 1.1642642704118822, 1.54622508670751]]
Save Location: maps/map1427/test.txt
