Path: 769
Path Score: 4.113817329224328
Waypoints: [[1.0, 1.0, 1.0], [12.697608925444278, 6.8811022717284045, 6.207161753256], [21.78645601699983, 26.938246068819566, 10.468055210066508], [29.0, 29.0, 14.0]]
Velocity: [[0.0, 0.0, 0.0], [11.697608925444278, 5.8811022717284045, 5.207161753256], [9.08884709155555, 20.05714379709116, 4.260893456810508], [7.2135439830001715, 2.0617539311804336, 3.531944789933492]]
Attitude: [[0.0, 0.0, 0.0], [0.5913478455125089, 1.1402281118229445, 1.1922640516212777], [1.153564868124002, 0.4640253961625263, 1.3796605115959513], [0.5157591343381982, 1.3195229300441227, 1.1308007241554319]]
Save Location: maps/map2171/test.txt
