Path: 2099
Path Score: 4.297063398896897
Waypoints: [[1.0, 1.0, 1.0], [2.1051801977178286, 12.705542697858661, 1.33533427386211], [13.095324436113561, 15.033365545267669, 6.706312039110363], [29.0, 29.0, 14.0]]
Velocity: [[0.0, 0.0, 0.0], [1.1051801977178286, 11.705542697858661, 0.3353342738621099], [10.990144238395732, 2.327822847409008, 5.370977765248254], [15.904675563886439, 13.966634454732331, 7.293687960889637]]
Attitude: [[0.0, 0.0, 0.0], [1.4766986395106851, 0.09834724994807642, 1.5422834159518], [0.48941313436944034, 1.3827445003542842, 1.1248204177998196], [0.7807156099511975, 0.8971446612687055, 1.2389541045829986]]
Save Location: maps/map891/test.txt
