Path: 738
Path Score: 4.145402200409255
Waypoints: [[1.0, 1.0, 1.0], [12.697608925444278, 6.8811022717284045, 6.207161753256], [26.287300151641748, 16.492398494138193, 13.77497605122596], [29.0, 29.0, 14.0]]
Velocity: [[0.0, 0.0, 0.0], [11.697608925444278, 5.8811022717284045, 5.207161753256], [13.58969122619747, 9.611296222409788, 7.567814297969959], [2.712699848358252, 12.507601505861807, 0.22502394877404086]]
Attitude: [[0.0, 0.0, 0.0], [0.5913478455125089, 1.1402281118229445, 1.1922640516212777], [0.7329119203134176, 1.017319351941083, 1.1440744504667286], [1.3572535290988061, 0.21428765206758904, 1.553215933347118]]
Save Location: maps/map1972/test.txt
