Path: 167
Path Score: 4.410920216457184
Waypoints: [[1.0, 1.0, 1.0], [0.8689948832512862, 4.64282219210965, 7.776103442790986], [6.351589522056588, 15.595530052506257, 9.804307665027011], [29.0, 29.0, 14.0]]
Velocity: [[0.0, 0.0, 0.0], [-0.13100511674871385, 3.6428221921096497, 6.776103442790986], [5.482594638805302, 10.952707860396607, 2.028204222236025], [22.64841047794341, 13.404469947493743, 4.195692334972989]]
Attitude: [[0.0, 0.0, 0.0], [1.5878233126910848, 1.077602275761293, 0.4935415452562085], [1.1134066627462267, 0.49026129765156184, 1.406694638744684], [0.5551154872057305, 1.0437555844404118, 1.4127030288890532]]
Save Location: maps/map327/test.txt
