Path: 1369
Path Score: 4.472536588076757
Waypoints: [[1.0, 1.0, 1.0], [2.1166871798879825, 7.959406805005861, 2.641112218552253], [7.177206899450002, 15.45719743824309, 14.540668792615357], [29.0, 29.0, 14.0]]
Velocity: [[0.0, 0.0, 0.0], [1.1166871798879825, 6.959406805005861, 1.6411122185522529], [5.060519719562019, 7.49779063323723, 11.899556574063103], [21.822793100549998, 13.54280256175691, -0.5406687926153566]]
Attitude: [[0.0, 0.0, 0.0], [1.4158739947349994, 0.27784815422419984, 1.3420381855188857], [1.2254156744664808, 1.0453360498197541, 0.6499819981435172], [0.5557718496340723, 1.0155187584190801, 1.591844435500265]]
Save Location: maps/map170/test.txt
