Path: 307
Path Score: 4.07792341147637
Waypoints: [[1.0, 1.0, 1.0], [11.62421921707525, 9.637940007438962, 4.108292062461251], [27.54896392543646, 23.68501668390871, 10.359708634880405], [29.0, 29.0, 14.0]]
Velocity: [[0.0, 0.0, 0.0], [10.62421921707525, 8.637940007438962, 3.108292062461251], [15.92474470836121, 14.047076676469748, 6.251416572419155], [1.4510360745635396, 5.31498331609129, 3.6402913651195945]]
Attitude: [[0.0, 0.0, 0.0], [0.7126112608988734, 0.9081638967287853, 1.3475745118170808], [0.7678466104893388, 0.8833268483367389, 1.284490074707204], [1.3492511805320635, 0.6353347243649624, 0.9869147846242055]]
Save Location: maps/map2340/test.txt
