Path: 1151
Path Score: 4.049128379769181
Waypoints: [[1.0, 1.0, 1.0], [7.244355243304841, 4.686769508950413, 5.732290508395203], [18.441097262136424, 17.537267266708554, 6.281086639361177], [29.0, 29.0, 14.0]]
Velocity: [[0.0, 0.0, 0.0], [6.244355243304841, 3.6867695089504133, 4.732290508395203], [11.196742018831582, 12.850497757758141, 0.5487961309659735], [10.558902737863576, 11.462732733291446, 7.718913360638823]]
Attitude: [[0.0, 0.0, 0.0], [0.7653529368027897, 1.1309818444795048, 0.9925991767107255], [0.8545124014327524, 0.7173294203193129, 1.5386089030106103], [0.9183550643402842, 0.8511782172620342, 1.1109269665548651]]
Save Location: maps/map2429/test.txt
