Path: 1326
Path Score: 4.499758523344619
Waypoints: [[1.0, 1.0, 1.0], [3.4670120800623283, 8.98615020457587, 12.766320645476934], [9.057942771808293, 22.483164120725405, 13.633419250864584], [29.0, 29.0, 14.0]]
Velocity: [[0.0, 0.0, 0.0], [2.4670120800623283, 7.986150204575869, 11.766320645476934], [5.590930691745964, 13.497013916149536, 0.8670986053876497], [19.942057228191707, 6.516835879274595, 0.36658074913541583]]
Attitude: [[0.0, 0.0, 0.0], [1.399024108228292, 0.9844440153430374, 0.6176559127637982], [1.1788068524508455, 0.3969365505207815, 1.5115128448519632], [0.3163154151017467, 1.2549974740262801, 1.5533251264663486]]
Save Location: maps/map115/test.txt
