Path: 1991
Path Score: 4.338942646457444
Waypoints: [[1.0, 1.0, 1.0], [7.908661902969909, 13.249370598681029, 5.122888052721978], [12.699318080032214, 19.485873547121262, 13.643108962855027], [29.0, 29.0, 14.0]]
Velocity: [[0.0, 0.0, 0.0], [6.908661902969909, 12.249370598681029, 4.122888052721978], [4.790656177062305, 6.236502948440233, 8.52022091013305], [16.300681919967786, 9.514126452878738, 0.3568910371449725]]
Attitude: [[0.0, 0.0, 0.0], [1.0799032623057099, 0.5811391675180452, 1.2856207472042467], [1.1448594307621531, 1.0028850041297943, 0.7453750471346503], [0.5286275051045267, 1.042579273198718, 1.5518895222311728]]
Save Location: maps/map637/test.txt
