Path: 2181
Path Score: 4.031972273371338
Waypoints: [[1.0, 1.0, 1.0], [5.839689469355285, 6.231079992564079, 1.4400139470819306], [21.391366360934747, 19.016584990160858, 9.132275513596717], [29.0, 29.0, 14.0]]
Velocity: [[0.0, 0.0, 0.0], [4.839689469355285, 5.231079992564079, 0.44001394708193065], [15.551676891579461, 12.785504997596778, 7.692261566514786], [7.608633639065253, 9.983415009839142, 4.867724486403283]]
Attitude: [[0.0, 0.0, 0.0], [0.8259996858182699, 0.748605830934555, 1.5091311358387776], [0.7647088927059847, 0.9357236509032486, 1.2058340328455464], [0.9701837951063373, 0.7354334851728955, 1.20085483013767]]
Save Location: maps/map2460/test.txt
