Path: 62
Path Score: 4.369872820546165
Waypoints: [[1.0, 1.0, 1.0], [6.844542921659472, 12.575654287568902, 0.7512941296865822], [9.819009657944365, 26.458488254841598, 6.998443824486842], [29.0, 29.0, 14.0]]
Velocity: [[0.0, 0.0, 0.0], [5.844542921659472, 11.575654287568902, -0.24870587031341784], [2.974466736284893, 13.882833967272695, 6.24714969480026], [19.180990342055637, 2.5415117451584024, 7.001556175513158]]
Attitude: [[0.0, 0.0, 0.0], [1.103329579532339, 0.4679236243581791, 1.5899732357353402], [1.3778427449026376, 0.46236237640398187, 1.1562852561975945], [0.37040607604266484, 1.4469647015513123, 1.2235924194666596]]
Save Location: maps/map467/test.txt
