Path: 586
Path Score: 4.394662921969507
Waypoints: [[1.0, 1.0, 1.0], [8.077819295469498, 4.630177089274074, 13.001091877302175], [24.882695815361128, 14.368288597070304, 12.113832918894575], [29.0, 29.0, 14.0]]
Velocity: [[0.0, 0.0, 0.0], [7.077819295469498, 3.630177089274074, 12.001091877302175], [16.80487651989163, 9.73811150779623, -0.8872589584075996], [4.117304184638872, 14.631711402929696, 1.886167081105425]]
Attitude: [[0.0, 0.0, 0.0], [1.0568857360289043, 1.315913356872022, 0.5853298029477871], [0.5269905835674548, 1.046204353280122, 1.6164465339797964], [1.2986348105444985, 0.30016579609209537, 1.4473372730099068]]
Save Location: maps/map378/test.txt
