Path: 2247
Path Score: 4.345274639595658
Waypoints: [[1.0, 1.0, 1.0], [5.7591996310330025, 10.496060591014656, 1.1961851557501069], [9.17398002603554, 20.73897641344332, 6.283632757243895], [29.0, 29.0, 14.0]]
Velocity: [[0.0, 0.0, 0.0], [4.7591996310330025, 9.496060591014656, 0.19618515575010687], [3.4147803950025377, 10.242915822428666, 5.087447601493788], [19.82601997396446, 8.261023586556679, 7.716367242756105]]
Attitude: [[0.0, 0.0, 0.0], [1.1062936554501903, 0.46492826404694765, 1.5523285842779897], [1.280643354589247, 0.5390884241517931, 1.130465198054543], [0.5181999547692874, 1.2004145141772051, 1.2258923638516876]]
Save Location: maps/map600/test.txt
