Path: 391
Path Score: 4.154567220149062
Waypoints: [[1.0, 1.0, 1.0], [8.23561037690084, 4.511685430060676, 8.33124458240136], [16.72641038031882, 15.264827052821502, 13.846194206338602], [29.0, 29.0, 14.0]]
Velocity: [[0.0, 0.0, 0.0], [7.235610376900841, 3.511685430060676, 7.331244582401361], [8.49080000341798, 10.753141622760825, 5.514949623937241], [12.273589619681179, 13.735172947178498, 0.15380579366139813]]
Attitude: [[0.0, 0.0, 0.0], [0.8434728410597166, 1.2422312953632766, 0.8316455994328315], [0.9583302022604632, 0.7553034475236979, 1.1881238223200032], [0.8415660736191315, 0.7293004114667039, 1.5624465811421142]]
Save Location: maps/map1919/test.txt
