Path: 1483
Path Score: 4.409780545533615
Waypoints: [[1.0, 1.0, 1.0], [1.5831056317866898, 11.289807463775418, 6.886569014408189], [10.154931135603169, 27.558570916545424, 10.904913587202246], [29.0, 29.0, 14.0]]
Velocity: [[0.0, 0.0, 0.0], [0.5831056317866898, 10.289807463775418, 5.886569014408189], [8.571825503816479, 16.268763452770006, 4.018344572794057], [18.84506886439683, 1.441429083454576, 3.0950864127977535]]
Attitude: [[0.0, 0.0, 0.0], [1.5216478577442305, 0.5217422173051365, 1.0518517055369716], [1.0979781671347453, 0.5270118871207795, 1.3556571637469572], [0.1792318684503368, 1.4954619679425223, 1.4084768971650652]]
Save Location: maps/map334/test.txt
