Path: 611
Path Score: 4.34779913893844
Waypoints: [[1.0, 1.0, 1.0], [1.9869655009534015, 2.3470905443897805, 9.726710653669548], [18.278593753428844, 13.542675969678093, 13.490985374955708], [29.0, 29.0, 14.0]]
Velocity: [[0.0, 0.0, 0.0], [0.9869655009534015, 1.3470905443897805, 8.726710653669548], [16.29162825247544, 11.195585425288312, 3.76427472128616], [10.721406246571156, 15.457324030321907, 0.5090146250442924]]
Attitude: [[0.0, 0.0, 0.0], [1.4594850995761104, 1.4185963426785977, 0.18907565762625306], [0.6273099075841279, 0.9807945060055281, 1.3826228450250388], [0.964623337542555, 0.6069540453552669, 1.5437444202820336]]
Save Location: maps/map590/test.txt
