Path: 2225
Path Score: 4.186495564753146
Waypoints: [[1.0, 1.0, 1.0], [5.7591996310330025, 10.496060591014656, 1.1961851557501069], [16.0492409098564, 24.532128528212887, 5.259776536804952], [29.0, 29.0, 14.0]]
Velocity: [[0.0, 0.0, 0.0], [4.7591996310330025, 9.496060591014656, 0.19618515575010687], [10.290041278823399, 14.036067937198231, 4.063591381054845], [12.950759090143599, 4.467871471787113, 8.740223463195047]]
Attitude: [[0.0, 0.0, 0.0], [1.1062936554501903, 0.46492826404694765, 1.5523285842779897], [0.9572595457920182, 0.6675096415670668, 1.3414184382799978], [0.6485671725677874, 1.2922699173049879, 1.0029155967308279]]
Save Location: maps/map1675/test.txt
