Path: 1542
Path Score: 4.2403699815397164
Waypoints: [[1.0, 1.0, 1.0], [5.1328300726842055, 6.167067988359742, 4.338023583503114], [22.76658572963688, 9.235766945696607, 14.657275630817615], [29.0, 29.0, 14.0]]
Velocity: [[0.0, 0.0, 0.0], [4.1328300726842055, 5.167067988359742, 3.338023583503114], [17.633755656952673, 3.0686989573368653, 10.319252047314501], [6.23341427036312, 19.764233054303393, -0.6572756308176153]]
Attitude: [[0.0, 0.0, 0.0], [0.9792202736645594, 0.799275207152919, 1.1035589735254734], [0.5481232757211516, 1.4217144229898104, 1.0478100531450223], [1.2654404978558256, 0.30710381033439227, 1.6025015139442569]]
Save Location: maps/map1264/test.txt
