Path: 2320
Path Score: 4.279162038191213
Waypoints: [[1.0, 1.0, 1.0], [4.608820246079843, 7.120273707001329, 9.286680001717013], [24.882695815361128, 14.368288597070304, 12.113832918894575], [29.0, 29.0, 14.0]]
Velocity: [[0.0, 0.0, 0.0], [3.6088202460798433, 6.120273707001329, 8.286680001717013], [20.273875569281284, 7.248014890068975, 2.8271529171775622], [4.117304184638872, 14.631711402929696, 1.886167081105425]]
Attitude: [[0.0, 0.0, 0.0], [1.233845257898589, 0.9755770124671417, 0.7087760394342274], [0.36641024808901473, 1.2304922376407055, 1.4402342719627317], [1.2986348105444985, 0.30016579609209537, 1.4473372730099068]]
Save Location: maps/map1002/test.txt
