Path: 782
Path Score: 4.204203175120739
Waypoints: [[1.0, 1.0, 1.0], [4.844954787942095, 14.493280729732227, 5.905721797057641], [17.495244973045097, 26.03561227858441, 12.515738341607829], [29.0, 29.0, 14.0]]
Velocity: [[0.0, 0.0, 0.0], [3.844954787942095, 13.493280729732227, 4.905721797057641], [12.650290185103001, 11.542331548852182, 6.610016544550188], [11.504755026954903, 2.9643877214155907, 1.484261658392171]]
Attitude: [[0.0, 0.0, 0.0], [1.3091332202726853, 0.43273101466224884, 1.2344339666278068], [0.8104687888409426, 0.8907876485153248, 1.2024227949236508], [0.2805594303655102, 1.3206025270465491, 1.4465080099651364]]
Save Location: maps/map1522/test.txt
