Path: 1510
Path Score: 4.48359535733535
Waypoints: [[1.0, 1.0, 1.0], [0.8300875511549277, 1.6500330013832676, 11.560854587793756], [16.72641038031882, 15.264827052821502, 13.846194206338602], [29.0, 29.0, 14.0]]
Velocity: [[0.0, 0.0, 0.0], [-0.16991244884507228, 0.6500330013832676, 10.560854587793756], [15.896322829163893, 13.614794051438235, 2.285339618544846], [12.273589619681179, 13.735172947178498, 0.15380579366139813]]
Attitude: [[0.0, 0.0, 0.0], [1.5868534482018404, 1.5093306408644638, 0.06353355267918272], [0.7151119788391869, 0.8676051207482768, 1.4620363873354238], [0.8415660736191315, 0.7293004114667039, 1.5624465811421142]]
Save Location: maps/map142/test.txt
