Path: 2221
Path Score: 4.204762119997655
Waypoints: [[1.0, 1.0, 1.0], [5.7591996310330025, 10.496060591014656, 1.1961851557501069], [10.81745541664519, 17.765990078921153, 6.9670533080542265], [29.0, 29.0, 14.0]]
Velocity: [[0.0, 0.0, 0.0], [4.7591996310330025, 9.496060591014656, 0.19618515575010687], [5.058255785612188, 7.269929487906497, 5.77086815230412], [18.18254458335481, 11.234009921078847, 7.0329466919457735]]
Attitude: [[0.0, 0.0, 0.0], [1.1062936554501903, 0.46492826404694765, 1.5523285842779897], [1.0718342784832529, 0.8124247273952996, 0.9932999902937204], [0.6298821484480811, 1.0480294904711909, 1.2528998172006138]]
Save Location: maps/map1514/test.txt
