Path: 1041
Path Score: 4.087450887476818
Waypoints: [[1.0, 1.0, 1.0], [5.124139793286082, 11.529276214212281, 3.1169525438428494], [22.592720703848663, 25.526803242435573, 12.228206346267022], [29.0, 29.0, 14.0]]
Velocity: [[0.0, 0.0, 0.0], [4.124139793286082, 10.529276214212281, 2.1169525438428494], [17.46858091056258, 13.997527028223292, 9.111253802424173], [6.407279296151337, 3.473196757564427, 1.7717936537329777]]
Attitude: [[0.0, 0.0, 0.0], [1.2041596665548568, 0.4147337109116922, 1.3857324418142094], [0.7629580477415957, 0.9530816387021522, 1.184246514616225], [0.5466676487799201, 1.0893405550292934, 1.3323147563268598]]
Save Location: maps/map2298/test.txt
