Path: 890
Path Score: 4.250179165020579
Waypoints: [[1.0, 1.0, 1.0], [13.622214221490246, 10.560085107867, 6.307093757900562], [26.38955246870181, 17.442107880007757, 6.309566030629197], [29.0, 29.0, 14.0]]
Velocity: [[0.0, 0.0, 0.0], [12.622214221490246, 9.560085107867, 5.307093757900562], [12.767338247211566, 6.882022772140758, 0.002472272728635261], [2.6104475312981883, 11.557892119992243, 7.690433969370803]]
Attitude: [[0.0, 0.0, 0.0], [0.7138698155414545, 0.9612815674177257, 1.2473929819737224], [0.49438467627028143, 1.076411685305952, 1.5706258727158342], [1.384929812396437, 0.6125168476528547, 0.995099526744653]]
Save Location: maps/map1191/test.txt
