Path: 243
Path Score: 4.247228390425974
Waypoints: [[1.0, 1.0, 1.0], [10.236205802881091, 6.726958385030271, 8.616461550781413], [28.580074351282803, 14.872208336339622, 10.610098631150464], [29.0, 29.0, 14.0]]
Velocity: [[0.0, 0.0, 0.0], [9.236205802881091, 5.726958385030271, 7.616461550781413], [18.343868548401712, 8.14524995130935, 1.9936370803690515], [0.4199256487171965, 14.127791663660378, 3.389901368849536]]
Attitude: [[0.0, 0.0, 0.0], [0.801018365502451, 1.1245932303302049, 0.9595076706588436], [0.42877418976341325, 1.1550904922615386, 1.4717915450790782], [1.5419013819474265, 0.2372269626522856, 1.3354029484393914]]
Save Location: maps/map1213/test.txt
