Path: 2319
Path Score: 4.264140817779911
Waypoints: [[1.0, 1.0, 1.0], [4.608820246079843, 7.120273707001329, 9.286680001717013], [12.704603846584774, 19.922199713463662, 8.33279809450805], [29.0, 29.0, 14.0]]
Velocity: [[0.0, 0.0, 0.0], [3.6088202460798433, 6.120273707001329, 8.286680001717013], [8.09578360050493, 12.801926006462335, -0.953881907208963], [16.295396153415226, 9.077800286536338, 5.66720190549195]]
Attitude: [[0.0, 0.0, 0.0], [1.233845257898589, 0.9755770124671417, 0.7087760394342274], [1.0081517368282997, 0.5670129990228532, 1.6336883273412364], [0.5810873343497762, 1.0864359774071253, 1.2758411019683804]]
Save Location: maps/map1097/test.txt
