Path: 476
Path Score: 4.356020233604681
Waypoints: [[1.0, 1.0, 1.0], [11.29885047226655, 13.922680563011099, 6.0742347128672325], [19.70415101856637, 13.671074305937509, 12.81372080915123], [29.0, 29.0, 14.0]]
Velocity: [[0.0, 0.0, 0.0], [10.29885047226655, 12.922680563011099, 5.0742347128672325], [8.405300546299822, -0.25160625707358975, 6.739486096283997], [9.295848981433629, 15.328925694062491, 1.1862791908487704]]
Attitude: [[0.0, 0.0, 0.0], [0.932550665210745, 0.7263919285052141, 1.2728643435485965], [0.6761858483633238, 1.5941461165664261, 0.8951689284839851], [1.0269884977688475, 0.548718444626354, 1.5047210663746937]]
Save Location: maps/map547/test.txt
