Path: 2164
Path Score: 4.04238981133156
Waypoints: [[1.0, 1.0, 1.0], [5.839689469355285, 6.231079992564079, 1.4400139470819306], [22.16101751903432, 21.88131243389526, 7.844034735289933], [29.0, 29.0, 14.0]]
Velocity: [[0.0, 0.0, 0.0], [4.839689469355285, 5.231079992564079, 0.44001394708193065], [16.321328049679035, 15.65023244133118, 6.404020788208002], [6.838982480965679, 7.1186875661047395, 6.155965264710067]]
Attitude: [[0.0, 0.0, 0.0], [0.8259996858182699, 0.748605830934555, 1.5091311358387776], [0.8031046996957484, 0.8420687599762164, 1.2948136848532892], [0.9423867443913255, 0.9123337917118957, 1.0131992799999519]]
Save Location: maps/map2440/test.txt
