Path: 2011
Path Score: 4.267851267381492
Waypoints: [[1.0, 1.0, 1.0], [1.6574939373145603, 7.640942564656317, 6.853106441814953], [11.29885047226655, 13.922680563011099, 6.0742347128672325], [29.0, 29.0, 14.0]]
Velocity: [[0.0, 0.0, 0.0], [0.6574939373145603, 6.640942564656317, 5.853106441814953], [9.641356534951989, 6.281737998354782, -0.7788717289477205], [17.70114952773345, 15.077319436988901, 7.9257652871327675]]
Attitude: [[0.0, 0.0, 0.0], [1.4966576018134188, 0.7255359120981532, 0.8507902510389312], [0.5809520502261827, 0.9948252769436826, 1.6383787602118103], [0.7661818536866618, 0.9099886285213937, 1.2422839364012292]]
Save Location: maps/map1068/test.txt
