Path: 780
Path Score: 4.322689694930175
Waypoints: [[1.0, 1.0, 1.0], [4.844954787942095, 14.493280729732227, 5.905721797057641], [18.1367759330625, 27.51943688599429, 5.760318237087204], [29.0, 29.0, 14.0]]
Velocity: [[0.0, 0.0, 0.0], [3.844954787942095, 13.493280729732227, 4.905721797057641], [13.291821145120403, 13.026156156262061, -0.14540355997043708], [10.863224066937502, 1.4805631140057116, 8.239681762912795]]
Attitude: [[0.0, 0.0, 0.0], [1.3091332202726853, 0.43273101466224884, 1.2344339666278068], [0.7753352175852956, 0.795522160211384, 1.578609124282475], [0.6565808947189486, 1.462631373986738, 0.9263070006364166]]
Save Location: maps/map722/test.txt
