Path: 130
Path Score: 4.169177239553106
Waypoints: [[1.0, 1.0, 1.0], [1.4054990619177365, 2.018923329900705, 5.290815032320245], [17.21982023619961, 8.006705393204069, 10.081471535117235], [29.0, 29.0, 14.0]]
Velocity: [[0.0, 0.0, 0.0], [0.40549906191773655, 1.018923329900705, 4.290815032320245], [15.814321174281872, 5.987782063303364, 4.790656502796989], [11.78017976380039, 20.99329460679593, 3.9185284648827654]]
Attitude: [[0.0, 0.0, 0.0], [1.479107067399564, 1.338645930601151, 0.2502235615876531], [0.4514951751324193, 1.2231456381705008, 1.294726404207515], [1.0667154657863167, 0.5340499258370055, 1.4094321512942536]]
Save Location: maps/map1804/test.txt
