Path: 924
Path Score: 4.393552475985621
Waypoints: [[1.0, 1.0, 1.0], [7.363766588778974, 0.518530266354752, 10.190548616200227], [22.610660907061256, 12.829583706462888, 7.646387831785042], [29.0, 29.0, 14.0]]
Velocity: [[0.0, 0.0, 0.0], [6.363766588778974, -0.48146973364524803, 9.190548616200227], [15.246894318282282, 12.311053440108136, -2.544160784415184], [6.389339092938744, 16.170416293537112, 6.353612168214958]]
Attitude: [[0.0, 0.0, 0.0], [0.9658135015594402, 1.6138399388547588, 0.6069604064989591], [0.6895073265611226, 0.898232995064705, 1.6999003368008785], [1.2183916059253201, 0.5083781419888332, 1.2204471921007194]]
Save Location: maps/map383/test.txt
