Path: 2338
Path Score: 4.259294926917351
Waypoints: [[1.0, 1.0, 1.0], [2.7823021602657514, 3.2626923788090734, 6.811174955232296], [22.909069045040045, 10.835196024953614, 13.228528156939884], [29.0, 29.0, 14.0]]
Velocity: [[0.0, 0.0, 0.0], [1.7823021602657514, 2.2626923788090734, 5.811174955232296], [20.126766884774295, 7.572503646144541, 6.417353201707588], [6.090930954959955, 18.164803975046386, 0.771471843060116]]
Attitude: [[0.0, 0.0, 0.0], [1.2924157480158258, 1.2144350237412072, 0.46016632051788314], [0.45817149939382973, 1.2266044737073738, 1.2807864068111776], [1.2475348540835867, 0.325939212643112, 1.5305508334281337]]
Save Location: maps/map1142/test.txt
