Path: 646
Path Score: 4.481121465914206
Waypoints: [[1.0, 1.0, 1.0], [12.65259495451803, 15.504691539838976, 1.3902173466937446], [19.389288025563584, 16.06728025107769, 3.2087782934268243], [29.0, 29.0, 14.0]]
Velocity: [[0.0, 0.0, 0.0], [11.65259495451803, 14.504691539838976, 0.39021734669374464], [6.736693071045554, 0.562588711238714, 1.8185609467330797], [9.610711974436416, 12.93271974892231, 10.791221706573175]]
Attitude: [[0.0, 0.0, 0.0], [0.8941821376993422, 0.6770644370273821, 1.5498263094141658], [0.27539117713058275, 1.4903452510391075, 1.3080054194803374], [1.0522852008502876, 0.8407680585630531, 0.9806749590669072]]
Save Location: maps/map150/test.txt
