Path: 1320
Path Score: 4.47938660413126
Waypoints: [[1.0, 1.0, 1.0], [3.4670120800623283, 8.98615020457587, 12.766320645476934], [19.150517884687012, 16.221567393022806, 9.065163787729501], [29.0, 29.0, 14.0]]
Velocity: [[0.0, 0.0, 0.0], [2.4670120800623283, 7.986150204575869, 11.766320645476934], [15.683505804624684, 7.235417188446936, -3.701156857747433], [9.849482115312988, 12.778432606977194, 4.934836212270499]]
Attitude: [[0.0, 0.0, 0.0], [1.399024108228292, 0.9844440153430374, 0.6176559127637982], [0.4780969269347886, 1.1487695107439615, 1.7818898745496214], [0.9474095871230266, 0.7114898316461911, 1.2739640805957166]]
Save Location: maps/map155/test.txt
