Path: 641
Path Score: 4.290316622150374
Waypoints: [[1.0, 1.0, 1.0], [12.65259495451803, 15.504691539838976, 1.3902173466937446], [18.92587327321427, 24.46480001449053, 4.551445527047205], [29.0, 29.0, 14.0]]
Velocity: [[0.0, 0.0, 0.0], [11.65259495451803, 14.504691539838976, 0.39021734669374464], [6.273278318696239, 8.960108474651555, 3.1612281803534605], [10.074126726785732, 4.535199985509468, 9.448554472952795]]
Attitude: [[0.0, 0.0, 0.0], [0.8941821376993422, 0.6770644370273821, 1.5498263094141658], [0.987251516173885, 0.6649114800977932, 1.2894467004607661], [0.8051713143812181, 1.2535291924364955, 0.863270668250586]]
Save Location: maps/map930/test.txt
