Path: 2204
Path Score: 4.051363159806829
Waypoints: [[1.0, 1.0, 1.0], [5.839689469355285, 6.231079992564079, 1.4400139470819306], [14.68158349565293, 13.843237883893032, 6.016948201033536], [29.0, 29.0, 14.0]]
Velocity: [[0.0, 0.0, 0.0], [4.839689469355285, 5.231079992564079, 0.44001394708193065], [8.841894026297645, 7.612157891328953, 4.576934253951605], [14.31841650434707, 15.156762116106968, 7.983051798966464]]
Attitude: [[0.0, 0.0, 0.0], [0.8259996858182699, 0.748605830934555, 1.5091311358387776], [0.7876715977362826, 0.9180425104408545, 1.1969541008677098], [0.8745806038813252, 0.824576452033356, 1.2051434100274334]]
Save Location: maps/map2421/test.txt
