Path: 104
Path Score: 4.409317667990643
Waypoints: [[1.0, 1.0, 1.0], [6.844542921659472, 12.575654287568902, 0.7512941296865822], [10.367468260299423, 27.216463727164182, 9.296135061442213], [29.0, 29.0, 14.0]]
Velocity: [[0.0, 0.0, 0.0], [5.844542921659472, 11.575654287568902, -0.24870587031341784], [3.5229253386399515, 14.64080943959528, 8.54484093175563], [18.632531739700575, 1.7835362728358177, 4.703864938557787]]
Attitude: [[0.0, 0.0, 0.0], [1.103329579532339, 0.4679236243581791, 1.5899732357353402], [1.3658942558157754, 0.5631089343571571, 1.0546654191274663], [0.26370469337935265, 1.4782516615946064, 1.3245891179026303]]
Save Location: maps/map337/test.txt
