Path: 921
Path Score: 4.403806842368676
Waypoints: [[1.0, 1.0, 1.0], [7.363766588778974, 0.518530266354752, 10.190548616200227], [20.941187860159854, 5.775881785340472, 14.270885595565682], [29.0, 29.0, 14.0]]
Velocity: [[0.0, 0.0, 0.0], [6.363766588778974, -0.48146973364524803, 9.190548616200227], [13.57742127138088, 5.25735151898572, 4.080336979365455], [8.058812139840146, 23.224118214659526, -0.2708855955656819]]
Attitude: [[0.0, 0.0, 0.0], [0.9658135015594402, 1.6138399388547588, 0.6069604064989591], [0.45573762462391443, 1.21568732424458, 1.2975577859685037], [1.236816017767965, 0.3341762810916468, 1.5818152855342118]]
Save Location: maps/map351/test.txt
