Path: 1087
Path Score: 4.317877093831525
Waypoints: [[1.0, 1.0, 1.0], [6.277705044557794, 0.35330246109405494, 2.6825947684151497], [17.189475107527144, 6.123320838397045, 11.315568873473534], [29.0, 29.0, 14.0]]
Velocity: [[0.0, 0.0, 0.0], [5.277705044557794, -0.6466975389059451, 1.6825947684151497], [10.91177006296935, 5.77001837730299, 8.632974105058384], [11.810524892472856, 22.876679161602954, 2.6844311265264658]]
Attitude: [[0.0, 0.0, 0.0], [0.32912608513099045, 1.687014641004876, 1.264321452563771], [0.7606062458152097, 1.177685270090333, 0.9604736372108361], [1.0969999474799046, 0.4869188424541576, 1.4669037812398578]]
Save Location: maps/map743/test.txt
