Path: 1507
Path Score: 4.363611531264459
Waypoints: [[1.0, 1.0, 1.0], [1.5831056317866898, 11.289807463775418, 6.886569014408189], [17.142077840697404, 12.866671640253438, 8.671369517017055], [29.0, 29.0, 14.0]]
Velocity: [[0.0, 0.0, 0.0], [0.5831056317866898, 10.289807463775418, 5.886569014408189], [15.558972208910713, 1.5768641764780202, 1.7848005026088662], [11.857922159302596, 16.133328359746564, 5.328630482982945]]
Attitude: [[0.0, 0.0, 0.0], [1.5216478577442305, 0.5217422173051365, 1.0518517055369716], [0.15189021900633556, 1.4704472444726957, 1.4571606380601618], [0.9614723836846367, 0.6782653453057865, 1.3106912242211473]]
Save Location: maps/map501/test.txt
