Path: 196
Path Score: 4.570176367771451
Waypoints: [[1.0, 1.0, 1.0], [0.1034748464100077, 6.396090427855569, 9.25430405624771], [1.7143328730199958, 21.092941031499596, 12.345745360803054], [29.0, 29.0, 14.0]]
Velocity: [[0.0, 0.0, 0.0], [-0.8965251535899923, 5.396090427855569, 8.25430405624771], [1.6108580266099881, 14.696850603644027, 3.091441304555344], [27.285667126980005, 7.9070589685004045, 1.654254639196946]]
Attitude: [[0.0, 0.0, 0.0], [1.6614577493511176, 0.9944855483118206, 0.5852456997051783], [1.4639463572406588, 0.2328868262859209, 1.3646710902123154], [0.2878401089735167, 1.289224508527664, 1.5126305449833775]]
Save Location: maps/map36/test.txt
