Path: 140
Path Score: 4.1871339110822845
Waypoints: [[1.0, 1.0, 1.0], [1.4054990619177365, 2.018923329900705, 5.290815032320245], [10.30043474338533, 16.763297732058618, 6.875926560339274], [29.0, 29.0, 14.0]]
Velocity: [[0.0, 0.0, 0.0], [0.40549906191773655, 1.018923329900705, 4.290815032320245], [8.894935681467594, 14.744374402157913, 1.5851115280190289], [18.69956525661467, 12.236702267941382, 7.124073439660726]]
Attitude: [[0.0, 0.0, 0.0], [1.479107067399564, 1.338645930601151, 0.2502235615876531], [1.0305089719672071, 0.5497641221471367, 1.479002554689309], [0.6480970733888322, 1.0219569516917306, 1.2621948308972217]]
Save Location: maps/map1666/test.txt
