Path: 2485
Path Score: 4.330277547240635
Waypoints: [[1.0, 1.0, 1.0], [12.386106231445222, 1.1077460717588705, 7.4490524792482224], [18.441097262136424, 17.537267266708554, 6.281086639361177], [29.0, 29.0, 14.0]]
Velocity: [[0.0, 0.0, 0.0], [11.386106231445222, 0.10774607175887052, 6.4490524792482224], [6.054991030691202, 16.429521194949682, -1.1679658398870458], [10.558902737863576, 11.462732733291446, 7.718913360638823]]
Attitude: [[0.0, 0.0, 0.0], [0.5154044449224107, 1.562562589250552, 1.0554709245652716], [1.2185152940879322, 0.35906615994785085, 1.6374013214604115], [0.9183550643402842, 0.8511782172620342, 1.1109269665548651]]
Save Location: maps/map679/test.txt
