Path: 821
Path Score: 4.397477485869383
Waypoints: [[1.0, 1.0, 1.0], [4.844954787942095, 14.493280729732227, 5.905721797057641], [10.752760318917543, 18.75992942067851, 14.80087523764835], [29.0, 29.0, 14.0]]
Velocity: [[0.0, 0.0, 0.0], [3.844954787942095, 13.493280729732227, 4.905721797057641], [5.907805530975448, 4.266648690946283, 8.89515344059071], [18.247239681082455, 10.24007057932149, -0.8008752376483503]]
Attitude: [[0.0, 0.0, 0.0], [1.3091332202726853, 0.43273101466224884, 1.2344339666278068], [1.0312338704356607, 1.1906668688351272, 0.6863732842973452], [0.5126920098124623, 1.0598172007710935, 1.6090527819834075]]
Save Location: maps/map368/test.txt
