Path: 1231
Path Score: 4.267068316616248
Waypoints: [[1.0, 1.0, 1.0], [10.98841998167141, 13.67984788740044, 4.669955467169109], [21.79639181727039, 14.477895924297679, 6.70148367285092], [29.0, 29.0, 14.0]]
Velocity: [[0.0, 0.0, 0.0], [9.98841998167141, 12.67984788740044, 3.6699554671691086], [10.80797183559898, 0.7980480368972387, 2.031528205681812], [7.20360818272961, 14.522104075702321, 7.29851632714908]]
Attitude: [[0.0, 0.0, 0.0], [0.9230317793050691, 0.698207449561829, 1.3472349331065676], [0.19926862423552047, 1.498355302468244, 1.3854914674591228], [1.1535972127018381, 0.6148409412743631, 1.1477501781583583]]
Save Location: maps/map1072/test.txt
