Path: 582
Path Score: 4.379646679002376
Waypoints: [[1.0, 1.0, 1.0], [8.077819295469498, 4.630177089274074, 13.001091877302175], [18.295648198935922, 21.67677091998945, 14.790388562251113], [29.0, 29.0, 14.0]]
Velocity: [[0.0, 0.0, 0.0], [7.077819295469498, 3.630177089274074, 12.001091877302175], [10.217828903466424, 17.046593830715377, 1.7892966849489387], [10.704351801064078, 7.323229080010549, -0.7903885622511133]]
Attitude: [[0.0, 0.0, 0.0], [1.0568857360289043, 1.315913356872022, 0.5853298029477871], [1.0332266020673566, 0.5466657649635209, 1.4810080147224285], [0.6027006201753293, 0.9720633967168617, 1.6316622645059446]]
Save Location: maps/map430/test.txt
