Path: 1974
Path Score: 4.494795463803996
Waypoints: [[1.0, 1.0, 1.0], [7.908661902969909, 13.249370598681029, 5.122888052721978], [8.698977053221993, 19.48629808039675, 13.371846165404145], [29.0, 29.0, 14.0]]
Velocity: [[0.0, 0.0, 0.0], [6.908661902969909, 12.249370598681029, 4.122888052721978], [0.7903151502520842, 6.236927481715721, 8.248958112682168], [20.301022946778005, 9.51370191960325, 0.6281538345958548]]
Attitude: [[0.0, 0.0, 0.0], [1.0799032623057099, 0.5811391675180452, 1.2856207472042467], [1.494522141359499, 0.9256075743154426, 0.6512209196389376], [0.4390758398022054, 1.132740622989748, 1.5427856888103315]]
Save Location: maps/map120/test.txt
