Path: 469
Path Score: 4.185587650683551
Waypoints: [[1.0, 1.0, 1.0], [11.29885047226655, 13.922680563011099, 6.0742347128672325], [16.562231948918217, 23.36225528971405, 10.468909590942717], [29.0, 29.0, 14.0]]
Velocity: [[0.0, 0.0, 0.0], [10.29885047226655, 12.922680563011099, 5.0742347128672325], [5.263381476651668, 9.43957472670295, 4.3946748780754845], [12.437768051081783, 5.637744710285951, 3.531090409057283]]
Attitude: [[0.0, 0.0, 0.0], [0.932550665210745, 0.7263919285052141, 1.2728643435485965], [1.102766272410377, 0.6282210775964134, 1.1845958582003606], [0.4911333101171544, 1.159608420333512, 1.31776151037235]]
Save Location: maps/map1681/test.txt
