Path: 1896
Path Score: 4.149985657504841
Waypoints: [[1.0, 1.0, 1.0], [8.469661386104097, 5.59096684474812, 2.5279558793890997], [25.752844741997475, 11.22365858767903, 10.0403064910286], [29.0, 29.0, 14.0]]
Velocity: [[0.0, 0.0, 0.0], [7.469661386104097, 4.59096684474812, 1.5279558793890997], [17.283183355893378, 5.632691742930909, 7.5123506116395005], [3.2471552580025254, 17.77634141232097, 3.9596935089714]]
Attitude: [[0.0, 0.0, 0.0], [0.5747996990566772, 1.0288000156137393, 1.3982583619310816], [0.4976642522799479, 1.2803566393780654, 1.1789040934207329], [1.39435302498806, 0.28047766201905855, 1.355080829085384]]
Save Location: maps/map1942/test.txt
