Path: 936
Path Score: 4.4474803506597205
Waypoints: [[1.0, 1.0, 1.0], [7.363766588778974, 0.518530266354752, 10.190548616200227], [9.833184348662794, 7.49990030059201, 14.292253637188676], [29.0, 29.0, 14.0]]
Velocity: [[0.0, 0.0, 0.0], [6.363766588778974, -0.48146973364524803, 9.190548616200227], [2.46941775988382, 6.981370034237258, 4.101705020988449], [19.166815651337206, 21.50009969940799, -0.2922536371886757]]
Attitude: [[0.0, 0.0, 0.0], [0.9658135015594402, 1.6138399388547588, 0.6069604064989591], [1.2747820833970887, 0.6011193725296531, 1.0649696313201154], [0.8427567005134493, 0.7281432487926576, 1.5809425666442078]]
Save Location: maps/map213/test.txt
