Path: 2285
Path Score: 4.368598808105794
Waypoints: [[1.0, 1.0, 1.0], [4.608820246079843, 7.120273707001329, 9.286680001717013], [17.21982023619961, 8.006705393204069, 10.081471535117235], [29.0, 29.0, 14.0]]
Velocity: [[0.0, 0.0, 0.0], [3.6088202460798433, 6.120273707001329, 8.286680001717013], [12.610999990119765, 0.8864316862027399, 0.7947915334002218], [11.78017976380039, 20.99329460679593, 3.9185284648827654]]
Attitude: [[0.0, 0.0, 0.0], [1.233845257898589, 0.9755770124671417, 0.7087760394342274], [0.09412820553054546, 1.500759888883729, 1.5080104038468507], [1.0667154657863167, 0.5340499258370055, 1.4094321512942536]]
Save Location: maps/map472/test.txt
