Path: 1536
Path Score: 4.082804645845087
Waypoints: [[1.0, 1.0, 1.0], [5.1328300726842055, 6.167067988359742, 4.338023583503114], [16.72641038031882, 15.264827052821502, 13.846194206338602], [29.0, 29.0, 14.0]]
Velocity: [[0.0, 0.0, 0.0], [4.1328300726842055, 5.167067988359742, 3.338023583503114], [11.593580307634616, 9.09775906446176, 9.508170622835488], [12.273589619681179, 13.735172947178498, 0.15380579366139813]]
Attitude: [[0.0, 0.0, 0.0], [0.9792202736645594, 0.799275207152919, 1.1035589735254734], [0.8485785737664879, 1.0254175036232425, 0.9978108560718946], [0.8415660736191315, 0.7293004114667039, 1.5624465811421142]]
Save Location: maps/map2313/test.txt
