Path: 681
Path Score: 4.332166452569088
Waypoints: [[1.0, 1.0, 1.0], [7.279071891786115, 11.99037003440958, 7.619831722996372], [19.747287023046923, 29.82416487797133, 10.432454096489826], [29.0, 29.0, 14.0]]
Velocity: [[0.0, 0.0, 0.0], [6.279071891786115, 10.99037003440958, 6.619831722996372], [12.468215131260807, 17.83379484356175, 2.812622373493454], [9.252712976953077, -0.8241648779713309, 3.567545903510174]]
Attitude: [[0.0, 0.0, 0.0], [1.115662030937802, 0.6928797362779866, 1.088924427386206], [0.9664082413023559, 0.6218477338810826, 1.4422528999733395], [0.3768134483966241, 1.6537149137271474, 1.2041176775046736]]
Save Location: maps/map673/test.txt
