Path: 760
Path Score: 4.219662300281214
Waypoints: [[1.0, 1.0, 1.0], [12.697608925444278, 6.8811022717284045, 6.207161753256], [14.31024281394206, 14.397341180730484, 10.344580509492056], [29.0, 29.0, 14.0]]
Velocity: [[0.0, 0.0, 0.0], [11.697608925444278, 5.8811022717284045, 5.207161753256], [1.6126338884977809, 7.516238909002079, 4.137418756236056], [14.68975718605794, 14.602658819269516, 3.655419490507944]]
Attitude: [[0.0, 0.0, 0.0], [0.5913478455125089, 1.1402281118229445, 1.1922640516212777], [1.385005793411813, 0.5336267462802445, 1.07704572879382], [0.7976180124622528, 0.8033878261380559, 1.3961151528842315]]
Save Location: maps/map1411/test.txt
