Path: 133
Path Score: 4.189244052238591
Waypoints: [[1.0, 1.0, 1.0], [1.4054990619177365, 2.018923329900705, 5.290815032320245], [10.81745541664519, 17.765990078921153, 6.9670533080542265], [29.0, 29.0, 14.0]]
Velocity: [[0.0, 0.0, 0.0], [0.40549906191773655, 1.018923329900705, 4.290815032320245], [9.411956354727455, 15.747066749020448, 1.676238275733981], [18.18254458335481, 11.234009921078847, 7.0329466919457735]]
Attitude: [[0.0, 0.0, 0.0], [1.479107067399564, 1.338645930601151, 0.2502235615876531], [1.0345504066883318, 0.5456243505229397, 1.4796784755426036], [0.6298821484480811, 1.0480294904711909, 1.2528998172006138]]
Save Location: maps/map1651/test.txt
