Path: 914
Path Score: 4.343792145252891
Waypoints: [[1.0, 1.0, 1.0], [7.363766588778974, 0.518530266354752, 10.190548616200227], [22.909069045040045, 10.835196024953614, 13.228528156939884], [29.0, 29.0, 14.0]]
Velocity: [[0.0, 0.0, 0.0], [6.363766588778974, -0.48146973364524803, 9.190548616200227], [15.545302456261071, 10.316665758598862, 3.0379795407396575], [6.090930954959955, 18.164803975046386, 0.771471843060116]]
Attitude: [[0.0, 0.0, 0.0], [0.9658135015594402, 1.6138399388547588, 0.6069604064989591], [0.6052200493652229, 0.9934864030857771, 1.4093812358613107], [1.2475348540835867, 0.325939212643112, 1.5305508334281337]]
Save Location: maps/map610/test.txt
