Path: 12
Path Total Score: 2.0278358481062977
Waypoints: [[0.1, 0.1, 0.1], [5.134022605142396, 7.452815194981697, 3.3260577806730094], [2.759058178701179, 4.145937986489479, 2.792187753283942], [7.03200889148945, 11.212381035806049, 2.4091861245466912], [2.788077651426252, 7.903040573391179, 0.7645536455855712], [6.844542921659472, 12.575654287568902, 0.7512941296865822], [0.820476030540116, 9.465036621766906, 1.312086863774652], [5.335547073015681, 11.22370948086019, 1.4061148634636922], [5.209271027691159, 9.039466069653205, 5.0925597947517085], [15.0, 15.0, 7.5]]
Velocity: [[0.0, 0.0, 0.0], [5.034022605142396, 7.352815194981697, 3.2260577806730093], [-2.3749644264412164, -3.3068772084922173, -0.5338700273890673], [4.272950712788271, 7.066443049316569, -0.38300162873725085], [-4.243931240063198, -3.3093404624148697, -1.6446324789611202], [4.05646527023322, 4.672613714177723, -0.013259515898988994], [-6.024066891119356, -3.110617665801996, 0.5607927340880697], [4.515071042475565, 1.7586728590932843, 0.0940279996890403], [-0.12627604532452175, -2.1842434112069853, 3.6864449312880163], [9.790728972308841, 5.960533930346795, 2.4074402052482915]]
Attitude: [[0.0, 0.0, 0.0], [0.0, 0.0, 0.0], [0.0, 0.0, 0.0], [0.0, 0.0, 0.0], [0.0, 0.0, 0.0], [0.0, 0.0, 0.0], [0.0, 0.0, 0.0], [0.0, 0.0, 0.0], [0.0, 0.0, 0.0], [0.0, 0.0, 0.0]]
Save Location: maps/map14/test.txt
