Path: 141
Path Score: 4.271862374956767
Waypoints: [[1.0, 1.0, 1.0], [1.4054990619177365, 2.018923329900705, 5.290815032320245], [5.751816757663218, 17.156833555671575, 6.589690213827213], [29.0, 29.0, 14.0]]
Velocity: [[0.0, 0.0, 0.0], [0.40549906191773655, 1.018923329900705, 4.290815032320245], [4.346317695745482, 15.13791022577087, 1.2988751815069675], [23.248183242336783, 11.843166444328425, 7.410309786172787]]
Attitude: [[0.0, 0.0, 0.0], [1.479107067399564, 1.338645930601151, 0.2502235615876531], [1.2921736646990019, 0.2911462171099445, 1.4885116664178526], [0.5411002755555507, 1.1189266096777066, 1.2940654487739034]]
Save Location: maps/map1046/test.txt
