Path: 959
Path Score: 4.079437683336136
Waypoints: [[1.0, 1.0, 1.0], [7.03200889148945, 11.212381035806049, 2.4091861245466912], [24.231363728279373, 24.064238050008328, 9.859876317962396], [29.0, 29.0, 14.0]]
Velocity: [[0.0, 0.0, 0.0], [6.03200889148945, 10.212381035806049, 1.4091861245466912], [17.199354836789922, 12.85185701420228, 7.450690193415705], [4.768636271720627, 4.935761949991672, 4.140123682037604]]
Attitude: [[0.0, 0.0, 0.0], [1.0413956223611207, 0.5452295055399751, 1.4525400011168248], [0.7124047268128851, 0.9697604771093034, 1.2367807747167452], [0.9335872338350895, 0.9073880140782924, 1.02799260384737]]
Save Location: maps/map2331/test.txt
