Path: 1615
Path Score: 4.097554996245544
Waypoints: [[1.0, 1.0, 1.0], [10.36013664890983, 5.847929453477029, 2.4421408215587084], [17.89500835598713, 12.238417992478578, 7.134004137824853], [29.0, 29.0, 14.0]]
Velocity: [[0.0, 0.0, 0.0], [9.36013664890983, 4.847929453477029, 1.4421408215587084], [7.534871707077301, 6.390488539001549, 4.6918633162661445], [11.10499164401287, 16.761582007521422, 6.865995862175147]]
Attitude: [[0.0, 0.0, 0.0], [0.49541529610661705, 1.0976792558885609, 1.4348290922750935], [0.8108117026445489, 0.9468039809312917, 1.1274383617138917], [1.0208116603536068, 0.6617621353055158, 1.2417305692240037]]
Save Location: maps/map2262/test.txt
