Path: 1569
Path Score: 4.209713242654107
Waypoints: [[1.0, 1.0, 1.0], [5.1328300726842055, 6.167067988359742, 4.338023583503114], [9.17398002603554, 20.73897641344332, 6.283632757243895], [29.0, 29.0, 14.0]]
Velocity: [[0.0, 0.0, 0.0], [4.1328300726842055, 5.167067988359742, 3.338023583503114], [4.041149953351335, 14.57190842508358, 1.945609173740781], [19.82601997396446, 8.261023586556679, 7.716367242756105]]
Attitude: [[0.0, 0.0, 0.0], [0.9792202736645594, 0.799275207152919, 1.1035589735254734], [1.3025367355545072, 0.2985901037941133, 1.4428374930387449], [0.5181999547692874, 1.2004145141772051, 1.2258923638516876]]
Save Location: maps/map1473/test.txt
