Path: 2122
Path Score: 4.129602418147337
Waypoints: [[1.0, 1.0, 1.0], [7.976694836660609, 10.929766397758005, 9.409001445334173], [22.592720703848663, 25.526803242435573, 12.228206346267022], [29.0, 29.0, 14.0]]
Velocity: [[0.0, 0.0, 0.0], [6.976694836660609, 9.929766397758005, 8.409001445334173], [14.616025867188053, 14.597036844677568, 2.8192049009328493], [6.407279296151337, 3.473196757564427, 1.7717936537329777]]
Attitude: [[0.0, 0.0, 0.0], [1.0786293818483852, 0.8331465441750755, 0.9648405508336908], [0.7939033421633547, 0.7951798195950609, 1.4351557811233973], [0.5466676487799201, 1.0893405550292934, 1.3323147563268598]]
Save Location: maps/map2084/test.txt
