Path: 58
Path Score: 4.070451886039122
Waypoints: [[1.0, 1.0, 1.0], [8.883832853990807, 7.619820070167713, 5.821889119101872], [24.631670230844907, 23.32534168126198, 7.202000853365213], [29.0, 29.0, 14.0]]
Velocity: [[0.0, 0.0, 0.0], [7.883832853990807, 6.619820070167713, 4.821889119101872], [15.7478373768541, 15.705521611094266, 1.380111734263341], [4.368329769155093, 5.674658318738022, 6.797999146634787]]
Attitude: [[0.0, 0.0, 0.0], [0.8044304960935175, 0.9492050844908356, 1.1327513067607105], [0.7859758706910542, 0.7886562671325472, 1.5088229266620845], [1.112517585562311, 0.9585535715963122, 0.8114172061667323]]
Save Location: maps/map2367/test.txt
