Path: 1790
Path Score: 4.164037495618853
Waypoints: [[1.0, 1.0, 1.0], [5.8300877579373775, 12.986927175779844, 2.2883830638241456], [16.562231948918217, 23.36225528971405, 10.468909590942717], [29.0, 29.0, 14.0]]
Velocity: [[0.0, 0.0, 0.0], [4.8300877579373775, 11.986927175779844, 1.2883830638241456], [10.73214419098084, 10.375328113934206, 8.180526527118571], [12.437768051081783, 5.637744710285951, 3.531090409057283]]
Attitude: [[0.0, 0.0, 0.0], [1.1897394258126446, 0.3951048953544142, 1.471431398260883], [0.8886147110771431, 0.915334035813908, 1.069473013449289], [0.4911333101171544, 1.159608420333512, 1.31776151037235]]
Save Location: maps/map1853/test.txt
