Path: 2397
Path Score: 4.24000946974176
Waypoints: [[1.0, 1.0, 1.0], [12.422424952449036, 7.364456284222653, 4.120550879483655], [22.909069045040045, 10.835196024953614, 13.228528156939884], [29.0, 29.0, 14.0]]
Velocity: [[0.0, 0.0, 0.0], [11.422424952449036, 6.364456284222653, 3.1205508794836554], [10.486644092591009, 3.470739740730961, 9.107977277456229], [6.090930954959955, 18.164803975046386, 0.771471843060116]]
Attitude: [[0.0, 0.0, 0.0], [0.5554007765856399, 1.0776065097557235, 1.3365284239372268], [0.7488521226518782, 1.3259325856954773, 0.8812674715591857], [1.2475348540835867, 0.325939212643112, 1.5305508334281337]]
Save Location: maps/map1267/test.txt
