Path: 917
Path Score: 4.583234490277025
Waypoints: [[1.0, 1.0, 1.0], [7.363766588778974, 0.518530266354752, 10.190548616200227], [7.177206899450002, 15.45719743824309, 14.540668792615357], [29.0, 29.0, 14.0]]
Velocity: [[0.0, 0.0, 0.0], [6.363766588778974, -0.48146973364524803, 9.190548616200227], [-0.1865596893289725, 14.938667171888339, 4.35012017641513], [21.822793100549998, 13.54280256175691, -0.5406687926153566]]
Attitude: [[0.0, 0.0, 0.0], [0.9658135015594402, 1.6138399388547588, 0.6069604064989591], [1.5827861001892654, 0.2836094845295698, 1.2874544976778233], [0.5557718496340723, 1.0155187584190801, 1.591844435500265]]
Save Location: maps/map29/test.txt
