Path: 1001
Path Score: 4.303325060933796
Waypoints: [[1.0, 1.0, 1.0], [7.03200889148945, 11.212381035806049, 2.4091861245466912], [12.699318080032214, 19.485873547121262, 13.643108962855027], [29.0, 29.0, 14.0]]
Velocity: [[0.0, 0.0, 0.0], [6.03200889148945, 10.212381035806049, 1.4091861245466912], [5.667309188542764, 8.273492511315213, 11.233922838308336], [16.300681919967786, 9.514126452878738, 0.3568910371449725]]
Attitude: [[0.0, 0.0, 0.0], [1.0413956223611207, 0.5452295055399751, 1.4525400011168248], [1.184950243460102, 0.9891392381443864, 0.7287618476095372], [0.5286275051045267, 1.042579273198718, 1.5518895222311728]]
Save Location: maps/map840/test.txt
