Path: 6
Path Total Score: 2.471526819687327
Waypoints: [[0.1, 0.1, 0.1], [5.686084451713379, 8.527834090506342, 0.08149903381141022], [4.0334591237976465, 6.1375642283901275, 0.11479389531473372], [8.644831653341857, 9.998379659971402, 0.15569365482448083], [2.9965389264740914, 4.4642673259073185, 0.0027497613586580094], [7.0246249460982115, 7.659478390492314, 0.49731194652075483], [1.8851299320260928, 2.475463830109168, 0.04627305779794866], [5.793549764580962, 6.168321782554592, 0.3178451734308574], [0.9196860595670597, 1.3819793288298265, 0.9307292510946474], [5.0, 5.0, 2.5]]
Velocity: [[0.0, 0.0, 0.0], [5.586084451713379, 8.427834090506343, -0.01850096618858979], [-1.6526253279157324, -2.390269862116215, 0.0332948615033235], [4.6113725295442105, 3.8608154315812744, 0.04089975950974711], [-5.648292726867766, -5.534112334064083, -0.15294389346582282], [4.02808601962412, 3.1952110645849956, 0.4945621851620968], [-5.139495014072119, -5.184014560383146, -0.4510388887228062], [3.908419832554869, 3.6928579524454244, 0.27157211563290873], [-4.8738637050139015, -4.786342453724766, 0.61288407766379], [4.080313940432941, 3.6180206711701732, 1.5692707489053526]]
Attitude: [[0.0, 0.0, 0.0], [0.0, 0.0, 0.0], [0.0, 0.0, 0.0], [0.0, 0.0, 0.0], [0.0, 0.0, 0.0], [0.0, 0.0, 0.0], [0.0, 0.0, 0.0], [0.0, 0.0, 0.0], [0.0, 0.0, 0.0], [0.0, 0.0, 0.0]]
Save Location: maps/map1/test.txt
