Path: 2062
Path Score: 4.487384045971327
Waypoints: [[1.0, 1.0, 1.0], [2.1051801977178286, 12.705542697858661, 1.33533427386211], [5.793894433382537, 26.979248593077514, 8.87883533394325], [29.0, 29.0, 14.0]]
Velocity: [[0.0, 0.0, 0.0], [1.1051801977178286, 11.705542697858661, 0.3353342738621099], [3.6887142356647082, 14.273705895218853, 7.543501060081141], [23.206105566617463, 2.0207514069224857, 5.12116466605675]]
Attitude: [[0.0, 0.0, 0.0], [1.4766986395106851, 0.09834724994807642, 1.5422834159518], [1.346170191525114, 0.531765002163936, 1.0978490036224464], [0.2329342361333555, 1.485967894851379, 1.3543892629320944]]
Save Location: maps/map137/test.txt
