Path: 774
Path Score: 4.384633637911858
Waypoints: [[1.0, 1.0, 1.0], [12.697608925444278, 6.8811022717284045, 6.207161753256], [18.095718329045553, 11.448179577573537, 4.254273268600727], [29.0, 29.0, 14.0]]
Velocity: [[0.0, 0.0, 0.0], [11.697608925444278, 5.8811022717284045, 5.207161753256], [5.398109403601275, 4.567077305845133, -1.952888484655273], [10.904281670954447, 17.551820422426463, 9.745726731399273]]
Attitude: [[0.0, 0.0, 0.0], [0.5913478455125089, 1.1402281118229445, 1.1922640516212777], [0.7438386402188953, 0.8987510912504686, 1.8402650675215193], [1.0732272559405516, 0.6946779801901964, 1.130088538280598]]
Save Location: maps/map416/test.txt
