Path: 2274
Path Score: 4.4146642061897285
Waypoints: [[1.0, 1.0, 1.0], [5.7591996310330025, 10.496060591014656, 1.1961851557501069], [21.37719602368912, 9.949716679064863, 4.7913485664080095], [29.0, 29.0, 14.0]]
Velocity: [[0.0, 0.0, 0.0], [4.7591996310330025, 9.496060591014656, 0.19618515575010687], [15.617996392656117, -0.5463439119497924, 3.5951634106579027], [7.62280397631088, 19.050283320935137, 9.20865143359199]]
Attitude: [[0.0, 0.0, 0.0], [1.1062936554501903, 0.46492826404694765, 1.5523285842779897], [0.22876068904464966, 1.604873275275251, 1.3446776770705182], [1.2250112780670668, 0.5604061128902759, 1.1489479963675138]]
Save Location: maps/map312/test.txt
