Path: 1770
Path Score: 4.19416477153367
Waypoints: [[1.0, 1.0, 1.0], [5.8300877579373775, 12.986927175779844, 2.2883830638241456], [21.908711729896172, 25.238135856299944, 5.545207600887396], [29.0, 29.0, 14.0]]
Velocity: [[0.0, 0.0, 0.0], [4.8300877579373775, 11.986927175779844, 1.2883830638241456], [16.078623971958795, 12.2512086805201, 3.2568245370632507], [7.091288270103828, 3.7618641437000555, 8.454792399112604]]
Attitude: [[0.0, 0.0, 0.0], [1.1897394258126446, 0.3951048953544142, 1.471431398260883], [0.667640089101877, 0.9293526192721508, 1.4110534981128482], [0.9169442204311326, 1.2422469685705426, 0.7594689249536318]]
Save Location: maps/map1617/test.txt
