Path: 288
Path Score: 4.286840983453629
Waypoints: [[1.0, 1.0, 1.0], [10.236205802881091, 6.726958385030271, 8.616461550781413], [12.613060744395664, 17.548051480031873, 8.080005726347148], [29.0, 29.0, 14.0]]
Velocity: [[0.0, 0.0, 0.0], [9.236205802881091, 5.726958385030271, 7.616461550781413], [2.3768549415145728, 10.8210930950016, -0.536455824434265], [16.386939255604336, 11.451948519968127, 5.919994273652852]]
Attitude: [[0.0, 0.0, 0.0], [0.801018365502451, 1.1245932303302049, 0.9595076706588436], [1.3548367588321106, 0.22148121190921977, 1.6191792514933165], [0.6665783723714116, 0.989326980912511, 1.28290425102486]]
Save Location: maps/map956/test.txt
