Path: 2177
Path Score: 4.2330938716278315
Waypoints: [[1.0, 1.0, 1.0], [5.839689469355285, 6.231079992564079, 1.4400139470819306], [11.40378861351021, 23.288761880938765, 11.804403224732908], [29.0, 29.0, 14.0]]
Velocity: [[0.0, 0.0, 0.0], [4.839689469355285, 5.231079992564079, 0.44001394708193065], [5.564099144154925, 17.057681888374685, 10.364389277650979], [17.59621138648979, 5.711238119061235, 2.1955967752670915]]
Attitude: [[0.0, 0.0, 0.0], [0.8259996858182699, 0.748605830934555, 1.5091311358387776], [1.2989301778624127, 0.6037324215440408, 1.0469703327089865], [0.33465120952432154, 1.2592127196021017, 1.4526670982553629]]
Save Location: maps/map1315/test.txt
