Path: 1434
Path Score: 4.474902415572232
Waypoints: [[1.0, 1.0, 1.0], [10.074445050749116, 1.0357225832720962, 9.412027835082272], [10.752760318917543, 18.75992942067851, 14.80087523764835], [29.0, 29.0, 14.0]]
Velocity: [[0.0, 0.0, 0.0], [9.074445050749116, 0.03572258327209621, 8.412027835082272], [0.6783152681684275, 17.724206837406413, 5.388847402566078], [18.247239681082455, 10.24007057932149, -0.8008752376483503]]
Attitude: [[0.0, 0.0, 0.0], [0.7475390695972799, 1.5679093516700198, 0.8232656157544957], [1.5341970850285933, 0.297352712713532, 1.2758419014403877], [0.5126920098124623, 1.0598172007710935, 1.6090527819834075]]
Save Location: maps/map165/test.txt
