Path: 963
Path Score: 4.13598839040581
Waypoints: [[1.0, 1.0, 1.0], [7.03200889148945, 11.212381035806049, 2.4091861245466912], [17.427868364228836, 16.4750747584921, 4.825948732556496], [29.0, 29.0, 14.0]]
Velocity: [[0.0, 0.0, 0.0], [6.03200889148945, 10.212381035806049, 1.4091861245466912], [10.395859472739385, 5.26269372268605, 2.4167626080098046], [11.572131635771164, 12.524925241507901, 9.174051267443504]]
Attitude: [[0.0, 0.0, 0.0], [1.0413956223611207, 0.5452295055399751, 1.4525400011168248], [0.5082451431643008, 1.1126991632542331, 1.3662848125979314], [0.930265420446883, 0.8673805595008431, 1.0772217983493675]]
Save Location: maps/map2029/test.txt
