# waypoints
G: (11.0,-17.0,15)
G: (13.765839434690912,-18.89642762019717,15)
G: (16.47621755402398,-21.460155362452785,15)
G: (19.67937547535693,-22.23984745419223,15)
G: (23.130555015515863,-21.271904889356893,15)
G: (25.59896332036128,-18.687796732401566,15)
G: (29.0,-17.0,15)


# wall segments
W: (30.0,-18.8,27.0,-20.8,3)
W: (27.0,-20.8,23.0,-22.8,3)
W: (23.0,-22.8,17.2,-23.0,3)
W: (17.2,-23.0,10.0,-18.8,3)
W: (10.0,-15.2,16.0,-18.2,3)
W: (16.0,-18.2,20.2,-20.0,3)
W: (20.2,-20.0,30.0,-15.2,3)


# environment settings
R: (0)
D: (1)
