Path: 899
Path Score: 4.16622969966055
Waypoints: [[1.0, 1.0, 1.0], [13.622214221490246, 10.560085107867, 6.307093757900562], [27.392959345270903, 23.005156066345783, 14.43568391042985], [29.0, 29.0, 14.0]]
Velocity: [[0.0, 0.0, 0.0], [12.622214221490246, 9.560085107867, 5.307093757900562], [13.770745123780657, 12.445070958478784, 8.128590152529288], [1.6070406547290972, 5.9948439336542165, -0.4356839104298498]]
Attitude: [[0.0, 0.0, 0.0], [0.7138698155414545, 0.9612815674177257, 1.2473929819737224], [0.8235761721351362, 0.9094516282496938, 1.158018603462652], [1.309541788024109, 0.27091869121991397, 1.6408792813009851]]
Save Location: maps/map1829/test.txt
