Path: 758
Path Score: 4.202520665731281
Waypoints: [[1.0, 1.0, 1.0], [12.697608925444278, 6.8811022717284045, 6.207161753256], [25.79209058027837, 11.910847199982666, 9.017382596249654], [29.0, 29.0, 14.0]]
Velocity: [[0.0, 0.0, 0.0], [11.697608925444278, 5.8811022717284045, 5.207161753256], [13.094481654834091, 5.029744928254261, 2.8102208429936537], [3.2079094197216307, 17.089152800017334, 4.982617403750346]]
Attitude: [[0.0, 0.0, 0.0], [0.5913478455125089, 1.1402281118229445, 1.1922640516212777], [0.4145066755124046, 1.2115344436574444, 1.373073777309014], [1.3924977157249556, 0.3337927357398629, 1.2917140564701521]]
Save Location: maps/map1542/test.txt
