Path: 82
Path Score: 4.277771435602243
Waypoints: [[1.0, 1.0, 1.0], [6.844542921659472, 12.575654287568902, 0.7512941296865822], [12.142435065036207, 21.100167310234387, 2.8615106291366024], [29.0, 29.0, 14.0]]
Velocity: [[0.0, 0.0, 0.0], [5.844542921659472, 11.575654287568902, -0.24870587031341784], [5.2978921433767345, 8.524513022665484, 2.1102164994500203], [16.857564934963793, 7.8998326897656135, 11.138489370863397]]
Attitude: [[0.0, 0.0, 0.0], [1.103329579532339, 0.4679236243581791, 1.5899732357353402], [1.027968828054576, 0.5895993058506301, 1.3635643097586208], [0.6808408924814575, 1.198086991553404, 1.0316252245918605]]
Save Location: maps/map1010/test.txt
