Path: 1902
Path Score: 4.107147994883443
Waypoints: [[1.0, 1.0, 1.0], [8.469661386104097, 5.59096684474812, 2.5279558793890997], [26.38955246870181, 17.442107880007757, 6.309566030629197], [29.0, 29.0, 14.0]]
Velocity: [[0.0, 0.0, 0.0], [7.469661386104097, 4.59096684474812, 1.5279558793890997], [17.919891082597715, 11.851141035259637, 3.7816101512400975], [2.6104475312981883, 11.557892119992243, 7.690433969370803]]
Attitude: [[0.0, 0.0, 0.0], [0.5747996990566772, 1.0288000156137393, 1.3982583619310816], [0.6068178998780065, 0.9964705587128391, 1.3965631101891056], [1.384929812396437, 0.6125168476528547, 0.995099526744653]]
Save Location: maps/map2214/test.txt
