Path: 849
Path Score: 4.2691525576611555
Waypoints: [[1.0, 1.0, 1.0], [13.622214221490246, 10.560085107867, 6.307093757900562], [28.580074351282803, 14.872208336339622, 10.610098631150464], [29.0, 29.0, 14.0]]
Velocity: [[0.0, 0.0, 0.0], [12.622214221490246, 9.560085107867, 5.307093757900562], [14.957860129792557, 4.312123228472622, 4.303004873249902], [0.4199256487171965, 14.127791663660378, 3.389901368849536]]
Attitude: [[0.0, 0.0, 0.0], [0.7138698155414545, 0.9612815674177257, 1.2473929819737224], [0.38675392087203103, 1.3005264085975274, 1.3011122044919368], [1.5419013819474265, 0.2372269626522856, 1.3354029484393914]]
Save Location: maps/map1061/test.txt
