Path: 945
Path Score: 4.119942008717269
Waypoints: [[1.0, 1.0, 1.0], [7.03200889148945, 11.212381035806049, 2.4091861245466912], [16.596716632096093, 19.215720704642216, 5.13918037419731], [29.0, 29.0, 14.0]]
Velocity: [[0.0, 0.0, 0.0], [6.03200889148945, 10.212381035806049, 1.4091861245466912], [9.564707740606643, 8.003339668836167, 2.729994249650619], [12.403283367903907, 9.784279295357784, 8.86081962580269]]
Attitude: [[0.0, 0.0, 0.0], [1.0413956223611207, 0.5452295055399751, 1.4525400011168248], [0.7239597725379694, 0.8932422371611101, 1.355295962536845], [0.816514821634672, 1.0001521739681158, 1.059633768091095]]
Save Location: maps/map2134/test.txt
