Path: 1140
Path Score: 4.018601313905492
Waypoints: [[1.0, 1.0, 1.0], [7.244355243304841, 4.686769508950413, 5.732290508395203], [20.225861212634335, 15.04532595668622, 11.643310714362196], [29.0, 29.0, 14.0]]
Velocity: [[0.0, 0.0, 0.0], [6.244355243304841, 3.6867695089504133, 4.732290508395203], [12.981505969329493, 10.358556447735808, 5.9110202059669925], [8.774138787365665, 13.95467404331378, 2.3566892856378043]]
Attitude: [[0.0, 0.0, 0.0], [0.7653529368027897, 1.1309818444795048, 0.9925991767107255], [0.7430646508486618, 0.9426978179377244, 1.2288589221082744], [1.0158144950798451, 0.5771097040965634, 1.4287893660504631]]
Save Location: maps/map2482/test.txt
