Path: 1792
Path Score: 4.2049090759517505
Waypoints: [[1.0, 1.0, 1.0], [5.8300877579373775, 12.986927175779844, 2.2883830638241456], [18.92587327321427, 24.46480001449053, 4.551445527047205], [29.0, 29.0, 14.0]]
Velocity: [[0.0, 0.0, 0.0], [4.8300877579373775, 11.986927175779844, 1.2883830638241456], [13.09578551527689, 11.477872838710688, 2.2630624632230596], [10.074126726785732, 4.535199985509468, 9.448554472952795]]
Attitude: [[0.0, 0.0, 0.0], [1.1897394258126446, 0.3951048953544142, 1.471431398260883], [0.7291172947294479, 0.8584281838568841, 1.4415627882424449], [0.8051713143812181, 1.2535291924364955, 0.863270668250586]]
Save Location: maps/map1512/test.txt
