Path: 1368
Path Score: 4.275361221680603
Waypoints: [[1.0, 1.0, 1.0], [2.1166871798879825, 7.959406805005861, 2.641112218552253], [14.201298455250685, 22.98387750158817, 5.257885864403107], [29.0, 29.0, 14.0]]
Velocity: [[0.0, 0.0, 0.0], [1.1166871798879825, 6.959406805005861, 1.6411122185522529], [12.084611275362702, 15.024470696582311, 2.6167736458508544], [14.798701544749315, 6.0161224984118284, 8.742114135596893]]
Attitude: [[0.0, 0.0, 0.0], [1.4158739947349994, 0.27784815422419984, 1.3420381855188857], [0.9007067878868736, 0.6885906493564428, 1.4359055716434845], [0.622111751572226, 1.2341041498642775, 1.070072352441417]]
Save Location: maps/map1025/test.txt
