Path: 1671
Path Score: 4.360770625521193
Waypoints: [[1.0, 1.0, 1.0], [1.4862613186235762, 5.302297197202417, 9.54279168299124], [18.987168424161545, 21.350324413129044, 10.434584031210562], [29.0, 29.0, 14.0]]
Velocity: [[0.0, 0.0, 0.0], [0.48626131862357624, 4.302297197202417, 8.54279168299124], [17.50090710553797, 16.048027215926627, 0.8917923482193224], [10.012831575838455, 7.649675586870956, 3.565415968789438]]
Attitude: [[0.0, 0.0, 0.0], [1.520002440634727, 1.1049085373684124, 0.46909167611999897], [0.7428869030796219, 0.8293232584969863, 1.5332567758039466], [0.7003550436294252, 0.9469578898565721, 1.2950479413160163]]
Save Location: maps/map521/test.txt
