Path: 208
Path Score: 4.518891745747988
Waypoints: [[1.0, 1.0, 1.0], [0.1034748464100077, 6.396090427855569, 9.25430405624771], [4.741607970860676, 20.312016916218365, 10.401134851825734], [29.0, 29.0, 14.0]]
Velocity: [[0.0, 0.0, 0.0], [-0.8965251535899923, 5.396090427855569, 8.25430405624771], [4.638133124450668, 13.915926488362796, 1.1468307955780244], [24.258392029139323, 8.687983083781635, 3.5988651481742657]]
Attitude: [[0.0, 0.0, 0.0], [1.6614577493511176, 0.9944855483118206, 0.5852456997051783], [1.2500925329671142, 0.33072415634117425, 1.4927718822556195], [0.3698186467173986, 1.2303260930621542, 1.4320257768829774]]
Save Location: maps/map85/test.txt
