Path: 2043
Path Score: 4.229840739016007
Waypoints: [[1.0, 1.0, 1.0], [1.6574939373145603, 7.640942564656317, 6.853106441814953], [7.976694836660609, 10.929766397758005, 9.409001445334173], [29.0, 29.0, 14.0]]
Velocity: [[0.0, 0.0, 0.0], [0.6574939373145603, 6.640942564656317, 5.853106441814953], [6.319200899346049, 3.288823833101688, 2.55589500351922], [21.02330516333939, 18.070233602241995, 4.590998554665827]]
Attitude: [[0.0, 0.0, 0.0], [1.4966576018134188, 0.7255359120981532, 0.8507902510389312], [0.582770449192949, 1.1212637833303423, 1.2263193759179225], [0.7254969031588144, 0.8722868357785716, 1.4066777616859754]]
Save Location: maps/map1341/test.txt
