Path: 736
Path Score: 4.059094324560608
Waypoints: [[1.0, 1.0, 1.0], [12.697608925444278, 6.8811022717284045, 6.207161753256], [24.231363728279373, 24.064238050008328, 9.859876317962396], [29.0, 29.0, 14.0]]
Velocity: [[0.0, 0.0, 0.0], [11.697608925444278, 5.8811022717284045, 5.207161753256], [11.533754802835094, 17.183135778279922, 3.652714564706396], [4.768636271720627, 4.935761949991672, 4.140123682037604]]
Attitude: [[0.0, 0.0, 0.0], [0.5913478455125089, 1.1402281118229445, 1.1922640516212777], [0.9898269248934602, 0.61346043166542, 1.3960943241637034], [0.9335872338350895, 0.9073880140782924, 1.02799260384737]]
Save Location: maps/map2398/test.txt
