Path: 1077
Path Score: 4.103440696988846
Waypoints: [[1.0, 1.0, 1.0], [5.124139793286082, 11.529276214212281, 3.1169525438428494], [21.78645601699983, 26.938246068819566, 10.468055210066508], [29.0, 29.0, 14.0]]
Velocity: [[0.0, 0.0, 0.0], [4.124139793286082, 10.529276214212281, 2.1169525438428494], [16.662316223713745, 15.408969854607285, 7.3511026662236585], [7.2135439830001715, 2.0617539311804336, 3.531944789933492]]
Attitude: [[0.0, 0.0, 0.0], [1.2041596665548568, 0.4147337109116922, 1.3857324418142094], [0.7975607489200838, 0.8685732301157075, 1.2575537366755982], [0.5157591343381982, 1.3195229300441227, 1.1308007241554319]]
Save Location: maps/map2231/test.txt
