Path: 996
Path Score: 4.173991710064293
Waypoints: [[1.0, 1.0, 1.0], [7.03200889148945, 11.212381035806049, 2.4091861245466912], [22.781985147361475, 18.865246195222316, 4.237269029022857], [29.0, 29.0, 14.0]]
Velocity: [[0.0, 0.0, 0.0], [6.03200889148945, 10.212381035806049, 1.4091861245466912], [15.749976255872024, 7.652865159416267, 1.8280829044761662], [6.218014852638525, 10.134753804777684, 9.762730970977142]]
Attitude: [[0.0, 0.0, 0.0], [1.0413956223611207, 0.5452295055399751, 1.4525400011168248], [0.46330166068893985, 1.1211194262260469, 1.4667756803538132], [1.154725411250614, 0.8516309695069436, 0.8833371316925762]]
Save Location: maps/map1771/test.txt
