Path: 1026
Path Score: 4.111399558940098
Waypoints: [[1.0, 1.0, 1.0], [5.124139793286082, 11.529276214212281, 3.1169525438428494], [19.150517884687012, 16.221567393022806, 9.065163787729501], [29.0, 29.0, 14.0]]
Velocity: [[0.0, 0.0, 0.0], [4.124139793286082, 10.529276214212281, 2.1169525438428494], [14.02637809140093, 4.692291178810525, 5.948211243886652], [9.849482115312988, 12.778432606977194, 4.934836212270499]]
Attitude: [[0.0, 0.0, 0.0], [1.2041596665548568, 0.4147337109116922, 1.3857324418142094], [0.49524124162734157, 1.272030919135777, 1.188423966337105], [0.9474095871230266, 0.7114898316461911, 1.2739640805957166]]
Save Location: maps/map2191/test.txt
