Path: 2432
Path Score: 4.518708886863362
Waypoints: [[1.0, 1.0, 1.0], [12.422424952449036, 7.364456284222653, 4.120550879483655], [10.752760318917543, 18.75992942067851, 14.80087523764835], [29.0, 29.0, 14.0]]
Velocity: [[0.0, 0.0, 0.0], [11.422424952449036, 6.364456284222653, 3.1205508794836554], [-1.669664633531493, 11.395473136455857, 10.680324358164695], [18.247239681082455, 10.24007057932149, -0.8008752376483503]]
Attitude: [[0.0, 0.0, 0.0], [0.5554007765856399, 1.0776065097557235, 1.3365284239372268], [1.6772973376900286, 0.7590402613080635, 0.8230791632040663], [0.5126920098124623, 1.0598172007710935, 1.6090527819834075]]
Save Location: maps/map88/test.txt
