Path: 525
Path Score: 4.122469508499278
Waypoints: [[1.0, 1.0, 1.0], [9.981785049321614, 2.094242845092411, 3.906087432644374], [17.89500835598713, 12.238417992478578, 7.134004137824853], [29.0, 29.0, 14.0]]
Velocity: [[0.0, 0.0, 0.0], [8.981785049321614, 1.094242845092411, 2.906087432644374], [7.913223306665516, 10.144175147386166, 3.227916705180479], [11.10499164401287, 16.761582007521422, 6.865995862175147]]
Attitude: [[0.0, 0.0, 0.0], [0.33286566125405836, 1.4553984883962245, 1.2600245384619229], [0.9315652237040731, 0.7001117781134814, 1.3249751494216873], [1.0208116603536068, 0.6617621353055158, 1.2417305692240037]]
Save Location: maps/map2117/test.txt
