Path: 2311
Path Score: 4.287481622250462
Waypoints: [[1.0, 1.0, 1.0], [4.608820246079843, 7.120273707001329, 9.286680001717013], [10.752760318917543, 18.75992942067851, 14.80087523764835], [29.0, 29.0, 14.0]]
Velocity: [[0.0, 0.0, 0.0], [3.6088202460798433, 6.120273707001329, 8.286680001717013], [6.1439400728377, 11.639655713677183, 5.5141952359313375], [18.247239681082455, 10.24007057932149, -0.8008752376483503]]
Attitude: [[0.0, 0.0, 0.0], [1.233845257898589, 0.9755770124671417, 0.7087760394342274], [1.1256984729251127, 0.616915017436522, 1.174053909973919], [0.5126920098124623, 1.0598172007710935, 1.6090527819834075]]
Save Location: maps/map948/test.txt
