Path: 305
Path Score: 4.118435911465452
Waypoints: [[1.0, 1.0, 1.0], [11.62421921707525, 9.637940007438962, 4.108292062461251], [24.417165918970664, 21.028566972505814, 13.862338142170172], [29.0, 29.0, 14.0]]
Velocity: [[0.0, 0.0, 0.0], [10.62421921707525, 8.637940007438962, 3.108292062461251], [12.792946701895413, 11.390626965066852, 9.754046079708921], [4.582834081029336, 7.971433027494186, 0.1376618578298281]]
Attitude: [[0.0, 0.0, 0.0], [0.7126112608988734, 0.9081638967287853, 1.3475745118170808], [0.8645192843163454, 0.9546872046764047, 1.0531481629766295], [1.0490962265383572, 0.5219593966089846, 1.5558258939074248]]
Save Location: maps/map2146/test.txt
