Path: 18
Path Total Score: 1.9274895455137424
Waypoints: [[0.1, 0.1, 0.1], [4.397931560117604, 4.6169539478544745, 6.120958170865654], [0.599166725348298, 0.4029307508492652, 4.4149165560735], [5.236633640751601, 2.9713806822842646, 5.147582244840592], [0.4046458192430691, 1.7323152445994072, 7.652044904766418], [4.397931560117604, 4.6169539478544745, 6.120958170865654], [0.6541922662841615, 2.421999539184031, 7.6084621030477235], [7.760504903017217, 8.685710309263394, 8.909431764715501], [7.004374231897156, 7.551052928849594, 9.823148093283859], [15.0, 15.0, 7.5]]
Velocity: [[0.0, 0.0, 0.0], [4.297931560117604, 4.516953947854475, 6.020958170865654], [-3.7987648347693055, -4.2140231970052096, -1.706041614792154], [4.637466915403303, 2.5684499314349996, 0.7326656887670921], [-4.831987821508532, -1.2390654376848573, 2.504462659925826], [3.9932857408745344, 2.8846387032550673, -1.5310867339007643], [-3.743739293833442, -2.1949544086704433, 1.4875039321820696], [7.106312636733055, 6.263710770079363, 1.3009696616677777], [-0.7561306711200606, -1.1346573804137998, 0.9137163285683574], [7.995625768102844, 7.448947071150406, -2.3231480932838586]]
Attitude: [[0.0, 0.0, 0.0], [0.0, 0.0, 0.0], [0.0, 0.0, 0.0], [0.0, 0.0, 0.0], [0.0, 0.0, 0.0], [0.0, 0.0, 0.0], [0.0, 0.0, 0.0], [0.0, 0.0, 0.0], [0.0, 0.0, 0.0], [0.0, 0.0, 0.0]]
Save Location: maps/map17/test.txt
