Path: 1687
Path Score: 4.534578582886327
Waypoints: [[1.0, 1.0, 1.0], [1.4862613186235762, 5.302297197202417, 9.54279168299124], [6.596290149546203, 22.34738075894622, 14.267155835962525], [29.0, 29.0, 14.0]]
Velocity: [[0.0, 0.0, 0.0], [0.48626131862357624, 4.302297197202417, 8.54279168299124], [5.1100288309226265, 17.0450835617438, 4.724364152971285], [22.403709850453797, 6.652619241053781, -0.2671558359625248]]
Attitude: [[0.0, 0.0, 0.0], [1.520002440634727, 1.1049085373684124, 0.46909167611999897], [1.2895510378317947, 0.3876311274965479, 1.311288621059779], [0.2888695544722783, 1.2821661018601413, 1.582227121859774]]
Save Location: maps/map62/test.txt
