Path: 634
Path Score: 4.494641461787907
Waypoints: [[1.0, 1.0, 1.0], [12.65259495451803, 15.504691539838976, 1.3902173466937446], [13.127617811288149, 26.235374032803584, 6.157926047197438], [29.0, 29.0, 14.0]]
Velocity: [[0.0, 0.0, 0.0], [11.65259495451803, 14.504691539838976, 0.39021734669374464], [0.4750228567701189, 10.730682492964608, 4.767708700503693], [15.872382188711851, 2.764625967196416, 7.842073952802562]]
Attitude: [[0.0, 0.0, 0.0], [0.8941821376993422, 0.6770644370273821, 1.5498263094141658], [1.5303639439291477, 0.41994453309483326, 1.153050541301462], [0.482563653737281, 1.4158888951789448, 1.1178111555993027]]
Save Location: maps/map121/test.txt
