Path: 1448
Path Score: 4.2408394871367925
Waypoints: [[1.0, 1.0, 1.0], [1.5831056317866898, 11.289807463775418, 6.886569014408189], [15.44249175683154, 18.284183195920107, 9.161844399110448], [29.0, 29.0, 14.0]]
Velocity: [[0.0, 0.0, 0.0], [0.5831056317866898, 10.289807463775418, 5.886569014408189], [13.85938612504485, 6.9943757321446896, 2.275275384702259], [13.55750824316846, 10.715816804079893, 4.838155600889552]]
Attitude: [[0.0, 0.0, 0.0], [1.5216478577442305, 0.5217422173051365, 1.0518517055369716], [0.48790320042143487, 1.1087493599671343, 1.4252702212795987], [0.714409075190648, 0.9308782745117469, 1.2978165450117953]]
Save Location: maps/map1256/test.txt
