Path: 1534
Path Score: 4.11650027677432
Waypoints: [[1.0, 1.0, 1.0], [5.1328300726842055, 6.167067988359742, 4.338023583503114], [17.495244973045097, 26.03561227858441, 12.515738341607829], [29.0, 29.0, 14.0]]
Velocity: [[0.0, 0.0, 0.0], [4.1328300726842055, 5.167067988359742, 3.338023583503114], [12.362414900360891, 19.86854429022467, 8.177714758104715], [11.504755026954903, 2.9643877214155907, 1.484261658392171]]
Attitude: [[0.0, 0.0, 0.0], [0.9792202736645594, 0.799275207152919, 1.1035589735254734], [1.04867688610615, 0.640952106420644, 1.234597362508877], [0.2805594303655102, 1.3206025270465491, 1.4465080099651364]]
Save Location: maps/map2158/test.txt
