Path: 703
Path Score: 4.212373091368441
Waypoints: [[1.0, 1.0, 1.0], [7.279071891786115, 11.99037003440958, 7.619831722996372], [18.295648198935922, 21.67677091998945, 14.790388562251113], [29.0, 29.0, 14.0]]
Velocity: [[0.0, 0.0, 0.0], [6.279071891786115, 10.99037003440958, 6.619831722996372], [11.016576307149807, 9.686400885579872, 7.170556839254742], [10.704351801064078, 7.323229080010549, -0.7903885622511133]]
Attitude: [[0.0, 0.0, 0.0], [1.115662030937802, 0.6928797362779866, 1.088924427386206], [0.8302398697815834, 0.9357267515448201, 1.1161403338673863], [0.6027006201753293, 0.9720633967168617, 1.6316622645059446]]
Save Location: maps/map1453/test.txt
