Path: 1108
Path Score: 4.276139367295267
Waypoints: [[1.0, 1.0, 1.0], [6.277705044557794, 0.35330246109405494, 2.6825947684151497], [18.095718329045553, 11.448179577573537, 4.254273268600727], [29.0, 29.0, 14.0]]
Velocity: [[0.0, 0.0, 0.0], [5.277705044557794, -0.6466975389059451, 1.6825947684151497], [11.818013284487758, 11.094877116479482, 1.5716785001855773], [10.904281670954447, 17.551820422426463, 9.745726731399273]]
Attitude: [[0.0, 0.0, 0.0], [0.32912608513099045, 1.687014641004876, 1.264321452563771], [0.7588070665747905, 0.8213208817253387, 1.4741406744509686], [1.0732272559405516, 0.6946779801901964, 1.130088538280598]]
Save Location: maps/map1021/test.txt
