Path: 815
Path Score: 4.317504569832717
Waypoints: [[1.0, 1.0, 1.0], [4.844954787942095, 14.493280729732227, 5.905721797057641], [20.212090313700415, 29.084942607850003, 7.828513501034688], [29.0, 29.0, 14.0]]
Velocity: [[0.0, 0.0, 0.0], [3.844954787942095, 13.493280729732227, 4.905721797057641], [15.36713552575832, 14.591661878117776, 1.9227917039770466], [8.787909686299585, -0.08494260785000307, 6.171486498965312]]
Attitude: [[0.0, 0.0, 0.0], [1.3091332202726853, 0.43273101466224884, 1.2344339666278068], [0.7638182038942475, 0.8151546959860562, 1.4803085727704584], [0.6122924637915843, 1.5787062884807508, 0.9585703773157652]]
Save Location: maps/map744/test.txt
