Path: 2053
Path Score: 4.218511993152485
Waypoints: [[1.0, 1.0, 1.0], [1.6574939373145603, 7.640942564656317, 6.853106441814953], [20.24894541404868, 13.704934531749169, 10.28792228211892], [29.0, 29.0, 14.0]]
Velocity: [[0.0, 0.0, 0.0], [0.6574939373145603, 6.640942564656317, 5.853106441814953], [18.59145147673412, 6.063991967092852, 3.4348158403039672], [8.75105458595132, 15.295065468250831, 3.7120777178810798]]
Attitude: [[0.0, 0.0, 0.0], [1.4966576018134188, 0.7255359120981532, 0.8507902510389312], [0.3586490355815701, 1.2604196523299978, 1.3969246062886402], [1.0633520659267364, 0.5560751825583984, 1.3631766434720947]]
Save Location: maps/map1414/test.txt
