Path: 1207
Path Score: 4.124982209301278
Waypoints: [[1.0, 1.0, 1.0], [10.98841998167141, 13.67984788740044, 4.669955467169109], [18.987168424161545, 21.350324413129044, 10.434584031210562], [29.0, 29.0, 14.0]]
Velocity: [[0.0, 0.0, 0.0], [9.98841998167141, 12.67984788740044, 3.6699554671691086], [7.998748442490136, 7.6704765257286045, 5.764628564041454], [10.012831575838455, 7.649675586870956, 3.565415968789438]]
Attitude: [[0.0, 0.0, 0.0], [0.9230317793050691, 0.698207449561829, 1.3472349331065676], [0.875887130672728, 0.9096312010375444, 1.091144902697186], [0.7003550436294252, 0.9469578898565721, 1.2950479413160163]]
Save Location: maps/map2103/test.txt
