Path: 1697
Path Score: 4.477182923573694
Waypoints: [[1.0, 1.0, 1.0], [1.4862613186235762, 5.302297197202417, 9.54279168299124], [11.717608255286521, 26.086366361922085, 10.100298251227693], [29.0, 29.0, 14.0]]
Velocity: [[0.0, 0.0, 0.0], [0.48626131862357624, 4.302297197202417, 8.54279168299124], [10.231346936662945, 20.784069164719668, 0.5575065682364535], [17.28239174471348, 2.913633638077915, 3.8997017487723067]]
Attitude: [[0.0, 0.0, 0.0], [1.520002440634727, 1.1049085373684124, 0.46909167611999897], [1.1134953415848672, 0.45803112574143956, 1.5467351221798562], [0.27455761083990476, 1.4078003124714065, 1.351856955162436]]
Save Location: maps/map160/test.txt
