Path: 509
Path Score: 4.165757580726028
Waypoints: [[1.0, 1.0, 1.0], [11.29885047226655, 13.922680563011099, 6.0742347128672325], [24.631670230844907, 23.32534168126198, 7.202000853365213], [29.0, 29.0, 14.0]]
Velocity: [[0.0, 0.0, 0.0], [10.29885047226655, 12.922680563011099, 5.0742347128672325], [13.332819758578358, 9.40266111825088, 1.1277661404979806], [4.368329769155093, 5.674658318738022, 6.797999146634787]]
Attitude: [[0.0, 0.0, 0.0], [0.932550665210745, 0.7263919285052141, 1.2728643435485965], [0.6175928818400699, 0.9582489667354208, 1.501780953869093], [1.112517585562311, 0.9585535715963122, 0.8114172061667323]]
Save Location: maps/map1831/test.txt
