Path: 1370
Path Score: 4.326062706921258
Waypoints: [[1.0, 1.0, 1.0], [2.1166871798879825, 7.959406805005861, 2.641112218552253], [18.92587327321427, 24.46480001449053, 4.551445527047205], [29.0, 29.0, 14.0]]
Velocity: [[0.0, 0.0, 0.0], [1.1166871798879825, 6.959406805005861, 1.6411122185522529], [16.809186093326286, 16.505393209484673, 1.9103333084949523], [10.074126726785732, 4.535199985509468, 9.448554472952795]]
Attitude: [[0.0, 0.0, 0.0], [1.4158739947349994, 0.27784815422419984, 1.3420381855188857], [0.7796058245309493, 0.7977243865801686, 1.4898825403826645], [0.8051713143812181, 1.2535291924364955, 0.863270668250586]]
Save Location: maps/map704/test.txt
