Path: 101
Path Score: 4.201053534556041
Waypoints: [[1.0, 1.0, 1.0], [6.844542921659472, 12.575654287568902, 0.7512941296865822], [14.664796282188101, 21.28024012885323, 5.468764640312363], [29.0, 29.0, 14.0]]
Velocity: [[0.0, 0.0, 0.0], [5.844542921659472, 11.575654287568902, -0.24870587031341784], [7.820253360528629, 8.704585841284327, 4.717470510625781], [14.335203717811899, 7.7197598711467705, 8.531235359687637]]
Attitude: [[0.0, 0.0, 0.0], [1.103329579532339, 0.4679236243581791, 1.5899732357353402], [0.9022647851032785, 0.809408653510921, 1.1875779540016618], [0.6763273336917041, 1.1373758967665009, 1.0881508960767203]]
Save Location: maps/map1554/test.txt
