Path: 350
Path Score: 4.293634167971218
Waypoints: [[1.0, 1.0, 1.0], [11.62421921707525, 9.637940007438962, 4.108292062461251], [28.870675406518693, 13.060700487616952, 12.882683677212206], [29.0, 29.0, 14.0]]
Velocity: [[0.0, 0.0, 0.0], [10.62421921707525, 8.637940007438962, 3.108292062461251], [17.246456189443442, 3.42276048017799, 8.774391614750956], [0.1293245934813072, 15.939299512383048, 1.1173163227877936]]
Attitude: [[0.0, 0.0, 0.0], [0.7126112608988734, 0.9081638967287853, 1.3475745118170808], [0.49984654318755883, 1.3957222333082684, 1.1079233242288185], [1.5627027962274564, 0.07044941910009936, 1.5008148932011527]]
Save Location: maps/map908/test.txt
