Path: 2362
Path Score: 4.287117636082405
Waypoints: [[1.0, 1.0, 1.0], [2.7823021602657514, 3.2626923788090734, 6.811174955232296], [10.813854449086909, 5.567310892634433, 14.210772721131594], [29.0, 29.0, 14.0]]
Velocity: [[0.0, 0.0, 0.0], [1.7823021602657514, 2.2626923788090734, 5.811174955232296], [8.031552288821157, 2.3046185138253596, 7.399597765899298], [18.18614555091309, 23.43268910736557, -0.21077272113159395]]
Attitude: [[0.0, 0.0, 0.0], [1.2924157480158258, 1.2144350237412072, 0.46016632051788314], [0.7675711638434889, 1.3628142759998723, 0.846006109329356], [0.9108180394168425, 0.6600304083671558, 1.5779020534585397]]
Save Location: maps/map954/test.txt
