Path: 1376
Path Score: 4.190620613815341
Waypoints: [[1.0, 1.0, 1.0], [2.1166871798879825, 7.959406805005861, 2.641112218552253], [10.98841998167141, 13.67984788740044, 4.669955467169109], [29.0, 29.0, 14.0]]
Velocity: [[0.0, 0.0, 0.0], [1.1166871798879825, 6.959406805005861, 1.6411122185522529], [8.871732801783427, 5.720441082394579, 2.0288432486168557], [18.01158001832859, 15.32015211259956, 9.330044532830891]]
Attitude: [[0.0, 0.0, 0.0], [1.4158739947349994, 0.27784815422419984, 1.3420381855188857], [0.600006807157413, 1.0096358412062565, 1.3809153396682865], [0.7833397152626365, 0.9239381699714816, 1.1949753614469707]]
Save Location: maps/map1644/test.txt
