Path: 2323
Path Score: 4.246584049065822
Waypoints: [[1.0, 1.0, 1.0], [4.608820246079843, 7.120273707001329, 9.286680001717013], [21.78645601699983, 26.938246068819566, 10.468055210066508], [29.0, 29.0, 14.0]]
Velocity: [[0.0, 0.0, 0.0], [3.6088202460798433, 6.120273707001329, 8.286680001717013], [17.177635770919984, 19.81797236181824, 1.181375208349495], [7.2135439830001715, 2.0617539311804336, 3.531944789933492]]
Attitude: [[0.0, 0.0, 0.0], [1.233845257898589, 0.9755770124671417, 0.7087760394342274], [0.8575239822703026, 0.7153179647819267, 1.5257814608038032], [0.5157591343381982, 1.3195229300441227, 1.1308007241554319]]
Save Location: maps/map1216/test.txt
