Path: 1201
Path Score: 4.272850989676737
Waypoints: [[1.0, 1.0, 1.0], [10.98841998167141, 13.67984788740044, 4.669955467169109], [17.427868364228836, 16.4750747584921, 4.825948732556496], [29.0, 29.0, 14.0]]
Velocity: [[0.0, 0.0, 0.0], [9.98841998167141, 12.67984788740044, 3.6699554671691086], [6.439448382557426, 2.795226871091659, 0.15599326538738723], [11.572131635771164, 12.524925241507901, 9.174051267443504]]
Attitude: [[0.0, 0.0, 0.0], [0.9230317793050691, 0.698207449561829, 1.3472349331065676], [0.4101033196259812, 1.1613683347806267, 1.5485785825931528], [0.930265420446883, 0.8673805595008431, 1.0772217983493675]]
Save Location: maps/map1036/test.txt
