Path: 1749
Path Score: 4.361864601513357
Waypoints: [[1.0, 1.0, 1.0], [10.805725952785512, 11.283487147150078, 0.7484718343695662], [12.16882105369413, 22.5703746743433, 7.023400396976081], [29.0, 29.0, 14.0]]
Velocity: [[0.0, 0.0, 0.0], [9.805725952785512, 10.283487147150078, -0.2515281656304338], [1.3630951009086179, 11.28688752719322, 6.274928562606515], [16.83117894630587, 6.429625325656701, 6.976599603023919]]
Attitude: [[0.0, 0.0, 0.0], [0.8093250089126587, 0.7617849255869302, 1.5884962164824006], [1.4656330943476428, 0.5172488244929441, 1.0664663356496173], [0.5132908177846113, 1.2315474594293268, 1.2013612558293933]]
Save Location: maps/map513/test.txt
