Path: 2163
Path Score: 4.0345572409047055
Waypoints: [[1.0, 1.0, 1.0], [5.839689469355285, 6.231079992564079, 1.4400139470819306], [19.150517884687012, 16.221567393022806, 9.065163787729501], [29.0, 29.0, 14.0]]
Velocity: [[0.0, 0.0, 0.0], [4.839689469355285, 5.231079992564079, 0.44001394708193065], [13.310828415331727, 9.990487400458726, 7.625149840647571], [9.849482115312988, 12.778432606977194, 4.934836212270499]]
Attitude: [[0.0, 0.0, 0.0], [0.8259996858182699, 0.748605830934555, 1.5091311358387776], [0.7566989818935953, 0.9935338819232521, 1.1411766529421319], [0.9474095871230266, 0.7114898316461911, 1.2739640805957166]]
Save Location: maps/map2455/test.txt
