Path: 1273
Path Score: 4.122000894320225
Waypoints: [[1.0, 1.0, 1.0], [11.681123338592288, 14.089788280863255, 4.111381059339743], [22.592720703848663, 25.526803242435573, 12.228206346267022], [29.0, 29.0, 14.0]]
Velocity: [[0.0, 0.0, 0.0], [10.681123338592288, 13.089788280863255, 3.1113810593397426], [10.911597365256375, 11.437014961572318, 8.11682528692728], [6.407279296151337, 3.473196757564427, 1.7717936537329777]]
Attitude: [[0.0, 0.0, 0.0], [0.8998039769895753, 0.7044384319041941, 1.3886732407031834], [0.9095928139623503, 0.8715567871591532, 1.0964163103352884], [0.5466676487799201, 1.0893405550292934, 1.3323147563268598]]
Save Location: maps/map2120/test.txt
