Path: 1027
Path Score: 4.073187265402222
Waypoints: [[1.0, 1.0, 1.0], [5.124139793286082, 11.529276214212281, 3.1169525438428494], [22.16101751903432, 21.88131243389526, 7.844034735289933], [29.0, 29.0, 14.0]]
Velocity: [[0.0, 0.0, 0.0], [4.124139793286082, 10.529276214212281, 2.1169525438428494], [17.03687772574824, 10.35203621968298, 4.727082191447083], [6.838982480965679, 7.1186875661047395, 6.155965264710067]]
Attitude: [[0.0, 0.0, 0.0], [1.2041596665548568, 0.4147337109116922, 1.3857324418142094], [0.5889092823315035, 1.0411027631135696, 1.3379761707266373], [0.9423867443913255, 0.9123337917118957, 1.0131992799999519]]
Save Location: maps/map2356/test.txt
