Path: 1277
Path Score: 4.21236747563873
Waypoints: [[1.0, 1.0, 1.0], [11.681123338592288, 14.089788280863255, 4.111381059339743], [25.89146789512382, 17.947079052650324, 10.291630941969098], [29.0, 29.0, 14.0]]
Velocity: [[0.0, 0.0, 0.0], [10.681123338592288, 13.089788280863255, 3.1113810593397426], [14.210344556531533, 3.857290771787069, 6.180249882629355], [3.108532104876179, 11.052920947349676, 3.708369058030902]]
Attitude: [[0.0, 0.0, 0.0], [0.8998039769895753, 0.7044384319041941, 1.3886732407031834], [0.47373134978958886, 1.3268344272264263, 1.1734029817283225], [1.3102246373088302, 0.4126571490004325, 1.2583924394013435]]
Save Location: maps/map1454/test.txt
