Path: 2429
Path Score: 4.272330004696524
Waypoints: [[1.0, 1.0, 1.0], [12.422424952449036, 7.364456284222653, 4.120550879483655], [14.664796282188101, 21.28024012885323, 5.468764640312363], [29.0, 29.0, 14.0]]
Velocity: [[0.0, 0.0, 0.0], [11.422424952449036, 6.364456284222653, 3.1205508794836554], [2.242371329739065, 13.915783844630576, 1.348213760828708], [14.335203717811899, 7.7197598711467705, 8.531235359687637]]
Attitude: [[0.0, 0.0, 0.0], [0.5554007765856399, 1.0776065097557235, 1.3365284239372268], [1.4117630434843589, 0.18585185428079673, 1.475436501714056], [0.6763273336917041, 1.1373758967665009, 1.0881508960767203]]
Save Location: maps/map1041/test.txt
