Path: 2281
Path Score: 4.249345688115339
Waypoints: [[1.0, 1.0, 1.0], [4.608820246079843, 7.120273707001329, 9.286680001717013], [17.495244973045097, 26.03561227858441, 12.515738341607829], [29.0, 29.0, 14.0]]
Velocity: [[0.0, 0.0, 0.0], [3.6088202460798433, 6.120273707001329, 8.286680001717013], [12.886424726965252, 18.91533857158308, 3.229058339890816], [11.504755026954903, 2.9643877214155907, 1.484261658392171]]
Attitude: [[0.0, 0.0, 0.0], [1.233845257898589, 0.9755770124671417, 0.7087760394342274], [0.979418163053523, 0.6122887980811713, 1.430639081723872], [0.2805594303655102, 1.3206025270465491, 1.4465080099651364]]
Save Location: maps/map1197/test.txt
