Path: 1938
Path Score: 4.197256584879272
Waypoints: [[1.0, 1.0, 1.0], [7.908661902969909, 13.249370598681029, 5.122888052721978], [24.417165918970664, 21.028566972505814, 13.862338142170172], [29.0, 29.0, 14.0]]
Velocity: [[0.0, 0.0, 0.0], [6.908661902969909, 12.249370598681029, 4.122888052721978], [16.508504016000757, 7.779196373824785, 8.739450089448194], [4.582834081029336, 7.971433027494186, 0.1376618578298281]]
Attitude: [[0.0, 0.0, 0.0], [1.0799032623057099, 0.5811391675180452, 1.2856207472042467], [0.6165648142624878, 1.1761767831809666, 1.1241826235638106], [1.0490962265383572, 0.5219593966089846, 1.5558258939074248]]
Save Location: maps/map1588/test.txt
