Path: 1263
Path Score: 4.205871102193445
Waypoints: [[1.0, 1.0, 1.0], [11.681123338592288, 14.089788280863255, 4.111381059339743], [19.150517884687012, 16.221567393022806, 9.065163787729501], [29.0, 29.0, 14.0]]
Velocity: [[0.0, 0.0, 0.0], [10.681123338592288, 13.089788280863255, 3.1113810593397426], [7.469394546094724, 2.131779112159551, 4.953782728389759], [9.849482115312988, 12.778432606977194, 4.934836212270499]]
Attitude: [[0.0, 0.0, 0.0], [0.8998039769895753, 0.7044384319041941, 1.3886732407031834], [0.6253475001708593, 1.3372877032490844, 1.0030840783550172], [0.9474095871230266, 0.7114898316461911, 1.2739640805957166]]
Save Location: maps/map1504/test.txt
