Path: 1071
Path Score: 4.181958748497207
Waypoints: [[1.0, 1.0, 1.0], [5.124139793286082, 11.529276214212281, 3.1169525438428494], [22.781985147361475, 18.865246195222316, 4.237269029022857], [29.0, 29.0, 14.0]]
Velocity: [[0.0, 0.0, 0.0], [4.124139793286082, 10.529276214212281, 2.1169525438428494], [17.65784535407539, 7.3359699810100345, 1.120316485180008], [6.218014852638525, 10.134753804777684, 9.762730970977142]]
Attitude: [[0.0, 0.0, 0.0], [1.2041596665548568, 0.4147337109116922, 1.3857324418142094], [0.39785551631146876, 1.1777526228031252, 1.5122726052839393], [1.154725411250614, 0.8516309695069436, 0.8833371316925762]]
Save Location: maps/map1710/test.txt
