Path: 172
Path Score: 4.5116520065340655
Waypoints: [[1.0, 1.0, 1.0], [0.8689948832512862, 4.64282219210965, 7.776103442790986], [6.596290149546203, 22.34738075894622, 14.267155835962525], [29.0, 29.0, 14.0]]
Velocity: [[0.0, 0.0, 0.0], [-0.13100511674871385, 3.6428221921096497, 6.776103442790986], [5.727295266294917, 17.704558566836567, 6.491052393171539], [22.403709850453797, 6.652619241053781, -0.2671558359625248]]
Attitude: [[0.0, 0.0, 0.0], [1.5878233126910848, 1.077602275761293, 0.4935415452562085], [1.275927393363605, 0.454763826305033, 1.2351611081804175], [0.2888695544722783, 1.2821661018601413, 1.582227121859774]]
Save Location: maps/map98/test.txt
