Path: 1080
Path Score: 4.1641116841880415
Waypoints: [[1.0, 1.0, 1.0], [5.124139793286082, 11.529276214212281, 3.1169525438428494], [14.68158349565293, 13.843237883893032, 6.016948201033536], [29.0, 29.0, 14.0]]
Velocity: [[0.0, 0.0, 0.0], [4.124139793286082, 10.529276214212281, 2.1169525438428494], [9.557443702366848, 2.313961669680751, 2.8999956571906864], [14.31841650434707, 15.156762116106968, 7.983051798966464]]
Attitude: [[0.0, 0.0, 0.0], [1.2041596665548568, 0.4147337109116922, 1.3857324418142094], [0.37027820048143395, 1.3431324655914139, 1.2840179462638392], [0.8745806038813252, 0.824576452033356, 1.2051434100274334]]
Save Location: maps/map1851/test.txt
