Path: 729
Path Score: 4.210787181381058
Waypoints: [[1.0, 1.0, 1.0], [12.697608925444278, 6.8811022717284045, 6.207161753256], [22.909069045040045, 10.835196024953614, 13.228528156939884], [29.0, 29.0, 14.0]]
Velocity: [[0.0, 0.0, 0.0], [11.697608925444278, 5.8811022717284045, 5.207161753256], [10.211460119595767, 3.9540937532252096, 7.021366403683884], [6.090930954959955, 18.164803975046386, 0.771471843060116]]
Attitude: [[0.0, 0.0, 0.0], [0.5913478455125089, 1.1402281118229445, 1.1922640516212777], [0.6680789611333074, 1.261935327779062, 1.0006295322372796], [1.2475348540835867, 0.325939212643112, 1.5305508334281337]]
Save Location: maps/map1467/test.txt
