Path: 1672
Path Score: 4.371464512120441
Waypoints: [[1.0, 1.0, 1.0], [1.4862613186235762, 5.302297197202417, 9.54279168299124], [20.225861212634335, 15.04532595668622, 11.643310714362196], [29.0, 29.0, 14.0]]
Velocity: [[0.0, 0.0, 0.0], [0.48626131862357624, 4.302297197202417, 8.54279168299124], [18.73959989401076, 9.743028759483803, 2.100519031370956], [8.774138787365665, 13.95467404331378, 2.3566892856378043]]
Attitude: [[0.0, 0.0, 0.0], [1.520002440634727, 1.1049085373684124, 0.46909167611999897], [0.48881127328326507, 1.0938932317917962, 1.471670874169771], [1.0158144950798451, 0.5771097040965634, 1.4287893660504631]]
Save Location: maps/map459/test.txt
