Path: 1696
Path Score: 4.436355598828257
Waypoints: [[1.0, 1.0, 1.0], [1.4862613186235762, 5.302297197202417, 9.54279168299124], [7.2422472543241465, 15.760615466297706, 13.658007264698963], [29.0, 29.0, 14.0]]
Velocity: [[0.0, 0.0, 0.0], [0.48626131862357624, 4.302297197202417, 8.54279168299124], [5.75598593570057, 10.458318269095288, 4.115215581707723], [21.75775274567585, 13.239384533702294, 0.34199273530103724]]
Attitude: [[0.0, 0.0, 0.0], [1.520002440634727, 1.1049085373684124, 0.46909167611999897], [1.097474873843728, 0.5948258274759259, 1.2388281913143646], [0.5467872106274848, 1.0242120818809008, 1.5573694452781284]]
Save Location: maps/map245/test.txt
