Path: 1879
Path Score: 4.075769253532255
Waypoints: [[1.0, 1.0, 1.0], [8.469661386104097, 5.59096684474812, 2.5279558793890997], [15.326606466973086, 21.339557800606936, 5.709370475713641], [29.0, 29.0, 14.0]]
Velocity: [[0.0, 0.0, 0.0], [7.469661386104097, 4.59096684474812, 1.5279558793890997], [6.856945080868989, 15.748590955858816, 3.181414596324541], [13.673393533026914, 7.660442199393064, 8.29062952428636]]
Attitude: [[0.0, 0.0, 0.0], [0.5747996990566772, 1.0288000156137393, 1.3982583619310816], [1.1674194966570157, 0.4475053667272366, 1.387653902124015], [0.690120256163992, 1.1240390241586073, 1.0842390444713212]]
Save Location: maps/map2346/test.txt
