Path: 28
Path Score: 4.066645472138511
Waypoints: [[1.0, 1.0, 1.0], [8.883832853990807, 7.619820070167713, 5.821889119101872], [25.89146789512382, 17.947079052650324, 10.291630941969098], [29.0, 29.0, 14.0]]
Velocity: [[0.0, 0.0, 0.0], [7.883832853990807, 6.619820070167713, 4.821889119101872], [17.007635041133014, 10.327258982482611, 4.469741822867226], [3.108532104876179, 11.052920947349676, 3.708369058030902]]
Attitude: [[0.0, 0.0, 0.0], [0.8044304960935175, 0.9492050844908356, 1.1327513067607105], [0.5845188851028901, 1.0397890503924037, 1.349826506544963], [1.3102246373088302, 0.4126571490004325, 1.2583924394013435]]
Save Location: maps/map2376/test.txt
