# Note +ve X is north
# Note +ve Y is West
# x, y, height
# waypoints
G: (11.0,-17.0,15)
G: (14.124520138962083,-16.436894627436658,15)
G: (17.113635024325724,-16.91302318992792,15)
G: (20.13292441119819,-19.30685274959235,15)
G: (23.207114354113127,-20.227705628205673,15)
G: (26.95364978056222,-19.288206394048643,15)
G: (29.0,-17.0,15)


# wall segments
# x1, y1, x2, y2, z
W: (40.0,-14.6,32.0,-20.6,3)
W: (32.0,-20.6,18.0,-18.6,3)
W: (18.0,-18.6,10.0,-14.6,3)
W: (10.0,-14.6,0.0,-14.6,3)
W: (0.0,-7.399999999999999,16.0,-7.399999999999999,3)
W: (16.0,-7.399999999999999,25.6,-13.0,3)
W: (25.6,-13.0,40.0,-7.399999999999999,3)


# environment settings
R: (0)
D: (1)
