Path: 1955
Path Score: 4.117136491347871
Waypoints: [[1.0, 1.0, 1.0], [7.908661902969909, 13.249370598681029, 5.122888052721978], [22.592720703848663, 25.526803242435573, 12.228206346267022], [29.0, 29.0, 14.0]]
Velocity: [[0.0, 0.0, 0.0], [6.908661902969909, 12.249370598681029, 4.122888052721978], [14.684058800878754, 12.277432643754544, 7.105318293545045], [6.407279296151337, 3.473196757564427, 1.7717936537329777]]
Attitude: [[0.0, 0.0, 0.0], [1.0799032623057099, 0.5811391675180452, 1.2856207472042467], [0.7681211953027169, 0.925616599462376, 1.2153437685967357], [0.5466676487799201, 1.0893405550292934, 1.3323147563268598]]
Save Location: maps/map2152/test.txt
