Path: 661
Path Score: 4.378249052673967
Waypoints: [[1.0, 1.0, 1.0], [12.65259495451803, 15.504691539838976, 1.3902173466937446], [29.472397470335725, 29.081644812147566, 9.199902308200635], [29.0, 29.0, 14.0]]
Velocity: [[0.0, 0.0, 0.0], [11.65259495451803, 14.504691539838976, 0.39021734669374464], [16.819802515817695, 13.57695327230859, 7.80968496150689], [-0.472397470335725, -0.08164481214756591, 4.800097691799365]]
Attitude: [[0.0, 0.0, 0.0], [0.8941821376993422, 0.6770644370273821, 1.5498263094141658], [0.7497956317795222, 0.9388304914324281, 1.2240934516925004], [1.6688804760071687, 1.5877219246368794, 0.09954306646408057]]
Save Location: maps/map438/test.txt
