Path: 1905
Path Score: 4.135274100056789
Waypoints: [[1.0, 1.0, 1.0], [8.469661386104097, 5.59096684474812, 2.5279558793890997], [25.79209058027837, 11.910847199982666, 9.017382596249654], [29.0, 29.0, 14.0]]
Velocity: [[0.0, 0.0, 0.0], [7.469661386104097, 4.59096684474812, 1.5279558793890997], [17.322429194174273, 6.319880355234545, 6.489426716860554], [3.2079094197216307, 17.089152800017334, 4.982617403750346]]
Attitude: [[0.0, 0.0, 0.0], [0.5747996990566772, 1.0288000156137393, 1.3982583619310816], [0.4818194122846366, 1.2415791027264393, 1.2323989614800956], [1.3924977157249556, 0.3337927357398629, 1.2917140564701521]]
Save Location: maps/map2034/test.txt
