Path: 861
Path Score: 4.119656578890251
Waypoints: [[1.0, 1.0, 1.0], [13.622214221490246, 10.560085107867, 6.307093757900562], [25.82242157098592, 26.583335307071817, 8.735195019153062], [29.0, 29.0, 14.0]]
Velocity: [[0.0, 0.0, 0.0], [12.622214221490246, 9.560085107867, 5.307093757900562], [12.200207349495674, 16.023250199204817, 2.4281012612525004], [3.17757842901408, 2.416664692928183, 5.264804980846938]]
Attitude: [[0.0, 0.0, 0.0], [0.7138698155414545, 0.9612815674177257, 1.2473929819737224], [0.9254978998358099, 0.6601464199547051, 1.4508098742258018], [1.0690872565574958, 1.1963461847155972, 0.6487738662809521]]
Save Location: maps/map2137/test.txt
