Path: 2363
Path Score: 4.22785065876493
Waypoints: [[1.0, 1.0, 1.0], [2.7823021602657514, 3.2626923788090734, 6.811174955232296], [10.30043474338533, 16.763297732058618, 6.875926560339274], [29.0, 29.0, 14.0]]
Velocity: [[0.0, 0.0, 0.0], [1.7823021602657514, 2.2626923788090734, 5.811174955232296], [7.518132583119578, 13.500605353249544, 0.06475160510697808], [18.69956525661467, 12.236702267941382, 7.124073439660726]]
Attitude: [[0.0, 0.0, 0.0], [1.2924157480158258, 1.2144350237412072, 0.46016632051788314], [1.0626959837803551, 0.5081209966880537, 1.5666060651159555], [0.6480970733888322, 1.0219569516917306, 1.2621948308972217]]
Save Location: maps/map1352/test.txt
