Path: 2384
Path Score: 4.370930739327
Waypoints: [[1.0, 1.0, 1.0], [15.603290829642386, 18.063146062168478, 0.9416043571728144], [24.22349256074267, 28.430817726704724, 6.498472538272287], [29.0, 29.0, 14.0]]
Velocity: [[0.0, 0.0, 0.0], [14.603290829642386, 17.063146062168478, -0.05839564282718557], [8.620201731100284, 10.367671664536246, 5.556868181099472], [4.77650743925733, 0.5691822732952758, 7.501527461727713]]
Attitude: [[0.0, 0.0, 0.0], [0.8629255758540022, 0.7078775934918604, 1.5733964198307167], [0.9383778468729054, 0.7799861595851543, 1.1798744597274924], [1.005100316943389, 1.506881106585688, 0.5701943732992484]]
Save Location: maps/map463/test.txt
