# Note +ve X is north
# Note +ve Y is West
# x, y, height
# waypoints
G: (4.0,-2.0,10)
G: (17.02514874651453,0.2982669027351932,10)
G: (28.45863289362812,-4.6064357629785775,10)
G: (41.37140759777969,-3.354279489124508,10)
G: (52.965403805405344,0.16809555427032308,10)
G: (68.45427405852755,-3.142624994423187,10)
G: (80.95175981176418,1.4542230905165425,10)
G: (96.0,-2.0,10)


# wall segments
# x1, y1, x2, y2, z
W: (96.0,-9.200000000000003,0.0,-9.200000000000003,30)
W: (0.0,5.200000000000003,96.0,5.200000000000003,30)


# environment settings
R: (0)
D: (1)
