Path: 893
Path Score: 4.285415871586271
Waypoints: [[1.0, 1.0, 1.0], [13.622214221490246, 10.560085107867, 6.307093757900562], [23.80619581829966, 28.941778377351817, 14.88524117496731], [29.0, 29.0, 14.0]]
Velocity: [[0.0, 0.0, 0.0], [12.622214221490246, 9.560085107867, 5.307093757900562], [10.183981596809414, 18.381693269484817, 8.578147417066749], [5.19380418170034, 0.05822162264818331, -0.8852411749673106]]
Attitude: [[0.0, 0.0, 0.0], [0.7138698155414545, 0.9612815674177257, 1.2473929819737224], [1.1055092496327943, 0.6269017559520241, 1.1832362716117504], [0.16917730242266035, 1.5597463151797681, 1.7396054079197876]]
Save Location: maps/map960/test.txt
