Path: 285
Path Score: 4.120195970977669
Waypoints: [[1.0, 1.0, 1.0], [10.236205802881091, 6.726958385030271, 8.616461550781413], [20.610598369444524, 19.278006681353382, 8.827928443474919], [29.0, 29.0, 14.0]]
Velocity: [[0.0, 0.0, 0.0], [9.236205802881091, 5.726958385030271, 7.616461550781413], [10.374392566563433, 12.55104829632311, 0.21146689269350638], [8.389401630555476, 9.721993318646618, 5.172071556525081]]
Attitude: [[0.0, 0.0, 0.0], [0.801018365502451, 1.1245932303302049, 0.9595076706588436], [0.8801290795773533, 0.6908389337267397, 1.5578105911236804], [0.919766086046802, 0.7922213235648208, 1.1879058042443305]]
Save Location: maps/map2130/test.txt
