Path: 1283
Path Score: 4.136480461460198
Waypoints: [[1.0, 1.0, 1.0], [11.681123338592288, 14.089788280863255, 4.111381059339743], [21.391366360934747, 19.016584990160858, 9.132275513596717], [29.0, 29.0, 14.0]]
Velocity: [[0.0, 0.0, 0.0], [10.681123338592288, 13.089788280863255, 3.1113810593397426], [9.710243022342459, 4.926796709297603, 5.0208944542569744], [7.608633639065253, 9.983415009839142, 4.867724486403283]]
Attitude: [[0.0, 0.0, 0.0], [0.8998039769895753, 0.7044384319041941, 1.3886732407031834], [0.6269346908409157, 1.147363536428075, 1.1387387404513476], [0.9701837951063373, 0.7354334851728955, 1.20085483013767]]
Save Location: maps/map2026/test.txt
