Path: 2328
Path Score: 4.26105874208991
Waypoints: [[1.0, 1.0, 1.0], [4.608820246079843, 7.120273707001329, 9.286680001717013], [17.142077840697404, 12.866671640253438, 8.671369517017055], [29.0, 29.0, 14.0]]
Velocity: [[0.0, 0.0, 0.0], [3.6088202460798433, 6.120273707001329, 8.286680001717013], [12.53325759461756, 5.746397933252109, -0.6153104846999575], [11.857922159302596, 16.133328359746564, 5.328630482982945]]
Attitude: [[0.0, 0.0, 0.0], [1.233845257898589, 0.9755770124671417, 0.7087760394342274], [0.43205690783076967, 1.1413587942578955, 1.6153938810116437], [0.9614723836846367, 0.6782653453057865, 1.3106912242211473]]
Save Location: maps/map1128/test.txt
