Path: 1985
Path Score: 4.1345525345066525
Waypoints: [[1.0, 1.0, 1.0], [7.908661902969909, 13.249370598681029, 5.122888052721978], [26.247862811798445, 26.14012348922666, 9.783949613542193], [29.0, 29.0, 14.0]]
Velocity: [[0.0, 0.0, 0.0], [6.908661902969909, 12.249370598681029, 4.122888052721978], [18.339200908828538, 12.890752890545631, 4.661061560820215], [2.752137188201555, 2.85987651077334, 4.216050386457807]]
Attitude: [[0.0, 0.0, 0.0], [1.0799032623057099, 0.5811391675180452, 1.2856207472042467], [0.6418642109484614, 0.9727666420002037, 1.3657872477404025], [1.0754951709988285, 1.0542232020541684, 0.7552272384080128]]
Save Location: maps/map2043/test.txt
