Path: 615
Path Score: 4.521239549498489
Waypoints: [[1.0, 1.0, 1.0], [1.9869655009534015, 2.3470905443897805, 9.726710653669548], [6.596290149546203, 22.34738075894622, 14.267155835962525], [29.0, 29.0, 14.0]]
Velocity: [[0.0, 0.0, 0.0], [0.9869655009534015, 1.3470905443897805, 8.726710653669548], [4.609324648592802, 20.00029021455644, 4.540445182292977], [22.403709850453797, 6.652619241053781, -0.2671558359625248]]
Attitude: [[0.0, 0.0, 0.0], [1.4594850995761104, 1.4185963426785977, 0.18907565762625306], [1.3497253215155998, 0.31287250858241167, 1.3530825281806498], [0.2888695544722783, 1.2821661018601413, 1.582227121859774]]
Save Location: maps/map81/test.txt
