Path: 1533
Path Score: 4.014017851269976
Waypoints: [[1.0, 1.0, 1.0], [5.1328300726842055, 6.167067988359742, 4.338023583503114], [15.44249175683154, 18.284183195920107, 9.161844399110448], [29.0, 29.0, 14.0]]
Velocity: [[0.0, 0.0, 0.0], [4.1328300726842055, 5.167067988359742, 3.338023583503114], [10.309661684147335, 12.117115207560365, 4.823820815607334], [13.55750824316846, 10.715816804079893, 4.838155600889552]]
Attitude: [[0.0, 0.0, 0.0], [0.9792202736645594, 0.799275207152919, 1.1035589735254734], [0.9018767749819482, 0.7541419547316166, 1.2764036425556715], [0.714409075190648, 0.9308782745117469, 1.2978165450117953]]
Save Location: maps/map2487/test.txt
