Path: 1547
Path Score: 4.039062996110927
Waypoints: [[1.0, 1.0, 1.0], [5.1328300726842055, 6.167067988359742, 4.338023583503114], [17.89500835598713, 12.238417992478578, 7.134004137824853], [29.0, 29.0, 14.0]]
Velocity: [[0.0, 0.0, 0.0], [4.1328300726842055, 5.167067988359742, 3.338023583503114], [12.762178283302925, 6.071350004118836, 2.795980554321739], [11.10499164401287, 16.761582007521422, 6.865995862175147]]
Attitude: [[0.0, 0.0, 0.0], [0.9792202736645594, 0.799275207152919, 1.1035589735254734], [0.4824683816824129, 1.1357786015392093, 1.3754813926807383], [1.0208116603536068, 0.6617621353055158, 1.2417305692240037]]
Save Location: maps/map2447/test.txt
