Path: 1729
Path Score: 4.184582870200357
Waypoints: [[1.0, 1.0, 1.0], [10.805725952785512, 11.283487147150078, 0.7484718343695662], [18.987168424161545, 21.350324413129044, 10.434584031210562], [29.0, 29.0, 14.0]]
Velocity: [[0.0, 0.0, 0.0], [9.805725952785512, 10.283487147150078, -0.2515281656304338], [8.181442471376034, 10.066837265978966, 9.686112196840996], [10.012831575838455, 7.649675586870956, 3.565415968789438]]
Attitude: [[0.0, 0.0, 0.0], [0.8093250089126587, 0.7617849255869302, 1.5884962164824006], [1.0410010246074635, 0.8997382015210295, 0.9294208446766713], [0.7003550436294252, 0.9469578898565721, 1.2950479413160163]]
Save Location: maps/map1691/test.txt
