# Note +ve X is north
# Note +ve Y is West
# x, y, height
# waypoints
G: (4.0,-2.0,10)
G: (14.935215298657031,11.602383891137919,10)
G: (25.29856919645122,-1.0316053417241946,10)
G: (42.28195223156248,4.572363183710962,10)
G: (61.687095548069394,5.58035105817676,10)
G: (80.68957993703486,5.097596841763789,10)
G: (96.0,-2.0,10)


# wall segments
# x1, y1, x2, y2, z
W: (96.0,-9.200000000000003,72.0,-1.2000000000000028,30)
W: (72.0,-1.2000000000000028,0.0,-9.200000000000003,30)
W: (0.0,5.200000000000003,4.8,10.0,30)
W: (4.8,10.0,20.0,17.200000000000003,30)
W: (20.0,17.200000000000003,32.8,10.0,30)
W: (32.8,10.0,96.0,9.200000000000003,30)


# environment settings
R: (0)
D: (1)
