Path: 2345
Path Score: 4.31390293366867
Waypoints: [[1.0, 1.0, 1.0], [2.7823021602657514, 3.2626923788090734, 6.811174955232296], [6.938039822185598, 21.090386253324894, 12.519590149875834], [29.0, 29.0, 14.0]]
Velocity: [[0.0, 0.0, 0.0], [1.7823021602657514, 2.2626923788090734, 5.811174955232296], [4.155737661919846, 17.82769387451582, 5.708415194643537], [22.061960177814402, 7.909613746675106, 1.4804098501241665]]
Attitude: [[0.0, 0.0, 0.0], [1.2924157480158258, 1.2144350237412072, 0.46016632051788314], [1.3523365991587661, 0.3771077871265706, 1.2685137846134782], [0.3497487223204723, 1.2272661765835426, 1.5077145816114603]]
Save Location: maps/map768/test.txt
