Path: 690
Path Score: 4.243084218422135
Waypoints: [[1.0, 1.0, 1.0], [7.279071891786115, 11.99037003440958, 7.619831722996372], [25.89146789512382, 17.947079052650324, 10.291630941969098], [29.0, 29.0, 14.0]]
Velocity: [[0.0, 0.0, 0.0], [6.279071891786115, 10.99037003440958, 6.619831722996372], [18.612396003337707, 5.956709018240744, 2.671799218972726], [3.108532104876179, 11.052920947349676, 3.708369058030902]]
Attitude: [[0.0, 0.0, 0.0], [1.115662030937802, 0.6928797362779866, 1.088924427386206], [0.33735094870408405, 1.2640056086711478, 1.4349203616374337], [1.3102246373088302, 0.4126571490004325, 1.2583924394013435]]
Save Location: maps/map1245/test.txt
