Path: 1
Path Score: 1.6537039748988902
Waypoints: [[1.0, 1.0, 1.0], [9.574754654687984, 15.235049943260702, 4.36599434831769], [29.0, 29.0, 14.0]]
Velocity: [[0.0, 0.0, 0.0], [8.574754654687984, 14.235049943260702, 3.36599434831769], [19.425245345312014, 13.764950056739298, 9.63400565168231]]
Attitude: [[0.0, 0.0, 0.0], [1.040582741975873, 0.574346184893623, 1.3709507949599922], [0.713096578588747, 1.0051625522659746, 1.186282110995395]]
Save Location: maps/map2/test.txt
