Path: 301
Path Score: 4.298717376040583
Waypoints: [[1.0, 1.0, 1.0], [11.62421921707525, 9.637940007438962, 4.108292062461251], [22.909069045040045, 10.835196024953614, 13.228528156939884], [29.0, 29.0, 14.0]]
Velocity: [[0.0, 0.0, 0.0], [10.62421921707525, 8.637940007438962, 3.108292062461251], [11.284849827964795, 1.1972560175146523, 9.120236094478633], [6.090930954959955, 18.164803975046386, 0.771471843060116]]
Attitude: [[0.0, 0.0, 0.0], [0.7126112608988734, 0.9081638967287853, 1.3475745118170808], [0.6838915431118213, 1.4884677080913042, 0.8938193415518585], [1.2475348540835867, 0.325939212643112, 1.5305508334281337]]
Save Location: maps/map879/test.txt
