Path: 346
Path Score: 4.164498485501284
Waypoints: [[1.0, 1.0, 1.0], [11.62421921707525, 9.637940007438962, 4.108292062461251], [22.781985147361475, 18.865246195222316, 4.237269029022857], [29.0, 29.0, 14.0]]
Velocity: [[0.0, 0.0, 0.0], [10.62421921707525, 8.637940007438962, 3.108292062461251], [11.157765930286224, 9.227306187783354, 0.1289769665616065], [6.218014852638525, 10.134753804777684, 9.762730970977142]]
Attitude: [[0.0, 0.0, 0.0], [0.7126112608988734, 0.9081638967287853, 1.3475745118170808], [0.6910280346045721, 0.8798490726694037, 1.5618886445856281], [1.154725411250614, 0.8516309695069436, 0.8833371316925762]]
Save Location: maps/map1848/test.txt
