Path: 1810
Path Score: 4.308110520042667
Waypoints: [[1.0, 1.0, 1.0], [5.8300877579373775, 12.986927175779844, 2.2883830638241456], [17.10037516700489, 29.239729622642756, 11.903971497075933], [29.0, 29.0, 14.0]]
Velocity: [[0.0, 0.0, 0.0], [4.8300877579373775, 11.986927175779844, 1.2883830638241456], [11.270287409067514, 16.252802446862912, 9.615588433251787], [11.899624832995109, -0.23972962264275566, 2.0960285029240673]]
Attitude: [[0.0, 0.0, 0.0], [1.1897394258126446, 0.3951048953544142, 1.471431398260883], [1.0327254767245362, 0.7391456409535399, 1.118270823127071], [0.17546746908711836, 1.5906342688103356, 1.396477078710701]]
Save Location: maps/map809/test.txt
