Path: 348
Path Score: 4.058513127745663
Waypoints: [[1.0, 1.0, 1.0], [11.62421921707525, 9.637940007438962, 4.108292062461251], [22.31107341157168, 20.857103800923483, 7.836819148340205], [29.0, 29.0, 14.0]]
Velocity: [[0.0, 0.0, 0.0], [10.62421921707525, 8.637940007438962, 3.108292062461251], [10.68685419449643, 11.21916379348452, 3.7285270858789543], [6.68892658842832, 8.142896199076517, 6.163180851659795]]
Attitude: [[0.0, 0.0, 0.0], [0.7126112608988734, 0.9081638967287853, 1.3475745118170808], [0.8358076717973687, 0.7898102354264737, 1.3346500304198101], [0.9909241630968201, 0.8405978425021317, 1.041586930795209]]
Save Location: maps/map2400/test.txt
