Path: 1021
Path Score: 4.166960678109979
Waypoints: [[1.0, 1.0, 1.0], [5.124139793286082, 11.529276214212281, 3.1169525438428494], [11.29885047226655, 13.922680563011099, 6.0742347128672325], [29.0, 29.0, 14.0]]
Velocity: [[0.0, 0.0, 0.0], [4.124139793286082, 10.529276214212281, 2.1169525438428494], [6.1747106789804675, 2.3934043487988177, 2.957282169024383], [17.70114952773345, 15.077319436988901, 7.9257652871327675]]
Attitude: [[0.0, 0.0, 0.0], [1.2041596665548568, 0.4147337109116922, 1.3857324418142094], [0.5521994036474004, 1.2344884654413217, 1.1508057348946144], [0.7661818536866618, 0.9099886285213937, 1.2422839364012292]]
Save Location: maps/map1823/test.txt
