Path: 441
Path Score: 4.118854683478735
Waypoints: [[1.0, 1.0, 1.0], [8.23561037690084, 4.511685430060676, 8.33124458240136], [20.24894541404868, 13.704934531749169, 10.28792228211892], [29.0, 29.0, 14.0]]
Velocity: [[0.0, 0.0, 0.0], [7.235610376900841, 3.511685430060676, 7.331244582401361], [12.01333503714784, 9.193249101688494, 1.9566776997175594], [8.75105458595132, 15.295065468250831, 3.7120777178810798]]
Attitude: [[0.0, 0.0, 0.0], [0.8434728410597166, 1.2422312953632766, 0.8316455994328315], [0.6639135089198063, 0.923911323353303, 1.442163314302186], [1.0633520659267364, 0.5560751825583984, 1.3631766434720947]]
Save Location: maps/map2142/test.txt
