Path: 788
Path Score: 4.38344046436876
Waypoints: [[1.0, 1.0, 1.0], [4.844954787942095, 14.493280729732227, 5.905721797057641], [7.389357188954467, 23.477432848813812, 10.209341262023914], [29.0, 29.0, 14.0]]
Velocity: [[0.0, 0.0, 0.0], [3.844954787942095, 13.493280729732227, 4.905721797057641], [2.5444024010123716, 8.984152119081585, 4.303619464966273], [21.610642811045533, 5.522567151186188, 3.790658737976086]]
Attitude: [[0.0, 0.0, 0.0], [1.3091332202726853, 0.43273101466224884, 1.2344339666278068], [1.3207252441282626, 0.5078056121971977, 1.1389181942152558], [0.3005654335537563, 1.324213007369078, 1.4024590083582664]]
Save Location: maps/map422/test.txt
