Path: 123
Path Score: 4.363150379966818
Waypoints: [[1.0, 1.0, 1.0], [6.844542921659472, 12.575654287568902, 0.7512941296865822], [11.717608255286521, 26.086366361922085, 10.100298251227693], [29.0, 29.0, 14.0]]
Velocity: [[0.0, 0.0, 0.0], [5.844542921659472, 11.575654287568902, -0.24870587031341784], [4.873065333627049, 13.510712074353183, 9.34900412154111], [17.28239174471348, 2.913633638077915, 3.8997017487723067]]
Attitude: [[0.0, 0.0, 0.0], [1.103329579532339, 0.4679236243581791, 1.5899732357353402], [1.282464926174232, 0.662630818076592, 0.9937717385263379], [0.27455761083990476, 1.4078003124714065, 1.351856955162436]]
Save Location: maps/map506/test.txt
