Path: 427
Path Score: 4.185628223742391
Waypoints: [[1.0, 1.0, 1.0], [8.23561037690084, 4.511685430060676, 8.33124458240136], [15.684579521262053, 24.294407344774495, 11.460625578176513], [29.0, 29.0, 14.0]]
Velocity: [[0.0, 0.0, 0.0], [7.235610376900841, 3.511685430060676, 7.331244582401361], [7.448969144361213, 19.782721914713818, 3.1293809957751524], [13.315420478737947, 4.705592655225505, 2.539374421823487]]
Attitude: [[0.0, 0.0, 0.0], [0.8434728410597166, 1.2422312953632766, 0.8316455994328315], [1.2147333819772426, 0.387741907210916, 1.4238232067162628], [0.38185806857320004, 1.2366735425670707, 1.3928860386768187]]
Save Location: maps/map1680/test.txt
