Path: 1516
Path Score: 4.6136289439603235
Waypoints: [[1.0, 1.0, 1.0], [0.8300875511549277, 1.6500330013832676, 11.560854587793756], [6.938039822185598, 21.090386253324894, 12.519590149875834], [29.0, 29.0, 14.0]]
Velocity: [[0.0, 0.0, 0.0], [-0.16991244884507228, 0.6500330013832676, 10.560854587793756], [6.10795227103067, 19.440353251941627, 0.9587355620820777], [22.061960177814402, 7.909613746675106, 1.4804098501241665]]
Attitude: [[0.0, 0.0, 0.0], [1.5868534482018404, 1.5093306408644638, 0.06353355267918272], [1.266720286337664, 0.30792065557756765, 1.523781805574632], [0.3497487223204723, 1.2272661765835426, 1.5077145816114603]]
Save Location: maps/map13/test.txt
