Path: 948
Path Score: 4.145656817872145
Waypoints: [[1.0, 1.0, 1.0], [7.03200889148945, 11.212381035806049, 2.4091861245466912], [25.428707168258946, 19.405189246924685, 11.09112041789754], [29.0, 29.0, 14.0]]
Velocity: [[0.0, 0.0, 0.0], [6.03200889148945, 10.212381035806049, 1.4091861245466912], [18.396698276769495, 8.192808211118637, 8.68193429335085], [3.5712928317410544, 9.594810753075315, 2.9088795821024593]]
Attitude: [[0.0, 0.0, 0.0], [1.0413956223611207, 0.5452295055399751, 1.4525400011168248], [0.575587730898892, 1.1879259850708666, 1.1637614294712044], [1.228608075856676, 0.4475659367165343, 1.29396325921033]]
Save Location: maps/map1971/test.txt
