Path: 372
Path Score: 4.593344026278578
Waypoints: [[1.0, 1.0, 1.0], [5.0694130019156045, 0.10947803648002186, 11.387112714668532], [7.177206899450002, 15.45719743824309, 14.540668792615357], [29.0, 29.0, 14.0]]
Velocity: [[0.0, 0.0, 0.0], [4.0694130019156045, -0.8905219635199781, 10.387112714668532], [2.107793897534397, 15.347719401763069, 3.153556077946824], [21.822793100549998, 13.54280256175691, -0.5406687926153566]]
Attitude: [[0.0, 0.0, 0.0], [1.1986423454069668, 1.65045321960768, 0.3814078923026202], [1.4370736128059953, 0.24228989807320614, 1.3699770026193134], [0.5557718496340723, 1.0155187584190801, 1.591844435500265]]
Save Location: maps/map27/test.txt
