Path: 1264
Path Score: 4.118441488117761
Waypoints: [[1.0, 1.0, 1.0], [11.681123338592288, 14.089788280863255, 4.111381059339743], [22.16101751903432, 21.88131243389526, 7.844034735289933], [29.0, 29.0, 14.0]]
Velocity: [[0.0, 0.0, 0.0], [10.681123338592288, 13.089788280863255, 3.1113810593397426], [10.479894180442033, 7.791524153032006, 3.73265367595019], [6.838982480965679, 7.1186875661047395, 6.155965264710067]]
Attitude: [[0.0, 0.0, 0.0], [0.8998039769895753, 0.7044384319041941, 1.3886732407031834], [0.6894344997067724, 0.9598186404030079, 1.2923885871129008], [0.9423867443913255, 0.9123337917118957, 1.0131992799999519]]
Save Location: maps/map2145/test.txt
