Path: 2113
Path Score: 4.174455155160537
Waypoints: [[1.0, 1.0, 1.0], [7.976694836660609, 10.929766397758005, 9.409001445334173], [24.417165918970664, 21.028566972505814, 13.862338142170172], [29.0, 29.0, 14.0]]
Velocity: [[0.0, 0.0, 0.0], [6.976694836660609, 9.929766397758005, 8.409001445334173], [16.440471082310054, 10.09880057474781, 4.453336696835999], [4.582834081029336, 7.971433027494186, 0.1376618578298281]]
Attitude: [[0.0, 0.0, 0.0], [1.0786293818483852, 0.8331465441750755, 0.9648405508336908], [0.5912298588820306, 1.0356152452819372, 1.3439592482924552], [1.0490962265383572, 0.5219593966089846, 1.5558258939074248]]
Save Location: maps/map1767/test.txt
