Path: 502
Path Score: 4.329953389298337
Waypoints: [[1.0, 1.0, 1.0], [11.29885047226655, 13.922680563011099, 6.0742347128672325], [24.882695815361128, 14.368288597070304, 12.113832918894575], [29.0, 29.0, 14.0]]
Velocity: [[0.0, 0.0, 0.0], [10.29885047226655, 12.922680563011099, 5.0742347128672325], [13.583845343094579, 0.44560803405920524, 6.0395982060273425], [4.117304184638872, 14.631711402929696, 1.886167081105425]]
Attitude: [[0.0, 0.0, 0.0], [0.932550665210745, 0.7263919285052141, 1.2728643435485965], [0.41937637503999836, 1.5408302966430278, 1.1526281510436722], [1.2986348105444985, 0.30016579609209537, 1.4473372730099068]]
Save Location: maps/map680/test.txt
