Path: 1651
Path Score: 4.249553754833286
Waypoints: [[1.0, 1.0, 1.0], [10.36013664890983, 5.847929453477029, 2.4421408215587084], [12.613060744395664, 17.548051480031873, 8.080005726347148], [29.0, 29.0, 14.0]]
Velocity: [[0.0, 0.0, 0.0], [9.36013664890983, 4.847929453477029, 1.4421408215587084], [2.2529240954858345, 11.700122026554844, 5.637864904788439], [16.386939255604336, 11.451948519968127, 5.919994273652852]]
Attitude: [[0.0, 0.0, 0.0], [0.49541529610661705, 1.0976792558885609, 1.4348290922750935], [1.3990384986986024, 0.47866301157802177, 1.1288408897143123], [0.6665783723714116, 0.989326980912511, 1.28290425102486]]
Save Location: maps/map1196/test.txt
