Path: 153
Path Score: 4.48823744592498
Waypoints: [[1.0, 1.0, 1.0], [0.8689948832512862, 4.64282219210965, 7.776103442790986], [7.389357188954467, 23.477432848813812, 10.209341262023914], [29.0, 29.0, 14.0]]
Velocity: [[0.0, 0.0, 0.0], [-0.13100511674871385, 3.6428221921096497, 6.776103442790986], [6.5203623057031805, 18.834610656704164, 2.433237819232928], [21.610642811045533, 5.522567151186188, 3.790658737976086]]
Attitude: [[0.0, 0.0, 0.0], [1.5878233126910848, 1.077602275761293, 0.4935415452562085], [1.2400695100975165, 0.35394905215538736, 1.4493163589312859], [0.3005654335537563, 1.324213007369078, 1.4024590083582664]]
Save Location: maps/map133/test.txt
