Path: 659
Path Score: 4.295554680059847
Waypoints: [[1.0, 1.0, 1.0], [12.65259495451803, 15.504691539838976, 1.3902173466937446], [24.22349256074267, 28.430817726704724, 6.498472538272287], [29.0, 29.0, 14.0]]
Velocity: [[0.0, 0.0, 0.0], [11.65259495451803, 14.504691539838976, 0.39021734669374464], [11.57089760622464, 12.926126186865748, 5.108255191578542], [4.77650743925733, 0.5691822732952758, 7.501527461727713]]
Attitude: [[0.0, 0.0, 0.0], [0.8941821376993422, 0.6770644370273821, 1.5498263094141658], [0.8765468388649077, 0.7745358554283223, 1.2844395657212684], [1.005100316943389, 1.506881106585688, 0.5701943732992484]]
Save Location: maps/map900/test.txt
