Path: 818
Path Score: 4.296908779919463
Waypoints: [[1.0, 1.0, 1.0], [4.844954787942095, 14.493280729732227, 5.905721797057641], [24.29282605726432, 17.273783965333514, 9.528106741585457], [29.0, 29.0, 14.0]]
Velocity: [[0.0, 0.0, 0.0], [3.844954787942095, 13.493280729732227, 4.905721797057641], [19.447871269322228, 2.7805032356012873, 3.6223849445278162], [4.707173942735679, 11.726216034666486, 4.471893258414543]]
Attitude: [[0.0, 0.0, 0.0], [1.3091332202726853, 0.43273101466224884, 1.2344339666278068], [0.2306289591866614, 1.4311563416950608, 1.3884580479203346], [1.2119605623526288, 0.5056733733733509, 1.2306436859371142]]
Save Location: maps/map893/test.txt
