Path: 30
Path Score: 4.251594406055986
Waypoints: [[1.0, 1.0, 1.0], [8.883832853990807, 7.619820070167713, 5.821889119101872], [11.40378861351021, 23.288761880938765, 11.804403224732908], [29.0, 29.0, 14.0]]
Velocity: [[0.0, 0.0, 0.0], [7.883832853990807, 6.619820070167713, 4.821889119101872], [2.5199557595194033, 15.668941810771052, 5.9825141056310365], [17.59621138648979, 5.711238119061235, 2.1955967752670915]]
Attitude: [[0.0, 0.0, 0.0], [0.8044304960935175, 0.9492050844908356, 1.1327513067607105], [1.4216656873891926, 0.3927696217929435, 1.2103055482222533], [0.33465120952432154, 1.2592127196021017, 1.4526670982553629]]
Save Location: maps/map1184/test.txt
