Path: 1424
Path Score: 4.298132809077861
Waypoints: [[1.0, 1.0, 1.0], [10.074445050749116, 1.0357225832720962, 9.412027835082272], [24.80078989068509, 16.52228778449424, 8.560347909072977], [29.0, 29.0, 14.0]]
Velocity: [[0.0, 0.0, 0.0], [9.074445050749116, 0.03572258327209621, 8.412027835082272], [14.726344839935972, 15.486565201222142, -0.8516799260092949], [4.199210109314912, 12.477712215505761, 5.439652090927023]]
Attitude: [[0.0, 0.0, 0.0], [0.7475390695972799, 1.5679093516700198, 0.8232656157544957], [0.8113089388392581, 0.7610751373907685, 1.6106282838808526], [1.2715632840353657, 0.5034073100322944, 1.1789804677621314]]
Save Location: maps/map885/test.txt
