Path: 1357
Path Score: 4.198675937186788
Waypoints: [[1.0, 1.0, 1.0], [2.1166871798879825, 7.959406805005861, 2.641112218552253], [10.81745541664519, 17.765990078921153, 6.9670533080542265], [29.0, 29.0, 14.0]]
Velocity: [[0.0, 0.0, 0.0], [1.1166871798879825, 6.959406805005861, 1.6411122185522529], [8.700768236757208, 9.806583273915292, 4.325941089501974], [18.18254458335481, 11.234009921078847, 7.0329466919457735]]
Attitude: [[0.0, 0.0, 0.0], [1.4158739947349994, 0.27784815422419984, 1.3420381855188857], [0.8889230064318081, 0.7808019075476362, 1.2520737521592837], [0.6298821484480811, 1.0480294904711909, 1.2528998172006138]]
Save Location: maps/map1572/test.txt
