Path: 2076
Path Score: 4.310472148498572
Waypoints: [[1.0, 1.0, 1.0], [2.1051801977178286, 12.705542697858661, 1.33533427386211], [17.427868364228836, 16.4750747584921, 4.825948732556496], [29.0, 29.0, 14.0]]
Velocity: [[0.0, 0.0, 0.0], [1.1051801977178286, 11.705542697858661, 0.3353342738621099], [15.322688166511007, 3.7695320606334377, 3.490614458694386], [11.572131635771164, 12.524925241507901, 9.174051267443504]]
Attitude: [[0.0, 0.0, 0.0], [1.4766986395106851, 0.09834724994807642, 1.5422834159518], [0.32350710346478456, 1.3353794178661877, 1.3530909323546272], [0.930265420446883, 0.8673805595008431, 1.0772217983493675]]
Save Location: maps/map793/test.txt
