Path: 1621
Path Score: 4.182036410561208
Waypoints: [[1.0, 1.0, 1.0], [10.36013664890983, 5.847929453477029, 2.4421408215587084], [18.92587327321427, 24.46480001449053, 4.551445527047205], [29.0, 29.0, 14.0]]
Velocity: [[0.0, 0.0, 0.0], [9.36013664890983, 4.847929453477029, 1.4421408215587084], [8.565736624304439, 18.616870561013503, 2.109304705488497], [10.074126726785732, 4.535199985509468, 9.448554472952795]]
Attitude: [[0.0, 0.0, 0.0], [0.49541529610661705, 1.0976792558885609, 1.4348290922750935], [1.141986685597198, 0.44251039497758704, 1.4682290502092528], [0.8051713143812181, 1.2535291924364955, 0.863270668250586]]
Save Location: maps/map1708/test.txt
