Path: 1097
Path Score: 4.367232141116178
Waypoints: [[1.0, 1.0, 1.0], [6.277705044557794, 0.35330246109405494, 2.6825947684151497], [10.98841998167141, 13.67984788740044, 4.669955467169109], [29.0, 29.0, 14.0]]
Velocity: [[0.0, 0.0, 0.0], [5.277705044557794, -0.6466975389059451, 1.6825947684151497], [4.710714937113615, 13.326545426306385, 1.987360698753959], [18.01158001832859, 15.32015211259956, 9.330044532830891]]
Attitude: [[0.0, 0.0, 0.0], [0.32912608513099045, 1.687014641004876, 1.264321452563771], [1.2344624329935034, 0.36633538673310906, 1.431109726731822], [0.7833397152626365, 0.9239381699714816, 1.1949753614469707]]
Save Location: maps/map481/test.txt
