Path: 1342
Path Score: 4.500683613026777
Waypoints: [[1.0, 1.0, 1.0], [3.4670120800623283, 8.98615020457587, 12.766320645476934], [7.2422472543241465, 15.760615466297706, 13.658007264698963], [29.0, 29.0, 14.0]]
Velocity: [[0.0, 0.0, 0.0], [2.4670120800623283, 7.986150204575869, 11.766320645476934], [3.775235174261818, 6.774465261721836, 0.8916866192220283], [21.75775274567585, 13.239384533702294, 0.34199273530103724]]
Attitude: [[0.0, 0.0, 0.0], [1.399024108228292, 0.9844440153430374, 0.6176559127637982], [1.0660290904643324, 0.5200345974894341, 1.4563223407604275], [0.5467872106274848, 1.0242120818809008, 1.5573694452781284]]
Save Location: maps/map114/test.txt
