Path: 2227
Path Score: 4.135647994588274
Waypoints: [[1.0, 1.0, 1.0], [5.7591996310330025, 10.496060591014656, 1.1961851557501069], [19.150517884687012, 16.221567393022806, 9.065163787729501], [29.0, 29.0, 14.0]]
Velocity: [[0.0, 0.0, 0.0], [4.7591996310330025, 9.496060591014656, 0.19618515575010687], [13.39131825365401, 5.72550680200815, 7.868978631979394], [9.849482115312988, 12.778432606977194, 4.934836212270499]]
Attitude: [[0.0, 0.0, 0.0], [1.1062936554501903, 0.46492826404694765, 1.5523285842779897], [0.6284234114011488, 1.2176285579988695, 1.0754269498167865], [0.9474095871230266, 0.7114898316461911, 1.2739640805957166]]
Save Location: maps/map2032/test.txt
