Path: 2422
Path Score: 4.167437876015018
Waypoints: [[1.0, 1.0, 1.0], [12.422424952449036, 7.364456284222653, 4.120550879483655], [19.778926106740936, 25.028774492325528, 13.753258473645548], [29.0, 29.0, 14.0]]
Velocity: [[0.0, 0.0, 0.0], [11.422424952449036, 6.364456284222653, 3.1205508794836554], [7.3565011542919, 17.664318208102877, 9.632707594161893], [9.221073893259064, 3.971225507674472, 0.24674152635445168]]
Attitude: [[0.0, 0.0, 0.0], [0.5554007765856399, 1.0776065097557235, 1.3365284239372268], [1.2202656412168311, 0.6013760099465842, 1.104425138281801], [0.40736238913210576, 1.1642642704118822, 1.54622508670751]]
Save Location: maps/map1821/test.txt
