Path: 1625
Path Score: 4.166206703255051
Waypoints: [[1.0, 1.0, 1.0], [10.36013664890983, 5.847929453477029, 2.4421408215587084], [19.70415101856637, 13.671074305937509, 12.81372080915123], [29.0, 29.0, 14.0]]
Velocity: [[0.0, 0.0, 0.0], [9.36013664890983, 4.847929453477029, 1.4421408215587084], [9.344014369656541, 7.82314485246048, 10.371579987592522], [9.295848981433629, 15.328925694062491, 1.1862791908487704]]
Attitude: [[0.0, 0.0, 0.0], [0.49541529610661705, 1.0976792558885609, 1.4348290922750935], [0.9472626185711609, 1.0600042354632317, 0.8656830216813156], [1.0269884977688475, 0.548718444626354, 1.5047210663746937]]
Save Location: maps/map1830/test.txt
