Path: 1930
Path Score: 4.220472425987668
Waypoints: [[1.0, 1.0, 1.0], [7.908661902969909, 13.249370598681029, 5.122888052721978], [16.596716632096093, 19.215720704642216, 5.13918037419731], [29.0, 29.0, 14.0]]
Velocity: [[0.0, 0.0, 0.0], [6.908661902969909, 12.249370598681029, 4.122888052721978], [8.688054729126184, 5.966350105961187, 0.01629232147533255], [12.403283367903907, 9.784279295357784, 8.86081962580269]]
Attitude: [[0.0, 0.0, 0.0], [1.0799032623057099, 0.5811391675180452, 1.2856207472042467], [0.601766211770944, 0.9690326753983298, 1.5692504836816683], [0.816514821634672, 1.0001521739681158, 1.059633768091095]]
Save Location: maps/map1405/test.txt
