Path: 907
Path Score: 4.179878240056796
Waypoints: [[1.0, 1.0, 1.0], [13.622214221490246, 10.560085107867, 6.307093757900562], [20.24894541404868, 13.704934531749169, 10.28792228211892], [29.0, 29.0, 14.0]]
Velocity: [[0.0, 0.0, 0.0], [12.622214221490246, 9.560085107867, 5.307093757900562], [6.6267311925584345, 3.144849423882169, 3.9808285242183583], [8.75105458595132, 15.295065468250831, 3.7120777178810798]]
Attitude: [[0.0, 0.0, 0.0], [0.7138698155414545, 0.9612815674177257, 1.2473929819737224], [0.6533864664049635, 1.1844323577472495, 1.0735674606646533], [1.0633520659267364, 0.5560751825583984, 1.3631766434720947]]
Save Location: maps/map1726/test.txt
