Path: 873
Path Score: 4.090722882806889
Waypoints: [[1.0, 1.0, 1.0], [13.622214221490246, 10.560085107867, 6.307093757900562], [22.592720703848663, 25.526803242435573, 12.228206346267022], [29.0, 29.0, 14.0]]
Velocity: [[0.0, 0.0, 0.0], [12.622214221490246, 9.560085107867, 5.307093757900562], [8.970506482358417, 14.966718134568573, 5.92111258836646], [6.407279296151337, 3.473196757564427, 1.7717936537329777]]
Attitude: [[0.0, 0.0, 0.0], [0.7138698155414545, 0.9612815674177257, 1.2473929819737224], [1.0623404555440474, 0.6228088508165401, 1.2436536629043695], [0.5466676487799201, 1.0893405550292934, 1.3323147563268598]]
Save Location: maps/map2286/test.txt
