Path: 1777
Path Score: 4.23232431003101
Waypoints: [[1.0, 1.0, 1.0], [5.8300877579373775, 12.986927175779844, 2.2883830638241456], [10.81745541664519, 17.765990078921153, 6.9670533080542265], [29.0, 29.0, 14.0]]
Velocity: [[0.0, 0.0, 0.0], [4.8300877579373775, 11.986927175779844, 1.2883830638241456], [4.987367658707813, 4.779062903141309, 4.678670244230081], [18.18254458335481, 11.234009921078847, 7.0329466919457735]]
Attitude: [[0.0, 0.0, 0.0], [1.1897394258126446, 0.3951048953544142, 1.471431398260883], [0.9300410766264264, 0.9608383534961157, 0.9754450332787323], [0.6298821484480811, 1.0480294904711909, 1.2528998172006138]]
Save Location: maps/map1323/test.txt
