Path: 2222
Path Score: 4.131510898982554
Waypoints: [[1.0, 1.0, 1.0], [5.7591996310330025, 10.496060591014656, 1.1961851557501069], [16.060622627406442, 22.284008548073043, 8.655570821620126], [29.0, 29.0, 14.0]]
Velocity: [[0.0, 0.0, 0.0], [4.7591996310330025, 9.496060591014656, 0.19618515575010687], [10.30142299637344, 11.787947957058387, 7.459385665870019], [12.939377372593558, 6.715991451926957, 5.344429178379874]]
Attitude: [[0.0, 0.0, 0.0], [1.1062936554501903, 0.46492826404694765, 1.5523285842779897], [0.9347208412124416, 0.8233539757790038, 1.126133222068], [0.5856835745155158, 1.123499545747589, 1.2194127759243851]]
Save Location: maps/map2065/test.txt
