Path: 238
Path Score: 4.320343271376224
Waypoints: [[1.0, 1.0, 1.0], [0.2429086269009595, 4.401009458247564, 1.9766829018839305], [7.908661902969909, 13.249370598681029, 5.122888052721978], [29.0, 29.0, 14.0]]
Velocity: [[0.0, 0.0, 0.0], [-0.7570913730990405, 3.4010094582475636, 0.9766829018839305], [7.6657532760689495, 8.848361140433465, 3.146205150838047], [21.09133809703009, 15.750629401318971, 8.877111947278022]]
Attitude: [[0.0, 0.0, 0.0], [1.7815782743907893, 0.34851827104464184, 1.297497366701187], [0.8862061440189197, 0.7526059302946826, 1.3082571222896324], [0.7086722904246092, 0.9679653449835317, 1.2455416314236494]]
Save Location: maps/map735/test.txt
