Path: 2439
Path Score: 4.117028608530315
Waypoints: [[1.0, 1.0, 1.0], [12.422424952449036, 7.364456284222653, 4.120550879483655], [21.79639181727039, 14.477895924297679, 6.70148367285092], [29.0, 29.0, 14.0]]
Velocity: [[0.0, 0.0, 0.0], [11.422424952449036, 6.364456284222653, 3.1205508794836554], [9.373966864821353, 7.1134396400750255, 2.580932793367265], [7.20360818272961, 14.522104075702321, 7.29851632714908]]
Attitude: [[0.0, 0.0, 0.0], [0.5554007765856399, 1.0776065097557235, 1.3365284239372268], [0.6791490930956596, 0.9391586343867212, 1.3548865113586057], [1.1535972127018381, 0.6148409412743631, 1.1477501781583583]]
Save Location: maps/map2154/test.txt
