Path: 1339
Path Score: 4.531305563987836
Waypoints: [[1.0, 1.0, 1.0], [3.4670120800623283, 8.98615020457587, 12.766320645476934], [12.704603846584774, 19.922199713463662, 8.33279809450805], [29.0, 29.0, 14.0]]
Velocity: [[0.0, 0.0, 0.0], [2.4670120800623283, 7.986150204575869, 11.766320645476934], [9.237591766522446, 10.936049508887793, -4.433522550968885], [16.295396153415226, 9.077800286536338, 5.66720190549195]]
Attitude: [[0.0, 0.0, 0.0], [1.399024108228292, 0.9844440153430374, 0.6176559127637982], [0.9066257242152378, 0.7528532835784997, 1.8711313012216864], [0.5810873343497762, 1.0864359774071253, 1.2758411019683804]]
Save Location: maps/map65/test.txt
