Path: 612
Path Score: 4.427248427856158
Waypoints: [[1.0, 1.0, 1.0], [1.9869655009534015, 2.3470905443897805, 9.726710653669548], [10.752760318917543, 18.75992942067851, 14.80087523764835], [29.0, 29.0, 14.0]]
Velocity: [[0.0, 0.0, 0.0], [0.9869655009534015, 1.3470905443897805, 8.726710653669548], [8.765794817964142, 16.41283887628873, 5.074164583978803], [18.247239681082455, 10.24007057932149, -0.8008752376483503]]
Attitude: [[0.0, 0.0, 0.0], [1.4594850995761104, 1.4185963426785977, 0.18907565762625306], [1.0989798031372024, 0.5529038353476436, 1.3045678736582145], [0.5126920098124623, 1.0598172007710935, 1.6090527819834075]]
Save Location: maps/map277/test.txt
