Path: 1655
Path Score: 4.094302009372438
Waypoints: [[1.0, 1.0, 1.0], [10.36013664890983, 5.847929453477029, 2.4421408215587084], [20.24894541404868, 13.704934531749169, 10.28792228211892], [29.0, 29.0, 14.0]]
Velocity: [[0.0, 0.0, 0.0], [9.36013664890983, 4.847929453477029, 1.4421408215587084], [9.888808765138851, 7.85700507827214, 7.845781460560212], [8.75105458595132, 15.295065468250831, 3.7120777178810798]]
Attitude: [[0.0, 0.0, 0.0], [0.49541529610661705, 1.0976792558885609, 1.4348290922750935], [0.8431995676801081, 1.0140497830300448, 1.0149386644276828], [1.0633520659267364, 0.5560751825583984, 1.3631766434720947]]
Save Location: maps/map2273/test.txt
