Path: 1562
Path Score: 4.031576475038096
Waypoints: [[1.0, 1.0, 1.0], [5.1328300726842055, 6.167067988359742, 4.338023583503114], [20.225861212634335, 15.04532595668622, 11.643310714362196], [29.0, 29.0, 14.0]]
Velocity: [[0.0, 0.0, 0.0], [4.1328300726842055, 5.167067988359742, 3.338023583503114], [15.09303113995013, 8.878257968326478, 7.305287130859082], [8.774138787365665, 13.95467404331378, 2.3566892856378043]]
Attitude: [[0.0, 0.0, 0.0], [0.9792202736645594, 0.799275207152919, 1.1035589735254734], [0.6509915531829824, 1.0838474427937195, 1.175558555976611], [1.0158144950798451, 0.5771097040965634, 1.4287893660504631]]
Save Location: maps/map2462/test.txt
