Path: 528
Path Score: 4.170895853568716
Waypoints: [[1.0, 1.0, 1.0], [9.981785049321614, 2.094242845092411, 3.906087432644374], [17.427868364228836, 16.4750747584921, 4.825948732556496], [29.0, 29.0, 14.0]]
Velocity: [[0.0, 0.0, 0.0], [8.981785049321614, 1.094242845092411, 2.906087432644374], [7.446083314907222, 14.380831913399687, 0.9198612999121218], [11.572131635771164, 12.524925241507901, 9.174051267443504]]
Attitude: [[0.0, 0.0, 0.0], [0.33286566125405836, 1.4553984883962245, 1.2600245384619229], [1.0938605082114974, 0.4808677970834275, 1.5140554401006623], [0.930265420446883, 0.8673805595008431, 1.0772217983493675]]
Save Location: maps/map1797/test.txt
