Path: 1587
Path Score: 4.0630556467885155
Waypoints: [[1.0, 1.0, 1.0], [5.1328300726842055, 6.167067988359742, 4.338023583503114], [21.79639181727039, 14.477895924297679, 6.70148367285092], [29.0, 29.0, 14.0]]
Velocity: [[0.0, 0.0, 0.0], [4.1328300726842055, 5.167067988359742, 3.338023583503114], [16.663561744586183, 8.310827935937937, 2.3634600893478064], [7.20360818272961, 14.522104075702321, 7.29851632714908]]
Attitude: [[0.0, 0.0, 0.0], [0.9792202736645594, 0.799275207152919, 1.1035589735254734], [0.47835213363253026, 1.1121206417680034, 1.4445473972133946], [1.1535972127018381, 0.6148409412743631, 1.1477501781583583]]
Save Location: maps/map2387/test.txt
