Path: 522
Path Score: 4.09935725176568
Waypoints: [[1.0, 1.0, 1.0], [9.981785049321614, 2.094242845092411, 3.906087432644374], [25.428707168258946, 19.405189246924685, 11.09112041789754], [29.0, 29.0, 14.0]]
Velocity: [[0.0, 0.0, 0.0], [8.981785049321614, 1.094242845092411, 2.906087432644374], [15.446922118937332, 17.310946401832275, 7.185032985253167], [3.5712928317410544, 9.594810753075315, 2.9088795821024593]]
Attitude: [[0.0, 0.0, 0.0], [0.33286566125405836, 1.4553984883962245, 1.2600245384619229], [0.8815015825509707, 0.7773992225212623, 1.2704741741291457], [1.228608075856676, 0.4475659367165343, 1.29396325921033]]
Save Location: maps/map2250/test.txt
