Path: 853
Path Score: 4.313099397833645
Waypoints: [[1.0, 1.0, 1.0], [13.622214221490246, 10.560085107867, 6.307093757900562], [16.596716632096093, 19.215720704642216, 5.13918037419731], [29.0, 29.0, 14.0]]
Velocity: [[0.0, 0.0, 0.0], [12.622214221490246, 9.560085107867, 5.307093757900562], [2.9745024106058473, 8.655635596775216, -1.1679133837032518], [12.403283367903907, 9.784279295357784, 8.86081962580269]]
Attitude: [[0.0, 0.0, 0.0], [0.7138698155414545, 0.9612815674177257, 1.2473929819737224], [1.242553250094174, 0.35366714669191424, 1.6977167663196178], [0.816514821634672, 1.0001521739681158, 1.059633768091095]]
Save Location: maps/map775/test.txt
