Path: 789
Path Score: 4.25726236350013
Waypoints: [[1.0, 1.0, 1.0], [4.844954787942095, 14.493280729732227, 5.905721797057641], [25.428707168258946, 19.405189246924685, 11.09112041789754], [29.0, 29.0, 14.0]]
Velocity: [[0.0, 0.0, 0.0], [3.844954787942095, 13.493280729732227, 4.905721797057641], [20.583752380316852, 4.911908517192458, 5.1853986208399], [3.5712928317410544, 9.594810753075315, 2.9088795821024593]]
Attitude: [[0.0, 0.0, 0.0], [1.3091332202726853, 0.43273101466224884, 1.2344339666278068], [0.3339967160203393, 1.3433980099447156, 1.3304942293146138], [1.228608075856676, 0.4475659367165343, 1.29396325921033]]
Save Location: maps/map1149/test.txt
