Path: 2476
Path Score: 4.338533540176723
Waypoints: [[1.0, 1.0, 1.0], [12.386106231445222, 1.1077460717588705, 7.4490524792482224], [29.619779005927043, 16.055162190531664, 11.240498068360214], [29.0, 29.0, 14.0]]
Velocity: [[0.0, 0.0, 0.0], [11.386106231445222, 0.10774607175887052, 6.4490524792482224], [17.23367277448182, 14.947416118772793, 3.7914455891119916], [-0.6197790059270432, 12.944837809468336, 2.759501931639786]]
Attitude: [[0.0, 0.0, 0.0], [0.5154044449224107, 1.562562589250552, 1.0554709245652716], [0.7299374672029161, 0.8679997476288255, 1.4061036566393277], [1.6175884678130226, 0.21510429880291476, 1.3609995351376978]]
Save Location: maps/map639/test.txt
