Path: 229
Path Score: 4.383750302137348
Waypoints: [[1.0, 1.0, 1.0], [0.2429086269009595, 4.401009458247564, 1.9766829018839305], [6.803540171460348, 14.986108967467457, 7.016293265321109], [29.0, 29.0, 14.0]]
Velocity: [[0.0, 0.0, 0.0], [-0.7570913730990405, 3.4010094582475636, 0.9766829018839305], [6.560631544559389, 10.585099509219894, 5.039610363437179], [22.196459828539652, 14.013891032532543, 6.983706734678891]]
Attitude: [[0.0, 0.0, 0.0], [1.7815782743907893, 0.34851827104464184, 1.297497366701187], [1.0606045151163714, 0.6633913698894721, 1.1862630967213876], [0.6143483038191632, 1.0287232958415906, 1.3107752198016678]]
Save Location: maps/map420/test.txt
