Path: 492
Path Score: 4.266606074267072
Waypoints: [[1.0, 1.0, 1.0], [11.29885047226655, 13.922680563011099, 6.0742347128672325], [18.295648198935922, 21.67677091998945, 14.790388562251113], [29.0, 29.0, 14.0]]
Velocity: [[0.0, 0.0, 0.0], [10.29885047226655, 12.922680563011099, 5.0742347128672325], [6.996797726669373, 7.754090356978352, 8.71615384938388], [10.704351801064078, 7.323229080010549, -0.7903885622511133]]
Attitude: [[0.0, 0.0, 0.0], [0.932550665210745, 0.7263919285052141, 1.2728643435485965], [1.0305562227644827, 0.9642767318096017, 0.8753429618443918], [0.6027006201753293, 0.9720633967168617, 1.6316622645059446]]
Save Location: maps/map1079/test.txt
