Path: 809
Path Score: 4.164758386571196
Waypoints: [[1.0, 1.0, 1.0], [4.844954787942095, 14.493280729732227, 5.905721797057641], [22.592720703848663, 25.526803242435573, 12.228206346267022], [29.0, 29.0, 14.0]]
Velocity: [[0.0, 0.0, 0.0], [3.844954787942095, 13.493280729732227, 4.905721797057641], [17.74776591590657, 11.033522512703346, 6.322484549209381], [6.407279296151337, 3.473196757564427, 1.7717936537329777]]
Attitude: [[0.0, 0.0, 0.0], [1.3091332202726853, 0.43273101466224884, 1.2344339666278068], [0.621727047124049, 1.0410070106872344, 1.2770092735830045], [0.5466676487799201, 1.0893405550292934, 1.3323147563268598]]
Save Location: maps/map1845/test.txt
