# Note +ve X is north
# Note +ve Y is West
# x, y, height
# waypoints
G: (4.0,-2.0,10)
G: (20.940746633290022,-6.392752922834177,10)
G: (38.6297652411975,-1.6147444545132146,10)
G: (57.35945728824372,-5.613416821821438,10)
G: (45.77453895679483,6.0159335350505785,10)
G: (60.08248616105008,-2.4609927479158813,10)
G: (78.71383361548259,-5.370542979667455,10)
G: (96.0,-2.0,10)


# wall segments
# x1, y1, x2, y2, z
W: (96.0,-9.200000000000003,0.0,-9.200000000000003,30)
W: (0.0,5.200000000000003,28.0,5.200000000000003,30)
W: (28.0,5.200000000000003,48.0,13.200000000000003,30)
W: (48.0,13.200000000000003,84.0,1.2000000000000028,30)
W: (84.0,1.2000000000000028,96.0,5.200000000000003,30)


# environment settings
R: (0)
D: (1)
