Path: 1148
Path Score: 4.001706216927667
Waypoints: [[1.0, 1.0, 1.0], [7.244355243304841, 4.686769508950413, 5.732290508395203], [21.391366360934747, 19.016584990160858, 9.132275513596717], [29.0, 29.0, 14.0]]
Velocity: [[0.0, 0.0, 0.0], [6.244355243304841, 3.6867695089504133, 4.732290508395203], [14.147011117629905, 14.329815481210446, 3.399985005201514], [7.608633639065253, 9.983415009839142, 4.867724486403283]]
Attitude: [[0.0, 0.0, 0.0], [0.7653529368027897, 1.1309818444795048, 0.9925991767107255], [0.8055042057107967, 0.7930166579198763, 1.403527710660915], [0.9701837951063373, 0.7354334851728955, 1.20085483013767]]
Save Location: maps/map2496/test.txt
