Path: 1261
Path Score: 4.277217763551638
Waypoints: [[1.0, 1.0, 1.0], [11.681123338592288, 14.089788280863255, 4.111381059339743], [27.023031540575225, 26.139947830000704, 4.9142371097790845], [29.0, 29.0, 14.0]]
Velocity: [[0.0, 0.0, 0.0], [10.681123338592288, 13.089788280863255, 3.1113810593397426], [15.341908201982937, 12.05015954913745, 0.8028560504393418], [1.976968459424775, 2.860052169999296, 9.085762890220916]]
Attitude: [[0.0, 0.0, 0.0], [0.8998039769895753, 0.7044384319041941, 1.3886732407031834], [0.6668761361902138, 0.9056603735067467, 1.5296653125695465], [1.3661521755253414, 1.2723938308940435, 0.36547561687498886]]
Save Location: maps/map1014/test.txt
