Path: 679
Path Score: 4.172502292327331
Waypoints: [[1.0, 1.0, 1.0], [7.279071891786115, 11.99037003440958, 7.619831722996372], [14.43692874246404, 21.36894668574859, 11.322509376936443], [29.0, 29.0, 14.0]]
Velocity: [[0.0, 0.0, 0.0], [6.279071891786115, 10.99037003440958, 6.619831722996372], [7.157856850677925, 9.37857665133901, 3.7026776539400714], [14.56307125753596, 7.63105331425141, 2.677490623063557]]
Attitude: [[0.0, 0.0, 0.0], [1.115662030937802, 0.6928797362779866, 1.088924427386206], [0.9534626685634369, 0.7098573630945335, 1.2666914617329672], [0.5069175043207065, 1.0949344880442036, 1.4093618733327953]]
Save Location: maps/map1785/test.txt
