Path: 308
Path Score: 4.0933558524853595
Waypoints: [[1.0, 1.0, 1.0], [11.62421921707525, 9.637940007438962, 4.108292062461251], [19.150517884687012, 16.221567393022806, 9.065163787729501], [29.0, 29.0, 14.0]]
Velocity: [[0.0, 0.0, 0.0], [10.62421921707525, 8.637940007438962, 3.108292062461251], [7.526298667611762, 6.583627385583844, 4.95687172526825], [9.849482115312988, 12.778432606977194, 4.934836212270499]]
Attitude: [[0.0, 0.0, 0.0], [0.7126112608988734, 0.9081638967287853, 1.3475745118170808], [0.8306976023750804, 0.9398651626514833, 1.1105836805791443], [0.9474095871230266, 0.7114898316461911, 1.2739640805957166]]
Save Location: maps/map2276/test.txt
