Path: 1519
Path Score: 4.5800850230767916
Waypoints: [[1.0, 1.0, 1.0], [0.8300875511549277, 1.6500330013832676, 11.560854587793756], [11.40378861351021, 23.288761880938765, 11.804403224732908], [29.0, 29.0, 14.0]]
Velocity: [[0.0, 0.0, 0.0], [-0.16991244884507228, 0.6500330013832676, 10.560854587793756], [10.573701062355283, 21.638728879555497, 0.24354863693915263], [17.59621138648979, 5.711238119061235, 2.1955967752670915]]
Attitude: [[0.0, 0.0, 0.0], [1.5868534482018404, 1.5093306408644638, 0.06353355267918272], [1.1162972393155532, 0.4546286893566376, 1.560684193784185], [0.33465120952432154, 1.2592127196021017, 1.4526670982553629]]
Save Location: maps/map32/test.txt
