Path: 1075
Path Score: 4.0730739900217765
Waypoints: [[1.0, 1.0, 1.0], [5.124139793286082, 11.529276214212281, 3.1169525438428494], [20.610598369444524, 19.278006681353382, 8.827928443474919], [29.0, 29.0, 14.0]]
Velocity: [[0.0, 0.0, 0.0], [4.124139793286082, 10.529276214212281, 2.1169525438428494], [15.486458576158443, 7.748730467141101, 5.71097589963207], [8.389401630555476, 9.721993318646618, 5.172071556525081]]
Attitude: [[0.0, 0.0, 0.0], [1.2041596665548568, 0.4147337109116922, 1.3857324418142094], [0.5561284416175132, 1.1318848918785311, 1.2522354148626784], [0.919766086046802, 0.7922213235648208, 1.1879058042443305]]
Save Location: maps/map2358/test.txt
