Path: 2006
Path Score: 4.237218595819322
Waypoints: [[1.0, 1.0, 1.0], [1.6574939373145603, 7.640942564656317, 6.853106441814953], [16.596716632096093, 19.215720704642216, 5.13918037419731], [29.0, 29.0, 14.0]]
Velocity: [[0.0, 0.0, 0.0], [0.6574939373145603, 6.640942564656317, 5.853106441814953], [14.939222694781533, 11.574778139985899, -1.7139260676176429], [12.403283367903907, 9.784279295357784, 8.86081962580269]]
Attitude: [[0.0, 0.0, 0.0], [1.4966576018134188, 0.7255359120981532, 0.8507902510389312], [0.6644370336857904, 0.9147795942260499, 1.6612396995860645], [0.816514821634672, 1.0001521739681158, 1.059633768091095]]
Save Location: maps/map1282/test.txt
