Path: 673
Path Score: 4.237283833262893
Waypoints: [[1.0, 1.0, 1.0], [7.279071891786115, 11.99037003440958, 7.619831722996372], [26.70124871286478, 19.147010920760337, 12.70089468843873], [29.0, 29.0, 14.0]]
Velocity: [[0.0, 0.0, 0.0], [6.279071891786115, 10.99037003440958, 6.619831722996372], [19.422176821078665, 7.156640886350758, 5.081062965442358], [2.2987512871352216, 9.852989079239663, 1.29910531156127]]
Attitude: [[0.0, 0.0, 0.0], [1.115662030937802, 0.6928797362779866, 1.088924427386206], [0.4244354187083858, 1.2283596722854742, 1.3300793572067533], [1.3434906352786418, 0.26183169500923487, 1.4430944105763563]]
Save Location: maps/map1281/test.txt
