Path: 940
Path Score: 4.398855033615579
Waypoints: [[1.0, 1.0, 1.0], [7.03200889148945, 11.212381035806049, 2.4091861245466912], [8.771088292754062, 26.539304194177095, 7.14949085870386], [29.0, 29.0, 14.0]]
Velocity: [[0.0, 0.0, 0.0], [6.03200889148945, 10.212381035806049, 1.4091861245466912], [1.739079401264612, 15.326923158371047, 4.740304734157169], [20.22891170724594, 2.4606958058229047, 6.85050914129614]]
Attitude: [[0.0, 0.0, 0.0], [1.0413956223611207, 0.5452295055399751, 1.4525400011168248], [1.4628183251539257, 0.3182392065681851, 1.2726487580603167], [0.3454083995920205, 1.4560869507378023, 1.2464936894313159]]
Save Location: maps/map364/test.txt
