Path: 2014
Path Score: 4.29378844215768
Waypoints: [[1.0, 1.0, 1.0], [1.6574939373145603, 7.640942564656317, 6.853106441814953], [8.326355677599059, 21.007879601570398, 11.349606769497015], [29.0, 29.0, 14.0]]
Velocity: [[0.0, 0.0, 0.0], [0.6574939373145603, 6.640942564656317, 5.853106441814953], [6.668861740284498, 13.36693703691408, 4.496500327682062], [20.67364432240094, 7.992120398429602, 2.650393230502985]]
Attitude: [[0.0, 0.0, 0.0], [1.4966576018134188, 0.7255359120981532, 0.8507902510389312], [1.1290876394343214, 0.5416829605102433, 1.278415406953993], [0.3867733775955384, 1.2046409482682174, 1.4517841548325077]]
Save Location: maps/map906/test.txt
