Path: 154
Path Score: 4.461551155677617
Waypoints: [[1.0, 1.0, 1.0], [0.8689948832512862, 4.64282219210965, 7.776103442790986], [5.071981601234553, 16.0705067071635, 8.253409506893876], [29.0, 29.0, 14.0]]
Velocity: [[0.0, 0.0, 0.0], [-0.13100511674871385, 3.6428221921096497, 6.776103442790986], [4.202986717983267, 11.42768451505385, 0.47730606410288967], [23.928018398765445, 12.9294932928365, 5.746590493106124]]
Attitude: [[0.0, 0.0, 0.0], [1.5878233126910848, 1.077602275761293, 0.4935415452562085], [1.2186440369566889, 0.35451529486515904, 1.5316161006989804], [0.5340100961639119, 1.0870281697948079, 1.362570299726199]]
Save Location: maps/map190/test.txt
