Path: 185
Path Score: 4.357482372127789
Waypoints: [[1.0, 1.0, 1.0], [0.8689948832512862, 4.64282219210965, 7.776103442790986], [17.142077840697404, 12.866671640253438, 8.671369517017055], [29.0, 29.0, 14.0]]
Velocity: [[0.0, 0.0, 0.0], [-0.13100511674871385, 3.6428221921096497, 6.776103442790986], [16.273082957446118, 8.223849448143788, 0.8952660742260692], [11.857922159302596, 16.133328359746564, 5.328630482982945]]
Attitude: [[0.0, 0.0, 0.0], [1.5878233126910848, 1.077602275761293, 0.4935415452562085], [0.4703059819218733, 1.103473801177424, 1.5217345110089926], [0.9614723836846367, 0.6782653453057865, 1.3106912242211473]]
Save Location: maps/map540/test.txt
