# Note +ve X is north
# Note +ve Y is West
# x, y, height
# waypoints
G: (11.0,-17.0,15)
G: (14.862785333090045,-16.247763394737213,15)
G: (17.4825589012537,-13.689779343973964,15)
G: (20.324331897529145,-12.553274355277628,15)
G: (23.44802778864661,-13.008056935531288,15)
G: (26.031548294037496,-14.949698838443295,15)
G: (29.0,-17.0,15)


# wall segments
# x1, y1, x2, y2, z
W: (40.0,-14.6,26.0,-8.600000000000001,3)
W: (26.0,-8.600000000000001,16.0,-8.600000000000001,3)
W: (16.0,-8.600000000000001,4.0,-14.6,3)
W: (4.0,-14.6,0.0,-14.6,3)
W: (0.0,-7.399999999999999,14.0,-1.3999999999999986,3)
W: (14.0,-1.3999999999999986,26.0,0.6000000000000014,3)
W: (26.0,0.6000000000000014,40.0,-7.399999999999999,3)


# environment settings
R: (0)
D: (1)
