Path: 2359
Path Score: 4.352776177707761
Waypoints: [[1.0, 1.0, 1.0], [2.7823021602657514, 3.2626923788090734, 6.811174955232296], [4.741607970860676, 20.312016916218365, 10.401134851825734], [29.0, 29.0, 14.0]]
Velocity: [[0.0, 0.0, 0.0], [1.7823021602657514, 2.2626923788090734, 5.811174955232296], [1.959305810594925, 17.04932453740929, 3.589959896593438], [24.258392029139323, 8.687983083781635, 3.5988651481742657]]
Attitude: [[0.0, 0.0, 0.0], [1.2924157480158258, 1.2144350237412072, 0.46016632051788314], [1.4588128307593078, 0.2354334996017695, 1.3645835074809747], [0.3698186467173986, 1.2303260930621542, 1.4320257768829774]]
Save Location: maps/map566/test.txt
