Path: 1039
Path Score: 4.260313608045078
Waypoints: [[1.0, 1.0, 1.0], [5.124139793286082, 11.529276214212281, 3.1169525438428494], [8.962504318780672, 19.70715034496878, 6.76140850408924], [29.0, 29.0, 14.0]]
Velocity: [[0.0, 0.0, 0.0], [4.124139793286082, 10.529276214212281, 2.1169525438428494], [3.8383645254945904, 8.1778741307565, 3.6444559602463906], [20.037495681219326, 9.292849655031219, 7.23859149591076]]
Attitude: [[0.0, 0.0, 0.0], [1.2041596665548568, 0.4147337109116922, 1.3857324418142094], [1.1657836388462468, 0.5744223691880229, 1.1873437040294768], [0.5314510518725527, 1.159491135048408, 1.2541033357169327]]
Save Location: maps/map1135/test.txt
