Path: 1786
Path Score: 4.300897745469704
Waypoints: [[1.0, 1.0, 1.0], [5.8300877579373775, 12.986927175779844, 2.2883830638241456], [19.747287023046923, 29.82416487797133, 10.432454096489826], [29.0, 29.0, 14.0]]
Velocity: [[0.0, 0.0, 0.0], [4.8300877579373775, 11.986927175779844, 1.2883830638241456], [13.917199265109545, 16.837237702191487, 8.14407103266568], [9.252712976953077, -0.8241648779713309, 3.567545903510174]]
Attitude: [[0.0, 0.0, 0.0], [1.1897394258126446, 0.3951048953544142, 1.471431398260883], [0.9310828335111389, 0.7637925931422598, 1.2139376735070497], [0.3768134483966241, 1.6537149137271474, 1.2041176775046736]]
Save Location: maps/map861/test.txt
