Path: 42
Path Score: 4.187310829916299
Waypoints: [[1.0, 1.0, 1.0], [8.883832853990807, 7.619820070167713, 5.821889119101872], [25.79209058027837, 11.910847199982666, 9.017382596249654], [29.0, 29.0, 14.0]]
Velocity: [[0.0, 0.0, 0.0], [7.883832853990807, 6.619820070167713, 4.821889119101872], [16.908257726287562, 4.291027129814952, 3.1954934771477816], [3.2079094197216307, 17.089152800017334, 4.982617403750346]]
Attitude: [[0.0, 0.0, 0.0], [0.8044304960935175, 0.9492050844908356, 1.1327513067607105], [0.306454155712037, 1.326411996071498, 1.3896218793009951], [1.3924977157249556, 0.3337927357398629, 1.2917140564701521]]
Save Location: maps/map1665/test.txt
