# Note +ve X is north
# Note +ve Y is West
# x, y, height
# waypoints
G: (11.0,-17.0,15)
G: (14.626192843679052,-17.82209168732468,15)
G: (18.161345161229384,-18.617010464136538,15)
G: (21.932453359104972,-18.472791518865346,15)
G: (25.37306933767708,-16.9569142962099,15)
G: (29.0,-17.0,15)


# wall segments
# x1, y1, x2, y2, z
W: (40.0,-14.6,16.0,-18.6,3)
W: (16.0,-18.6,0.0,-14.6,3)
W: (0.0,-7.399999999999999,18.4,-11.0,3)
W: (18.4,-11.0,34.0,-7.399999999999999,3)
W: (34.0,-7.399999999999999,40.0,-7.399999999999999,3)


# environment settings
R: (0)
D: (1)
