Path: 803
Path Score: 4.28797217820507
Waypoints: [[1.0, 1.0, 1.0], [4.844954787942095, 14.493280729732227, 5.905721797057641], [14.46706287539074, 21.68231868352074, 5.395598205098573], [29.0, 29.0, 14.0]]
Velocity: [[0.0, 0.0, 0.0], [3.844954787942095, 13.493280729732227, 4.905721797057641], [9.622108087448645, 7.189037953788514, -0.5101235919590676], [14.53293712460926, 7.317681316479259, 8.604401794901428]]
Attitude: [[0.0, 0.0, 0.0], [1.3091332202726853, 0.43273101466224884, 1.2344339666278068], [0.6428711264120199, 0.9298024809837823, 1.6132417278589755], [0.6606967282577116, 1.161934980212726, 1.0843680323639853]]
Save Location: maps/map945/test.txt
