Path: 467
Path Score: 4.299137280266747
Waypoints: [[1.0, 1.0, 1.0], [11.29885047226655, 13.922680563011099, 6.0742347128672325], [26.287300151641748, 16.492398494138193, 13.77497605122596], [29.0, 29.0, 14.0]]
Velocity: [[0.0, 0.0, 0.0], [10.29885047226655, 12.922680563011099, 5.0742347128672325], [14.988449679375199, 2.5697179311270943, 7.700741338358727], [2.712699848358252, 12.507601505861807, 0.22502394877404086]]
Attitude: [[0.0, 0.0, 0.0], [0.932550665210745, 0.7263919285052141, 1.2728643435485965], [0.4963937481764128, 1.4194654429174258, 1.102049885893019], [1.3572535290988061, 0.21428765206758904, 1.553215933347118]]
Save Location: maps/map872/test.txt
