Path: 537
Path Score: 4.147854129724866
Waypoints: [[1.0, 1.0, 1.0], [9.981785049321614, 2.094242845092411, 3.906087432644374], [22.48463544099993, 22.910796544751268, 5.995441400636155], [29.0, 29.0, 14.0]]
Velocity: [[0.0, 0.0, 0.0], [8.981785049321614, 1.094242845092411, 2.906087432644374], [12.502850391678317, 20.816553699658858, 2.089353967991781], [6.515364559000069, 6.089203455248732, 8.004558599363845]]
Attitude: [[0.0, 0.0, 0.0], [0.33286566125405836, 1.4553984883962245, 1.2600245384619229], [1.0321302237221275, 0.5469738502754418, 1.4849648705737302], [0.9959567092637175, 1.0377754035517597, 0.8393162236524304]]
Save Location: maps/map1955/test.txt
