Path: 1870
Path Score: 4.263317467882014
Waypoints: [[1.0, 1.0, 1.0], [5.142904841761517, 4.732071187514425, 9.090826078056057], [12.613060744395664, 17.548051480031873, 8.080005726347148], [29.0, 29.0, 14.0]]
Velocity: [[0.0, 0.0, 0.0], [4.142904841761517, 3.732071187514425, 8.090826078056057], [7.470155902634147, 12.815980292517448, -1.0108203517089098], [16.386939255604336, 11.451948519968127, 5.919994273652852]]
Attitude: [[0.0, 0.0, 0.0], [1.1355654236864037, 1.1812058528805445, 0.6034260736599171], [1.0444095042958244, 0.5316906224059804, 1.6388325058026991], [0.6665783723714116, 0.989326980912511, 1.28290425102486]]
Save Location: maps/map1106/test.txt
