Path: 138
Path Score: 4.247468410910141
Waypoints: [[1.0, 1.0, 1.0], [1.4054990619177365, 2.018923329900705, 5.290815032320245], [6.351589522056588, 15.595530052506257, 9.804307665027011], [29.0, 29.0, 14.0]]
Velocity: [[0.0, 0.0, 0.0], [0.40549906191773655, 1.018923329900705, 4.290815032320245], [4.946090460138851, 13.576606722605552, 4.5134926327067655], [22.64841047794341, 13.404469947493743, 4.195692334972989]]
Attitude: [[0.0, 0.0, 0.0], [1.479107067399564, 1.338645930601151, 0.2502235615876531], [1.237951578920248, 0.4581894894396909, 1.2680360635281314], [0.5551154872057305, 1.0437555844404118, 1.4127030288890532]]
Save Location: maps/map1208/test.txt
