Path: 107
Path Score: 4.3460775791803545
Waypoints: [[1.0, 1.0, 1.0], [6.844542921659472, 12.575654287568902, 0.7512941296865822], [10.30043474338533, 16.763297732058618, 6.875926560339274], [29.0, 29.0, 14.0]]
Velocity: [[0.0, 0.0, 0.0], [5.844542921659472, 11.575654287568902, -0.24870587031341784], [3.4558918217258574, 4.187643444489716, 6.124632430652692], [18.69956525661467, 12.236702267941382, 7.124073439660726]]
Attitude: [[0.0, 0.0, 0.0], [1.103329579532339, 0.4679236243581791, 1.5899732357353402], [1.1348881908415063, 1.0337065384412607, 0.7253081313484765], [0.6480970733888322, 1.0219569516917306, 1.2621948308972217]]
Save Location: maps/map595/test.txt
