Path: 848
Path Score: 4.2444385786120655
Waypoints: [[1.0, 1.0, 1.0], [13.622214221490246, 10.560085107867, 6.307093757900562], [15.44249175683154, 18.284183195920107, 9.161844399110448], [29.0, 29.0, 14.0]]
Velocity: [[0.0, 0.0, 0.0], [12.622214221490246, 9.560085107867, 5.307093757900562], [1.8202775353412939, 7.724098088053108, 2.854750641209886], [13.55750824316846, 10.715816804079893, 4.838155600889552]]
Attitude: [[0.0, 0.0, 0.0], [0.7138698155414545, 0.9612815674177257, 1.2473929819737224], [1.353246619392475, 0.4131072142069266, 1.2254745946232828], [0.714409075190648, 0.9308782745117469, 1.2978165450117953]]
Save Location: maps/map1231/test.txt
