Path: 1761
Path Score: 4.1736175597788545
Waypoints: [[1.0, 1.0, 1.0], [10.805725952785512, 11.283487147150078, 0.7484718343695662], [21.78645601699983, 26.938246068819566, 10.468055210066508], [29.0, 29.0, 14.0]]
Velocity: [[0.0, 0.0, 0.0], [9.805725952785512, 10.283487147150078, -0.2515281656304338], [10.980730064214317, 15.654758921669488, 9.719583375696942], [7.2135439830001715, 2.0617539311804336, 3.531944789933492]]
Attitude: [[0.0, 0.0, 0.0], [0.8093250089126587, 0.7617849255869302, 1.5884962164824006], [1.0333856242746253, 0.7527477578648525, 1.1005345137444864], [0.5157591343381982, 1.3195229300441227, 1.1308007241554319]]
Save Location: maps/map1774/test.txt
