Path: 549
Path Score: 4.0933820496818605
Waypoints: [[1.0, 1.0, 1.0], [9.981785049321614, 2.094242845092411, 3.906087432644374], [20.852071857601725, 15.195208825034904, 7.612944235060696], [29.0, 29.0, 14.0]]
Velocity: [[0.0, 0.0, 0.0], [8.981785049321614, 1.094242845092411, 2.906087432644374], [10.870286808280111, 13.100965979942492, 3.706856802416322], [8.147928142398275, 13.804791174965096, 6.387055764939304]]
Attitude: [[0.0, 0.0, 0.0], [0.33286566125405836, 1.4553984883962245, 1.2600245384619229], [0.8970389328378939, 0.7197629495720604, 1.3563933414551683], [1.0790221355094318, 0.643470475899189, 1.1916321938329075]]
Save Location: maps/map2275/test.txt
