Path: 1982
Path Score: 4.178265273937821
Waypoints: [[1.0, 1.0, 1.0], [7.908661902969909, 13.249370598681029, 5.122888052721978], [21.595430679697905, 24.032909211980147, 6.078853224688489], [29.0, 29.0, 14.0]]
Velocity: [[0.0, 0.0, 0.0], [6.908661902969909, 12.249370598681029, 4.122888052721978], [13.686768776727996, 10.783538613299118, 0.9559651719665112], [7.404569320302095, 4.967090788019853, 7.921146775311511]]
Attitude: [[0.0, 0.0, 0.0], [1.0799032623057099, 0.5811391675180452, 1.2856207472042467], [0.6692107891382494, 0.9046716526302421, 1.5159879191829373], [0.9009774146927041, 1.1412360805544841, 0.8444306588818015]]
Save Location: maps/map1737/test.txt
