Path: 1319
Path Score: 4.504754718702208
Waypoints: [[1.0, 1.0, 1.0], [3.4670120800623283, 8.98615020457587, 12.766320645476934], [8.326355677599059, 21.007879601570398, 11.349606769497015], [29.0, 29.0, 14.0]]
Velocity: [[0.0, 0.0, 0.0], [2.4670120800623283, 7.986150204575869, 11.766320645476934], [4.85934359753673, 12.021729396994528, -1.4167138759799194], [20.67364432240094, 7.992120398429602, 2.650393230502985]]
Attitude: [[0.0, 0.0, 0.0], [1.399024108228292, 0.9844440153430374, 0.6176559127637982], [1.189053096683647, 0.3985131876935271, 1.679622561408348], [0.3867733775955384, 1.2046409482682174, 1.4517841548325077]]
Save Location: maps/map109/test.txt
