Path: 2233
Path Score: 4.157306768197344
Waypoints: [[1.0, 1.0, 1.0], [5.7591996310330025, 10.496060591014656, 1.1961851557501069], [14.46706287539074, 21.68231868352074, 5.395598205098573], [29.0, 29.0, 14.0]]
Velocity: [[0.0, 0.0, 0.0], [4.7591996310330025, 9.496060591014656, 0.19618515575010687], [8.707863244357737, 11.186258092506085, 4.1994130493484665], [14.53293712460926, 7.317681316479259, 8.604401794901428]]
Attitude: [[0.0, 0.0, 0.0], [1.1062936554501903, 0.46492826404694765, 1.5523285842779897], [0.9410142866722782, 0.7127012253063126, 1.282798345330346], [0.6606967282577116, 1.161934980212726, 1.0843680323639853]]
Save Location: maps/map1900/test.txt
