Path: 628
Path Score: 4.236721101219796
Waypoints: [[1.0, 1.0, 1.0], [12.65259495451803, 15.504691539838976, 1.3902173466937446], [21.908711729896172, 25.238135856299944, 5.545207600887396], [29.0, 29.0, 14.0]]
Velocity: [[0.0, 0.0, 0.0], [11.65259495451803, 14.504691539838976, 0.39021734669374464], [9.256116775378143, 9.733444316460968, 4.154990254193652], [7.091288270103828, 3.7618641437000555, 8.454792399112604]]
Attitude: [[0.0, 0.0, 0.0], [0.8941821376993422, 0.6770644370273821, 1.5498263094141658], [0.8521897100874452, 0.806144000407308, 1.270794957248671], [0.9169442204311326, 1.2422469685705426, 0.7594689249536318]]
Save Location: maps/map1287/test.txt
