Path: 2250
Path Score: 4.176835299446077
Waypoints: [[1.0, 1.0, 1.0], [5.7591996310330025, 10.496060591014656, 1.1961851557501069], [24.29282605726432, 17.273783965333514, 9.528106741585457], [29.0, 29.0, 14.0]]
Velocity: [[0.0, 0.0, 0.0], [4.7591996310330025, 9.496060591014656, 0.19618515575010687], [18.53362642623132, 6.7777233743188585, 8.33192158583535], [4.707173942735679, 11.726216034666486, 4.471893258414543]]
Attitude: [[0.0, 0.0, 0.0], [1.1062936554501903, 0.46492826404694765, 1.5523285842779897], [0.5252204245456522, 1.2488563693676635, 1.1712908994699454], [1.2119605623526288, 0.5056733733733509, 1.2306436859371142]]
Save Location: maps/map1752/test.txt
