Path: 2369
Path Score: 4.217732205058695
Waypoints: [[1.0, 1.0, 1.0], [2.7823021602657514, 3.2626923788090734, 6.811174955232296], [7.976694836660609, 10.929766397758005, 9.409001445334173], [29.0, 29.0, 14.0]]
Velocity: [[0.0, 0.0, 0.0], [1.7823021602657514, 2.2626923788090734, 5.811174955232296], [5.194392676394858, 7.667074018948932, 2.597826490101877], [21.02330516333939, 18.070233602241995, 4.590998554665827]]
Attitude: [[0.0, 0.0, 0.0], [1.2924157480158258, 1.2144350237412072, 0.46016632051788314], [1.0003056598278015, 0.6482822659103386, 1.2973118444012415], [0.7254969031588144, 0.8722868357785716, 1.4066777616859754]]
Save Location: maps/map1421/test.txt
