Path: 150
Path Score: 4.3512116401431395
Waypoints: [[1.0, 1.0, 1.0], [0.8689948832512862, 4.64282219210965, 7.776103442790986], [16.72641038031882, 15.264827052821502, 13.846194206338602], [29.0, 29.0, 14.0]]
Velocity: [[0.0, 0.0, 0.0], [-0.13100511674871385, 3.6428221921096497, 6.776103442790986], [15.857415497067535, 10.622004860711852, 6.070090763547616], [12.273589619681179, 13.735172947178498, 0.15380579366139813]]
Attitude: [[0.0, 0.0, 0.0], [1.5878233126910848, 1.077602275761293, 0.4935415452562085], [0.6571234779922462, 1.0117815052004901, 1.262876969451922], [0.8415660736191315, 0.7293004114667039, 1.5624465811421142]]
Save Location: maps/map579/test.txt
