Path: 1920
Path Score: 4.046560910790852
Waypoints: [[1.0, 1.0, 1.0], [8.469661386104097, 5.59096684474812, 2.5279558793890997], [20.24894541404868, 13.704934531749169, 10.28792228211892], [29.0, 29.0, 14.0]]
Velocity: [[0.0, 0.0, 0.0], [7.469661386104097, 4.59096684474812, 1.5279558793890997], [11.779284027944584, 8.113967687001049, 7.7599664027298205], [8.75105458595132, 15.295065468250831, 3.7120777178810798]]
Attitude: [[0.0, 0.0, 0.0], [0.5747996990566772, 1.0288000156137393, 1.3982583619310816], [0.7614128734328925, 1.0487897482230397, 1.0737101850399207], [1.0633520659267364, 0.5560751825583984, 1.3631766434720947]]
Save Location: maps/map2433/test.txt
