Path: 1428
Path Score: 4.272993309952331
Waypoints: [[1.0, 1.0, 1.0], [10.074445050749116, 1.0357225832720962, 9.412027835082272], [25.89146789512382, 17.947079052650324, 10.291630941969098], [29.0, 29.0, 14.0]]
Velocity: [[0.0, 0.0, 0.0], [9.074445050749116, 0.03572258327209621, 8.412027835082272], [15.817022844374705, 16.911356469378227, 0.879603106886826], [3.108532104876179, 11.052920947349676, 3.708369058030902]]
Attitude: [[0.0, 0.0, 0.0], [0.7475390695972799, 1.5679093516700198, 0.8232656157544957], [0.819496426486689, 0.7527440474286305, 1.5328276164312906], [1.3102246373088302, 0.4126571490004325, 1.2583924394013435]]
Save Location: maps/map1035/test.txt
