Path: 281
Path Score: 4.187400658898393
Waypoints: [[1.0, 1.0, 1.0], [10.236205802881091, 6.726958385030271, 8.616461550781413], [20.852071857601725, 15.195208825034904, 7.612944235060696], [29.0, 29.0, 14.0]]
Velocity: [[0.0, 0.0, 0.0], [9.236205802881091, 5.726958385030271, 7.616461550781413], [10.615866054720634, 8.468250440004631, -1.0035173157207167], [8.147928142398275, 13.804791174965096, 6.387055764939304]]
Attitude: [[0.0, 0.0, 0.0], [0.801018365502451, 1.1245932303302049, 0.9595076706588436], [0.676737195881482, 0.8996282408312332, 1.6445606637820016], [1.0790221355094318, 0.643470475899189, 1.1916321938329075]]
Save Location: maps/map1663/test.txt
