Path: 808
Path Score: 4.163135948897713
Waypoints: [[1.0, 1.0, 1.0], [4.844954787942095, 14.493280729732227, 5.905721797057641], [18.987168424161545, 21.350324413129044, 10.434584031210562], [29.0, 29.0, 14.0]]
Velocity: [[0.0, 0.0, 0.0], [3.844954787942095, 13.493280729732227, 4.905721797057641], [14.14221363621945, 6.857043683396817, 4.528862234152921], [10.012831575838455, 7.649675586870956, 3.565415968789438]]
Attitude: [[0.0, 0.0, 0.0], [1.3091332202726853, 0.43273101466224884, 1.2344339666278068], [0.5263854543021719, 1.1382026853167952, 1.29024419613228], [0.7003550436294252, 0.9469578898565721, 1.2950479413160163]]
Save Location: maps/map1865/test.txt
