Path: 1826
Path Score: 4.308977958362313
Waypoints: [[1.0, 1.0, 1.0], [5.8300877579373775, 12.986927175779844, 2.2883830638241456], [17.142077840697404, 12.866671640253438, 8.671369517017055], [29.0, 29.0, 14.0]]
Velocity: [[0.0, 0.0, 0.0], [4.8300877579373775, 11.986927175779844, 1.2883830638241456], [11.311990082760026, -0.12025553552640567, 6.38298645319291], [11.857922159302596, 16.133328359746564, 5.328630482982945]]
Attitude: [[0.0, 0.0, 0.0], [1.1897394258126446, 0.3951048953544142, 1.471431398260883], [0.5138069362449054, 1.5800546096868129, 1.0570895210572826], [0.9614723836846367, 0.6782653453057865, 1.3106912242211473]]
Save Location: maps/map801/test.txt
