Path: 767
Path Score: 4.085308827458148
Waypoints: [[1.0, 1.0, 1.0], [12.697608925444278, 6.8811022717284045, 6.207161753256], [20.610598369444524, 19.278006681353382, 8.827928443474919], [29.0, 29.0, 14.0]]
Velocity: [[0.0, 0.0, 0.0], [11.697608925444278, 5.8811022717284045, 5.207161753256], [7.912989444000246, 12.396904409624977, 2.620766690218919], [8.389401630555476, 9.721993318646618, 5.172071556525081]]
Attitude: [[0.0, 0.0, 0.0], [0.5913478455125089, 1.1402281118229445, 1.1922640516212777], [1.012555869398635, 0.5919622828410429, 1.3944499238822978], [0.919766086046802, 0.7922213235648208, 1.1879058042443305]]
Save Location: maps/map2307/test.txt
