Path: 1189
Path Score: 4.550782187325018
Waypoints: [[1.0, 1.0, 1.0], [10.98841998167141, 13.67984788740044, 4.669955467169109], [17.89500835598713, 12.238417992478578, 7.134004137824853], [29.0, 29.0, 14.0]]
Velocity: [[0.0, 0.0, 0.0], [9.98841998167141, 12.67984788740044, 3.6699554671691086], [6.906588374315721, -1.4414298949218622, 2.4640486706557443], [11.10499164401287, 16.761582007521422, 6.865995862175147]]
Attitude: [[0.0, 0.0, 0.0], [0.9230317793050691, 0.698207449561829, 1.3472349331065676], [0.3919434421270223, 1.764889979237106, 1.2347961471427296], [1.0208116603536068, 0.6617621353055158, 1.2417305692240037]]
Save Location: maps/map53/test.txt
