Path: 419
Path Score: 4.104252520914372
Waypoints: [[1.0, 1.0, 1.0], [8.23561037690084, 4.511685430060676, 8.33124458240136], [21.391366360934747, 19.016584990160858, 9.132275513596717], [29.0, 29.0, 14.0]]
Velocity: [[0.0, 0.0, 0.0], [7.235610376900841, 3.511685430060676, 7.331244582401361], [13.155755984033906, 14.504899560100181, 0.8010309311953563], [7.608633639065253, 9.983415009839142, 4.867724486403283]]
Attitude: [[0.0, 0.0, 0.0], [0.8434728410597166, 1.2422312953632766, 0.8316455994328315], [0.8348919790535937, 0.7375827854444421, 1.5299132303666798], [0.9701837951063373, 0.7354334851728955, 1.20085483013767]]
Save Location: maps/map2227/test.txt
