Path: 941
Path Score: 4.290453571972316
Waypoints: [[1.0, 1.0, 1.0], [7.03200889148945, 11.212381035806049, 2.4091861245466912], [24.382836995776003, 14.168441014920115, 4.531533531590885], [29.0, 29.0, 14.0]]
Velocity: [[0.0, 0.0, 0.0], [6.03200889148945, 10.212381035806049, 1.4091861245466912], [17.350828104286553, 2.956059979114066, 2.1223474070441934], [4.617163004223997, 14.831558985079885, 9.468466468409115]]
Attitude: [[0.0, 0.0, 0.0], [1.0413956223611207, 0.5452295055399751, 1.4525400011168248], [0.20673667052527767, 1.4032717401218482, 1.4507935306513384], [1.3141860944394497, 0.6175773545529922, 1.0233867521522493]]
Save Location: maps/map929/test.txt
