Path: 819
Path Score: 4.282817102660493
Waypoints: [[1.0, 1.0, 1.0], [4.844954787942095, 14.493280729732227, 5.905721797057641], [14.664796282188101, 21.28024012885323, 5.468764640312363], [29.0, 29.0, 14.0]]
Velocity: [[0.0, 0.0, 0.0], [3.844954787942095, 13.493280729732227, 4.905721797057641], [9.819841494246006, 6.786959399121002, -0.4369571567452777], [14.335203717811899, 7.7197598711467705, 8.531235359687637]]
Attitude: [[0.0, 0.0, 0.0], [1.3091332202726853, 0.43273101466224884, 1.2344339666278068], [0.6057276940801826, 0.9664988557039794, 1.6073852468862813], [0.6763273336917041, 1.1373758967665009, 1.0881508960767203]]
Save Location: maps/map976/test.txt
