Path: 514
Path Score: 4.2472833394398775
Waypoints: [[1.0, 1.0, 1.0], [9.981785049321614, 2.094242845092411, 3.906087432644374], [27.822656248019474, 8.966284290898267, 11.8871596385062], [29.0, 29.0, 14.0]]
Velocity: [[0.0, 0.0, 0.0], [8.981785049321614, 1.094242845092411, 2.906087432644374], [17.84087119869786, 6.872041445805856, 7.9810722058618255], [1.1773437519805263, 20.033715709101735, 2.1128403614938005]]
Attitude: [[0.0, 0.0, 0.0], [0.33286566125405836, 1.4553984883962245, 1.2600245384619229], [0.5332777028913364, 1.2326906905129091, 1.175337750114233], [1.5124187447335886, 0.1201512035615584, 1.465900180879202]]
Save Location: maps/map1211/test.txt
