Path: 166
Path Score: 4.440282987564271
Waypoints: [[1.0, 1.0, 1.0], [0.8689948832512862, 4.64282219210965, 7.776103442790986], [11.40378861351021, 23.288761880938765, 11.804403224732908], [29.0, 29.0, 14.0]]
Velocity: [[0.0, 0.0, 0.0], [-0.13100511674871385, 3.6428221921096497, 6.776103442790986], [10.534793730258924, 18.645939688829117, 4.028299781941922], [17.59621138648979, 5.711238119061235, 2.1955967752670915]]
Attitude: [[0.0, 0.0, 0.0], [1.5878233126910848, 1.077602275761293, 0.4935415452562085], [1.0662269992259101, 0.5440056733786327, 1.3848726264899514], [0.33465120952432154, 1.2592127196021017, 1.4526670982553629]]
Save Location: maps/map231/test.txt
