Path: 389
Path Score: 4.163441271680535
Waypoints: [[1.0, 1.0, 1.0], [8.23561037690084, 4.511685430060676, 8.33124458240136], [15.44249175683154, 18.284183195920107, 9.161844399110448], [29.0, 29.0, 14.0]]
Velocity: [[0.0, 0.0, 0.0], [7.235610376900841, 3.511685430060676, 7.331244582401361], [7.206881379930699, 13.77249776585943, 0.8305998167090873], [13.55750824316846, 10.715816804079893, 4.838155600889552]]
Attitude: [[0.0, 0.0, 0.0], [0.8434728410597166, 1.2422312953632766, 0.8316455994328315], [1.0894434556157186, 0.4848135696537083, 1.5174122413035038], [0.714409075190648, 0.9308782745117469, 1.2978165450117953]]
Save Location: maps/map1862/test.txt
