Path: 325
Path Score: 4.313614019297542
Waypoints: [[1.0, 1.0, 1.0], [11.62421921707525, 9.637940007438962, 4.108292062461251], [24.548396690958242, 11.577212241638717, 14.392801991557022], [29.0, 29.0, 14.0]]
Velocity: [[0.0, 0.0, 0.0], [10.62421921707525, 8.637940007438962, 3.108292062461251], [12.924177473882992, 1.9392722341997555, 10.28450992909577], [4.451603309041758, 17.42278775836128, -0.3928019915570218]]
Attitude: [[0.0, 0.0, 0.0], [0.7126112608988734, 0.9081638967287853, 1.3475745118170808], [0.6806764154117975, 1.4539195113511305, 0.904064956366485], [1.3207044969365416, 0.251084454734688, 1.5926364233314274]]
Save Location: maps/map771/test.txt
