Path: 990
Path Score: 4.192326984336608
Waypoints: [[1.0, 1.0, 1.0], [7.03200889148945, 11.212381035806049, 2.4091861245466912], [15.684579521262053, 24.294407344774495, 11.460625578176513], [29.0, 29.0, 14.0]]
Velocity: [[0.0, 0.0, 0.0], [6.03200889148945, 10.212381035806049, 1.4091861245466912], [8.652570629772605, 13.082026308968446, 9.051439453629822], [13.315420478737947, 4.705592655225505, 2.539374421823487]]
Attitude: [[0.0, 0.0, 0.0], [1.0413956223611207, 0.5452295055399751, 1.4525400011168248], [1.0726412239704897, 0.7635211791184935, 1.0473918708082102], [0.38185806857320004, 1.2366735425670707, 1.3928860386768187]]
Save Location: maps/map1628/test.txt
