Path: 519
Path Score: 4.163960675096771
Waypoints: [[1.0, 1.0, 1.0], [9.981785049321614, 2.094242845092411, 3.906087432644374], [26.76543196640594, 17.456646557356017, 7.05435308823407], [29.0, 29.0, 14.0]]
Velocity: [[0.0, 0.0, 0.0], [8.981785049321614, 1.094242845092411, 2.906087432644374], [16.783646917084326, 15.362403712263605, 3.1482656555896957], [2.2345680335940585, 11.543353442643983, 6.94564691176593]]
Attitude: [[0.0, 0.0, 0.0], [0.33286566125405836, 1.4553984883962245, 1.2600245384619229], [0.7514682389291795, 0.8381860123343238, 1.4333016715416291], [1.4064235659655742, 0.5636700246717852, 1.0372176653267735]]
Save Location: maps/map1855/test.txt
