Path: 425
Path Score: 4.329001669727605
Waypoints: [[1.0, 1.0, 1.0], [8.23561037690084, 4.511685430060676, 8.33124458240136], [10.30043474338533, 16.763297732058618, 6.875926560339274], [29.0, 29.0, 14.0]]
Velocity: [[0.0, 0.0, 0.0], [7.235610376900841, 3.511685430060676, 7.331244582401361], [2.0648243664844887, 12.251612301997941, -1.4553180220620865], [18.69956525661467, 12.236702267941382, 7.124073439660726]]
Attitude: [[0.0, 0.0, 0.0], [0.8434728410597166, 1.2422312953632766, 0.8316455994328315], [1.4049747593304585, 0.20333981190950293, 1.6873989350886909], [0.6480970733888322, 1.0219569516917306, 1.2621948308972217]]
Save Location: maps/map687/test.txt
