Path: 1130
Path Score: 4.099262446020747
Waypoints: [[1.0, 1.0, 1.0], [7.244355243304841, 4.686769508950413, 5.732290508395203], [26.287300151641748, 16.492398494138193, 13.77497605122596], [29.0, 29.0, 14.0]]
Velocity: [[0.0, 0.0, 0.0], [6.244355243304841, 3.6867695089504133, 4.732290508395203], [19.042944908336906, 11.80562898518778, 8.042685542830757], [2.712699848358252, 12.507601505861807, 0.22502394877404086]]
Attitude: [[0.0, 0.0, 0.0], [0.7653529368027897, 1.1309818444795048, 0.9925991767107255], [0.6435907280213712, 1.0518968475061592, 1.2261615061028146], [1.3572535290988061, 0.21428765206758904, 1.553215933347118]]
Save Location: maps/map2251/test.txt
