Path: 2501
Path Score: 4.758415448010559
Waypoints: [[1.0, 1.0, 1.0], [1.327818985938627, 0.12165432475222393, 2.009587905737008], [5.071981601234553, 16.0705067071635, 8.253409506893876], [29.0, 29.0, 14.0]]
Velocity: [[0.0, 0.0, 0.0], [0.3278189859386269, -0.8783456752477761, 1.0095879057370079], [3.744162615295926, 15.948852382411275, 6.243821601156868], [23.928018398765445, 12.9294932928365, 5.746590493106124]]
Attitude: [[0.0, 0.0, 0.0], [1.3305559476771869, 2.2620673328650165, 0.7484058480919805], [1.3555766846017268, 0.4282325549152323, 1.2066634064156132], [0.5340100961639119, 1.0870281697948079, 1.362570299726199]]
Save Location: maps/map2/test.txt
