Path: 2022
Path Score: 4.325072490441726
Waypoints: [[1.0, 1.0, 1.0], [1.6574939373145603, 7.640942564656317, 6.853106441814953], [9.057942771808293, 22.483164120725405, 13.633419250864584], [29.0, 29.0, 14.0]]
Velocity: [[0.0, 0.0, 0.0], [0.6574939373145603, 6.640942564656317, 5.853106441814953], [7.400448834493732, 14.842221556069088, 6.780312809049631], [19.942057228191707, 6.516835879274595, 0.36658074913541583]]
Attitude: [[0.0, 0.0, 0.0], [1.4966576018134188, 0.7255359120981532, 0.8507902510389312], [1.1450144850913773, 0.5946006871224021, 1.1827054177580114], [0.3163154151017467, 1.2549974740262801, 1.5533251264663486]]
Save Location: maps/map712/test.txt
