Path: 2241
Path Score: 4.131962630262267
Waypoints: [[1.0, 1.0, 1.0], [5.7591996310330025, 10.496060591014656, 1.1961851557501069], [22.48463544099993, 22.910796544751268, 5.995441400636155], [29.0, 29.0, 14.0]]
Velocity: [[0.0, 0.0, 0.0], [4.7591996310330025, 9.496060591014656, 0.19618515575010687], [16.72543580996693, 12.414735953736612, 4.799256244886048], [6.515364559000069, 6.089203455248732, 8.004558599363845]]
Attitude: [[0.0, 0.0, 0.0], [1.1062936554501903, 0.46492826404694765, 1.5523285842779897], [0.6721743280623872, 0.9510837519590402, 1.3443411574600694], [0.9959567092637175, 1.0377754035517597, 0.8393162236524304]]
Save Location: maps/map2063/test.txt
