Path: 1984
Path Score: 4.235440972159156
Waypoints: [[1.0, 1.0, 1.0], [7.908661902969909, 13.249370598681029, 5.122888052721978], [20.852071857601725, 15.195208825034904, 7.612944235060696], [29.0, 29.0, 14.0]]
Velocity: [[0.0, 0.0, 0.0], [6.908661902969909, 12.249370598681029, 4.122888052721978], [12.943409954631816, 1.9458382263538745, 2.4900561823387184], [8.147928142398275, 13.804791174965096, 6.387055764939304]]
Attitude: [[0.0, 0.0, 0.0], [1.0799032623057099, 0.5811391675180452, 1.2856207472042467], [0.2394678108915411, 1.42422772418035, 1.3828003751788742], [1.0790221355094318, 0.643470475899189, 1.1916321938329075]]
Save Location: maps/map1297/test.txt
