Path: 2415
Path Score: 4.093322298078482
Waypoints: [[1.0, 1.0, 1.0], [12.422424952449036, 7.364456284222653, 4.120550879483655], [24.80078989068509, 16.52228778449424, 8.560347909072977], [29.0, 29.0, 14.0]]
Velocity: [[0.0, 0.0, 0.0], [11.422424952449036, 6.364456284222653, 3.1205508794836554], [12.378364938236052, 9.157831500271586, 4.439797029589322], [4.199210109314912, 12.477712215505761, 5.439652090927023]]
Attitude: [[0.0, 0.0, 0.0], [0.5554007765856399, 1.0776065097557235, 1.3365284239372268], [0.68812303706986, 0.9624996962450217, 1.2900697104749521], [1.2715632840353657, 0.5034073100322944, 1.1789804677621314]]
Save Location: maps/map2277/test.txt
