Path: 2436
Path Score: 4.215369178319307
Waypoints: [[1.0, 1.0, 1.0], [12.422424952449036, 7.364456284222653, 4.120550879483655], [15.684579521262053, 24.294407344774495, 11.460625578176513], [29.0, 29.0, 14.0]]
Velocity: [[0.0, 0.0, 0.0], [11.422424952449036, 6.364456284222653, 3.1205508794836554], [3.262154568813017, 16.929951060551844, 7.340074698692858], [13.315420478737947, 4.705592655225505, 2.539374421823487]]
Attitude: [[0.0, 0.0, 0.0], [0.5554007765856399, 1.0776065097557235, 1.3365284239372268], [1.395818990185947, 0.4429954498031346, 1.168312162441951], [0.38185806857320004, 1.2366735425670707, 1.3928860386768187]]
Save Location: maps/map1434/test.txt
