Path: 2450
Path Score: 4.299055787394506
Waypoints: [[1.0, 1.0, 1.0], [12.422424952449036, 7.364456284222653, 4.120550879483655], [12.613060744395664, 17.548051480031873, 8.080005726347148], [29.0, 29.0, 14.0]]
Velocity: [[0.0, 0.0, 0.0], [11.422424952449036, 6.364456284222653, 3.1205508794836554], [0.19063579194662772, 10.18359519580922, 3.9594548468634923], [16.386939255604336, 11.451948519968127, 5.919994273652852]]
Attitude: [[0.0, 0.0, 0.0], [0.5554007765856399, 1.0776065097557235, 1.3365284239372268], [1.553350589469421, 0.37121149222015276, 1.2000351873550703], [0.6665783723714116, 0.989326980912511, 1.28290425102486]]
Save Location: maps/map874/test.txt
