Path: 1983
Path Score: 4.249283366154418
Waypoints: [[1.0, 1.0, 1.0], [7.908661902969909, 13.249370598681029, 5.122888052721978], [14.31024281394206, 14.397341180730484, 10.344580509492056], [29.0, 29.0, 14.0]]
Velocity: [[0.0, 0.0, 0.0], [6.908661902969909, 12.249370598681029, 4.122888052721978], [6.40158091097215, 1.1479705820494548, 5.221692456770079], [14.68975718605794, 14.602658819269516, 3.655419490507944]]
Attitude: [[0.0, 0.0, 0.0], [1.0799032623057099, 0.5811391675180452, 1.2856207472042467], [0.6958197392097655, 1.4327201098844446, 0.894301358609774], [0.7976180124622528, 0.8033878261380559, 1.3961151528842315]]
Save Location: maps/map1198/test.txt
