Path: 352
Path Score: 4.062419889891304
Waypoints: [[1.0, 1.0, 1.0], [11.62421921707525, 9.637940007438962, 4.108292062461251], [20.610598369444524, 19.278006681353382, 8.827928443474919], [29.0, 29.0, 14.0]]
Velocity: [[0.0, 0.0, 0.0], [10.62421921707525, 8.637940007438962, 3.108292062461251], [8.986379152369274, 9.64006667391442, 4.719636381013668], [8.389401630555476, 9.721993318646618, 5.172071556525081]]
Attitude: [[0.0, 0.0, 0.0], [0.7126112608988734, 0.9081638967287853, 1.3475745118170808], [0.8737597385735459, 0.8111777197140352, 1.2269077381572928], [0.919766086046802, 0.7922213235648208, 1.1879058042443305]]
Save Location: maps/map2388/test.txt
