Path: 1
Path Score: 1.6526032088628186
Waypoints: [[1.0, 1.0, 1.0], [7.826323340291669, 13.092804938920764, 3.9099712091041767], [29.0, 29.0, 14.0]]
Velocity: [[0.0, 0.0, 0.0], [6.826323340291669, 12.092804938920764, 2.9099712091041767], [21.17367665970833, 15.907195061079236, 10.090028790895824]]
Attitude: [[0.0, 0.0, 0.0], [1.068853354323176, 0.5503921944287569, 1.3642312257860476], [0.7270735694177761, 0.9748495541353487, 1.2067789517776915]]
Save Location: maps/map1/test.txt
