Path: 2389
Path Score: 4.199261342518032
Waypoints: [[1.0, 1.0, 1.0], [12.422424952449036, 7.364456284222653, 4.120550879483655], [17.495244973045097, 26.03561227858441, 12.515738341607829], [29.0, 29.0, 14.0]]
Velocity: [[0.0, 0.0, 0.0], [11.422424952449036, 6.364456284222653, 3.1205508794836554], [5.07282002059606, 18.671155994361754, 8.395187462124174], [11.504755026954903, 2.9643877214155907, 1.484261658392171]]
Attitude: [[0.0, 0.0, 0.0], [0.5554007765856399, 1.0776065097557235, 1.3365284239372268], [1.3278926213213085, 0.48371773662959205, 1.161407815926745], [0.2805594303655102, 1.3206025270465491, 1.4465080099651364]]
Save Location: maps/map1567/test.txt
