Path: 246
Path Score: 4.366018200564676
Waypoints: [[1.0, 1.0, 1.0], [10.236205802881091, 6.726958385030271, 8.616461550781413], [10.035552414872543, 14.727385926720864, 12.424650413075828], [29.0, 29.0, 14.0]]
Velocity: [[0.0, 0.0, 0.0], [9.236205802881091, 5.726958385030271, 7.616461550781413], [-0.20065338800854882, 8.000427541690591, 3.808188862294415], [18.96444758512746, 14.272614073279136, 1.5753495869241725]]
Attitude: [[0.0, 0.0, 0.0], [0.801018365502451, 1.1245932303302049, 0.9595076706588436], [1.593438189622223, 0.4448006146542773, 1.1266558914612594], [0.6480734763088719, 0.9272854822750475, 1.5045215484811172]]
Save Location: maps/map489/test.txt
