Path: 1559
Path Score: 4.202965823430928
Waypoints: [[1.0, 1.0, 1.0], [5.1328300726842055, 6.167067988359742, 4.338023583503114], [8.962504318780672, 19.70715034496878, 6.76140850408924], [29.0, 29.0, 14.0]]
Velocity: [[0.0, 0.0, 0.0], [4.1328300726842055, 5.167067988359742, 3.338023583503114], [3.8296742460964666, 13.54008235660904, 2.423384920586126], [20.037495681219326, 9.292849655031219, 7.23859149591076]]
Attitude: [[0.0, 0.0, 0.0], [0.9792202736645594, 0.799275207152919, 1.1035589735254734], [1.2992573818302182, 0.32299026263910247, 1.4002470233601387], [0.5314510518725527, 1.159491135048408, 1.2541033357169327]]
Save Location: maps/map1538/test.txt
