# waypoints
G: (11.0,-17.0,15)
G: (14.304006243459323,-17.522331780369864,15)
G: (17.199427412059443,-18.514345729968547,15)
G: (19.75899869627942,-20.40054455422229,15)
G: (23.462253463705398,-20.93265079278366,15)
G: (26.59576075836003,-19.658420306024464,15)
G: (29.0,-17.0,15)


# wall segments
W: (30.0,-18.8,27.0,-21.8,3)
W: (27.0,-21.8,18.0,-21.8,3)
W: (18.0,-21.8,10.0,-18.8,3)
W: (10.0,-15.2,19.8,-18.0,3)
W: (19.8,-18.0,24.0,-19.2,3)
W: (24.0,-19.2,29.0,-15.2,3)
W: (29.0,-15.2,30.0,-15.2,3)


# environment settings
R: (0)
D: (1)
