Path: 1721
Path Score: 4.105695810409813
Waypoints: [[1.0, 1.0, 1.0], [10.805725952785512, 11.283487147150078, 0.7484718343695662], [24.231363728279373, 24.064238050008328, 9.859876317962396], [29.0, 29.0, 14.0]]
Velocity: [[0.0, 0.0, 0.0], [9.805725952785512, 10.283487147150078, -0.2515281656304338], [13.425637775493861, 12.78075090285825, 9.11140448359283], [4.768636271720627, 4.935761949991672, 4.140123682037604]]
Attitude: [[0.0, 0.0, 0.0], [0.8093250089126587, 0.7617849255869302, 1.5884962164824006], [0.8632030104177302, 0.9036020818084212, 1.1139370171116483], [0.9335872338350895, 0.9073880140782924, 1.02799260384737]]
Save Location: maps/map2221/test.txt
