Path: 2394
Path Score: 4.601408504506605
Waypoints: [[1.0, 1.0, 1.0], [12.422424952449036, 7.364456284222653, 4.120550879483655], [10.035552414872543, 14.727385926720864, 12.424650413075828], [29.0, 29.0, 14.0]]
Velocity: [[0.0, 0.0, 0.0], [11.422424952449036, 6.364456284222653, 3.1205508794836554], [-2.386872537576494, 7.3629296424982105, 8.304099533592172], [18.96444758512746, 14.272614073279136, 1.5753495869241725]]
Attitude: [[0.0, 0.0, 0.0], [0.5554007765856399, 1.0776065097557235, 1.3365284239372268], [1.782637266896006, 0.8650503026466242, 0.7502628732543124], [0.6480734763088719, 0.9272854822750475, 1.5045215484811172]]
Save Location: maps/map21/test.txt
