Path: 355
Path Score: 4.284546020975556
Waypoints: [[1.0, 1.0, 1.0], [11.62421921707525, 9.637940007438962, 4.108292062461251], [13.095324436113561, 15.033365545267669, 6.706312039110363], [29.0, 29.0, 14.0]]
Velocity: [[0.0, 0.0, 0.0], [10.62421921707525, 8.637940007438962, 3.108292062461251], [1.4711052190383107, 5.395425537828707, 2.5980199766491126], [15.904675563886439, 13.966634454732331, 7.293687960889637]]
Attitude: [[0.0, 0.0, 0.0], [0.7126112608988734, 0.9081638967287853, 1.3475745118170808], [1.3299053587923524, 0.5054186183179523, 1.1358972965906313], [0.7807156099511975, 0.8971446612687055, 1.2389541045829986]]
Save Location: maps/map964/test.txt
