Path: 1070
Path Score: 4.1544250075768145
Waypoints: [[1.0, 1.0, 1.0], [5.124139793286082, 11.529276214212281, 3.1169525438428494], [20.852071857601725, 15.195208825034904, 7.612944235060696], [29.0, 29.0, 14.0]]
Velocity: [[0.0, 0.0, 0.0], [4.124139793286082, 10.529276214212281, 2.1169525438428494], [15.727932064315644, 3.6659326108226225, 4.495991691217847], [8.147928142398275, 13.804791174965096, 6.387055764939304]]
Attitude: [[0.0, 0.0, 0.0], [1.2041596665548568, 0.4147337109116922, 1.3857324418142094], [0.3533609168086844, 1.350331634151076, 1.2992738683011844], [1.0790221355094318, 0.643470475899189, 1.1916321938329075]]
Save Location: maps/map1923/test.txt
