Path: 411
Path Score: 4.1199717507376565
Waypoints: [[1.0, 1.0, 1.0], [8.23561037690084, 4.511685430060676, 8.33124458240136], [19.70415101856637, 13.671074305937509, 12.81372080915123], [29.0, 29.0, 14.0]]
Velocity: [[0.0, 0.0, 0.0], [7.235610376900841, 3.511685430060676, 7.331244582401361], [11.46854064166553, 9.159388875876832, 4.482476226749869], [9.295848981433629, 15.328925694062491, 1.1862791908487704]]
Attitude: [[0.0, 0.0, 0.0], [0.8434728410597166, 1.2422312953632766, 0.8316455994328315], [0.7267954203441271, 0.9312396980367661, 1.2743901541410794], [1.0269884977688475, 0.548718444626354, 1.5047210663746937]]
Save Location: maps/map2133/test.txt
