Path: 1268
Path Score: 4.410229239435517
Waypoints: [[1.0, 1.0, 1.0], [11.681123338592288, 14.089788280863255, 4.111381059339743], [14.655112419192436, 29.3283759307992, 11.159787577707847], [29.0, 29.0, 14.0]]
Velocity: [[0.0, 0.0, 0.0], [10.681123338592288, 13.089788280863255, 3.1113810593397426], [2.9739890806001483, 15.238587649935946, 7.048406518368105], [14.344887580807564, -0.3283759307992007, 2.8402124222921525]]
Attitude: [[0.0, 0.0, 0.0], [0.8998039769895753, 0.7044384319041941, 1.3886732407031834], [1.3954831698537664, 0.46526568124841605, 1.1446441504821339], [0.19673554575391217, 1.5932481293968974, 1.3753795345072697]]
Save Location: maps/map333/test.txt
