Path: 147
Path Score: 4.333257928693017
Waypoints: [[1.0, 1.0, 1.0], [0.8689948832512862, 4.64282219210965, 7.776103442790986], [15.44249175683154, 18.284183195920107, 9.161844399110448], [29.0, 29.0, 14.0]]
Velocity: [[0.0, 0.0, 0.0], [-0.13100511674871385, 3.6428221921096497, 6.776103442790986], [14.573496873580254, 13.641361003810458, 1.385740956319462], [13.55750824316846, 10.715816804079893, 4.838155600889552]]
Attitude: [[0.0, 0.0, 0.0], [1.5878233126910848, 1.077602275761293, 0.4935415452562085], [0.7549345398909929, 0.8206681587074783, 1.5014878863186603], [0.714409075190648, 0.9308782745117469, 1.2978165450117953]]
Save Location: maps/map665/test.txt
