Path: 968
Path Score: 4.400258648912321
Waypoints: [[1.0, 1.0, 1.0], [7.03200889148945, 11.212381035806049, 2.4091861245466912], [9.057942771808293, 22.483164120725405, 13.633419250864584], [29.0, 29.0, 14.0]]
Velocity: [[0.0, 0.0, 0.0], [6.03200889148945, 10.212381035806049, 1.4091861245466912], [2.025933880318843, 11.270783084919357, 11.224233126317893], [19.942057228191707, 6.516835879274595, 0.36658074913541583]]
Attitude: [[0.0, 0.0, 0.0], [1.0413956223611207, 0.5452295055399751, 1.4525400011168248], [1.4441125545878573, 0.7913435535992531, 0.7954166908820411], [0.3163154151017467, 1.2549974740262801, 1.5533251264663486]]
Save Location: maps/map360/test.txt
