Path: 1150
Path Score: 4.030168320690999
Waypoints: [[1.0, 1.0, 1.0], [7.244355243304841, 4.686769508950413, 5.732290508395203], [24.29282605726432, 17.273783965333514, 9.528106741585457], [29.0, 29.0, 14.0]]
Velocity: [[0.0, 0.0, 0.0], [6.244355243304841, 3.6867695089504133, 4.732290508395203], [17.04847081395948, 12.587014456383102, 3.795816233190254], [4.707173942735679, 11.726216034666486, 4.471893258414543]]
Attitude: [[0.0, 0.0, 0.0], [0.7653529368027897, 1.1309818444795048, 0.9925991767107255], [0.656899474319868, 0.946337985000246, 1.3935568409066803], [1.2119605623526288, 0.5056733733733509, 1.2306436859371142]]
Save Location: maps/map2466/test.txt
