Path: 1420
Path Score: 4.290164304163737
Waypoints: [[1.0, 1.0, 1.0], [10.074445050749116, 1.0357225832720962, 9.412027835082272], [19.150517884687012, 16.221567393022806, 9.065163787729501], [29.0, 29.0, 14.0]]
Velocity: [[0.0, 0.0, 0.0], [9.074445050749116, 0.03572258327209621, 8.412027835082272], [9.076072833937896, 15.185844809750709, -0.34686404735277065], [9.849482115312988, 12.778432606977194, 4.934836212270499]]
Attitude: [[0.0, 0.0, 0.0], [0.7475390695972799, 1.5679093516700198, 0.8232656157544957], [1.0322091367389872, 0.5390234411361202, 1.590400200626932], [0.9474095871230266, 0.7114898316461911, 1.2739640805957166]]
Save Location: maps/map931/test.txt
