Path: 800
Path Score: 4.496399661055282
Waypoints: [[1.0, 1.0, 1.0], [4.844954787942095, 14.493280729732227, 5.905721797057641], [6.938039822185598, 21.090386253324894, 12.519590149875834], [29.0, 29.0, 14.0]]
Velocity: [[0.0, 0.0, 0.0], [3.844954787942095, 13.493280729732227, 4.905721797057641], [2.0930850342435026, 6.597105523592667, 6.6138683528181925], [22.061960177814402, 7.909613746675106, 1.4804098501241665]]
Attitude: [[0.0, 0.0, 0.0], [1.3091332202726853, 0.43273101466224884, 1.2344339666278068], [1.3503756128475932, 0.8105186923885034, 0.8080995269687379], [0.3497487223204723, 1.2272661765835426, 1.5077145816114603]]
Save Location: maps/map117/test.txt
