Path: 606
Path Score: 4.355277121143736
Waypoints: [[1.0, 1.0, 1.0], [1.9869655009534015, 2.3470905443897805, 9.726710653669548], [20.225861212634335, 15.04532595668622, 11.643310714362196], [29.0, 29.0, 14.0]]
Velocity: [[0.0, 0.0, 0.0], [0.9869655009534015, 1.3470905443897805, 8.726710653669548], [18.238895711680932, 12.69823541229644, 1.916600060692648], [8.774138787365665, 13.95467404331378, 2.3566892856378043]]
Attitude: [[0.0, 0.0, 0.0], [1.4594850995761104, 1.4185963426785977, 0.18907565762625306], [0.6134743550395646, 0.9651859498105536, 1.4847687550672752], [1.0158144950798451, 0.5771097040965634, 1.4287893660504631]]
Save Location: maps/map551/test.txt
