Path: 962
Path Score: 4.298842974155695
Waypoints: [[1.0, 1.0, 1.0], [7.03200889148945, 11.212381035806049, 2.4091861245466912], [14.655112419192436, 29.3283759307992, 11.159787577707847], [29.0, 29.0, 14.0]]
Velocity: [[0.0, 0.0, 0.0], [6.03200889148945, 10.212381035806049, 1.4091861245466912], [7.623103527702987, 18.11599489499315, 8.750601453161156], [14.344887580807564, -0.3283759307992007, 2.8402124222921525]]
Attitude: [[0.0, 0.0, 0.0], [1.0413956223611207, 0.5452295055399751, 1.4525400011168248], [1.208605387176042, 0.5697492503682766, 1.1519242682344157], [0.19673554575391217, 1.5932481293968974, 1.3753795345072697]]
Save Location: maps/map878/test.txt
