Path: 633
Path Score: 4.415581869432925
Waypoints: [[1.0, 1.0, 1.0], [12.65259495451803, 15.504691539838976, 1.3902173466937446], [16.099219207665964, 27.89490647639769, 5.59854808283707], [29.0, 29.0, 14.0]]
Velocity: [[0.0, 0.0, 0.0], [11.65259495451803, 14.504691539838976, 0.39021734669374464], [3.4466242531479345, 12.390214936558714, 4.208330736143325], [12.900780792334036, 1.10509352360231, 8.40145191716293]]
Attitude: [[0.0, 0.0, 0.0], [0.8941821376993422, 0.6770644370273821, 1.5498263094141658], [1.3132510526975705, 0.4136888825503738, 1.2545532822454533], [0.5811724924217351, 1.4991378965241768, 0.9952231590134955]]
Save Location: maps/map309/test.txt
