Path: 1635
Path Score: 4.176972428630515
Waypoints: [[1.0, 1.0, 1.0], [10.36013664890983, 5.847929453477029, 2.4421408215587084], [14.664796282188101, 21.28024012885323, 5.468764640312363], [29.0, 29.0, 14.0]]
Velocity: [[0.0, 0.0, 0.0], [9.36013664890983, 4.847929453477029, 1.4421408215587084], [4.304659633278272, 15.4323106753762, 3.026623818753655], [14.335203717811899, 7.7197598711467705, 8.531235359687637]]
Attitude: [[0.0, 0.0, 0.0], [0.49541529610661705, 1.0976792558885609, 1.4348290922750935], [1.3036172294991648, 0.32862084360927807, 1.3840857107638773], [0.6763273336917041, 1.1373758967665009, 1.0881508960767203]]
Save Location: maps/map1749/test.txt
