# waypoints
G: (11.0,-17.0,15)
G: (14.428265993547061,-16.840077534079164,15)
G: (18.26389883696121,-15.849373804319992,15)
G: (22.033402216461987,-17.054540987301564,15)
G: (25.919602183414476,-16.498912130434967,15)
G: (29.0,-17.0,15)


# wall segments
W: (30.0,-18.8,10.0,-18.8,3)
W: (10.0,-15.2,30.0,-15.2,3)


# environment settings
R: (0)
D: (1)
