Path: 1477
Path Score: 4.325049966563699
Waypoints: [[1.0, 1.0, 1.0], [1.5831056317866898, 11.289807463775418, 6.886569014408189], [24.29282605726432, 17.273783965333514, 9.528106741585457], [29.0, 29.0, 14.0]]
Velocity: [[0.0, 0.0, 0.0], [0.5831056317866898, 10.289807463775418, 5.886569014408189], [22.70972042547763, 5.983976501558097, 2.641537727177268], [4.707173942735679, 11.726216034666486, 4.471893258414543]]
Attitude: [[0.0, 0.0, 0.0], [1.5216478577442305, 0.5217422173051365, 1.0518517055369716], [0.2804391617786824, 1.314804922429841, 1.4587888412805419], [1.2119605623526288, 0.5056733733733509, 1.2306436859371142]]
Save Location: maps/map713/test.txt
