Path: 1315
Path Score: 4.471899417658358
Waypoints: [[1.0, 1.0, 1.0], [3.4670120800623283, 8.98615020457587, 12.766320645476934], [10.035552414872543, 14.727385926720864, 12.424650413075828], [29.0, 29.0, 14.0]]
Velocity: [[0.0, 0.0, 0.0], [2.4670120800623283, 7.986150204575869, 11.766320645476934], [6.568540334810214, 5.741235722144994, -0.34167023240110694], [18.96444758512746, 14.272614073279136, 1.5753495869241725]]
Attitude: [[0.0, 0.0, 0.0], [1.399024108228292, 0.9844440153430374, 0.6176559127637982], [0.7191679544861943, 0.8531737422779005, 1.609940893035188], [0.6480734763088719, 0.9272854822750475, 1.5045215484811172]]
Save Location: maps/map172/test.txt
