Path: 2185
Path Score: 4.1437363393816335
Waypoints: [[1.0, 1.0, 1.0], [5.839689469355285, 6.231079992564079, 1.4400139470819306], [18.72403228769046, 27.04667286152992, 8.275372330418275], [29.0, 29.0, 14.0]]
Velocity: [[0.0, 0.0, 0.0], [4.839689469355285, 5.231079992564079, 0.44001394708193065], [12.884342818335174, 20.81559286896584, 6.835358383336344], [10.27596771230954, 1.9533271384700797, 5.724627669581725]]
Attitude: [[0.0, 0.0, 0.0], [0.8259996858182699, 0.748605830934555, 1.5091311358387776], [1.0391873853892502, 0.6111867879515205, 1.2985144224248775], [0.5320146181463187, 1.4062402530460234, 1.0700368475848865]]
Save Location: maps/map1981/test.txt
