Path: 649
Path Score: 4.2806386383829205
Waypoints: [[1.0, 1.0, 1.0], [12.65259495451803, 15.504691539838976, 1.3902173466937446], [18.441097262136424, 17.537267266708554, 6.281086639361177], [29.0, 29.0, 14.0]]
Velocity: [[0.0, 0.0, 0.0], [11.65259495451803, 14.504691539838976, 0.39021734669374464], [5.788502307618394, 2.0325757268695774, 4.890869292667432], [10.558902737863576, 11.462732733291446, 7.718913360638823]]
Attitude: [[0.0, 0.0, 0.0], [0.8941821376993422, 0.6770644370273821, 1.5498263094141658], [0.7410343774803347, 1.3087465099343232, 0.8977596617326636], [0.9183550643402842, 0.8511782172620342, 1.1109269665548651]]
Save Location: maps/map986/test.txt
