Path: 1754
Path Score: 4.212357671257984
Waypoints: [[1.0, 1.0, 1.0], [10.805725952785512, 11.283487147150078, 0.7484718343695662], [21.79639181727039, 14.477895924297679, 6.70148367285092], [29.0, 29.0, 14.0]]
Velocity: [[0.0, 0.0, 0.0], [9.805725952785512, 10.283487147150078, -0.2515281656304338], [10.990665864484878, 3.1944087771476006, 5.953011838481354], [7.20360818272961, 14.522104075702321, 7.29851632714908]]
Attitude: [[0.0, 0.0, 0.0], [0.8093250089126587, 0.7617849255869302, 1.5884962164824006], [0.5511561661641399, 1.3205854727340853, 1.0911833074355262], [1.1535972127018381, 0.6148409412743631, 1.1477501781583583]]
Save Location: maps/map1455/test.txt
