Path: 913
Path Score: 4.371228274367471
Waypoints: [[1.0, 1.0, 1.0], [7.363766588778974, 0.518530266354752, 10.190548616200227], [22.76658572963688, 9.235766945696607, 14.657275630817615], [29.0, 29.0, 14.0]]
Velocity: [[0.0, 0.0, 0.0], [6.363766588778974, -0.48146973364524803, 9.190548616200227], [15.402819140857906, 8.717236679341855, 4.466727014617389], [6.23341427036312, 19.764233054303393, -0.6572756308176153]]
Attitude: [[0.0, 0.0, 0.0], [0.9658135015594402, 1.6138399388547588, 0.6069604064989591], [0.5664148276475883, 1.0729136562610708, 1.3235800625636556], [1.2654404978558256, 0.30710381033439227, 1.6025015139442569]]
Save Location: maps/map462/test.txt
