Path: 763
Path Score: 4.096061009523761
Waypoints: [[1.0, 1.0, 1.0], [12.697608925444278, 6.8811022717284045, 6.207161753256], [22.31107341157168, 20.857103800923483, 7.836819148340205], [29.0, 29.0, 14.0]]
Velocity: [[0.0, 0.0, 0.0], [11.697608925444278, 5.8811022717284045, 5.207161753256], [9.613464486127402, 13.976001529195077, 1.6296573950842053], [6.68892658842832, 8.142896199076517, 6.163180851659795]]
Attitude: [[0.0, 0.0, 0.0], [0.5913478455125089, 1.1402281118229445, 1.1922640516212777], [0.9714169564410847, 0.609159410282294, 1.475019627425912], [0.9909241630968201, 0.8405978425021317, 1.041586930795209]]
Save Location: maps/map2269/test.txt
