Path: 1820
Path Score: 4.162421036683783
Waypoints: [[1.0, 1.0, 1.0], [5.8300877579373775, 12.986927175779844, 2.2883830638241456], [21.78645601699983, 26.938246068819566, 10.468055210066508], [29.0, 29.0, 14.0]]
Velocity: [[0.0, 0.0, 0.0], [4.8300877579373775, 11.986927175779844, 1.2883830638241456], [15.956368259062451, 13.951318893039723, 8.179672146242362], [7.2135439830001715, 2.0617539311804336, 3.531944789933492]]
Attitude: [[0.0, 0.0, 0.0], [1.1897394258126446, 0.3951048953544142, 1.471431398260883], [0.7921218185681876, 0.909573882916838, 1.2024888224446413], [0.5157591343381982, 1.3195229300441227, 1.1308007241554319]]
Save Location: maps/map1869/test.txt
