Path: 455
Path Score: 4.212047102421446
Waypoints: [[1.0, 1.0, 1.0], [11.29885047226655, 13.922680563011099, 6.0742347128672325], [16.060622627406442, 22.284008548073043, 8.655570821620126], [29.0, 29.0, 14.0]]
Velocity: [[0.0, 0.0, 0.0], [10.29885047226655, 12.922680563011099, 5.0742347128672325], [4.761772155139893, 8.361327985061944, 2.581336108752893], [12.939377372593558, 6.715991451926957, 5.344429178379874]]
Attitude: [[0.0, 0.0, 0.0], [0.932550665210745, 0.7263919285052141, 1.2728643435485965], [1.072449590139729, 0.5748243058451857, 1.3086981465864418], [0.5856835745155158, 1.123499545747589, 1.2194127759243851]]
Save Location: maps/map1457/test.txt
