Path: 2111
Path Score: 4.182789575574386
Waypoints: [[1.0, 1.0, 1.0], [7.976694836660609, 10.929766397758005, 9.409001445334173], [25.428707168258946, 19.405189246924685, 11.09112041789754], [29.0, 29.0, 14.0]]
Velocity: [[0.0, 0.0, 0.0], [6.976694836660609, 9.929766397758005, 8.409001445334173], [17.452012331598336, 8.47542284916668, 1.6821189725633676], [3.5712928317410544, 9.594810753075315, 2.9088795821024593]]
Attitude: [[0.0, 0.0, 0.0], [1.0786293818483852, 0.8331465441750755, 0.9648405508336908], [0.4597311864798452, 1.1205156058135304, 1.4843106850101055], [1.228608075856676, 0.4475659367165343, 1.29396325921033]]
Save Location: maps/map1704/test.txt
