Path: 2009
Path Score: 4.3242840416576795
Waypoints: [[1.0, 1.0, 1.0], [1.6574939373145603, 7.640942564656317, 6.853106441814953], [7.389357188954467, 23.477432848813812, 10.209341262023914], [29.0, 29.0, 14.0]]
Velocity: [[0.0, 0.0, 0.0], [0.6574939373145603, 6.640942564656317, 5.853106441814953], [5.731863251639906, 15.836490284157495, 3.356234820208961], [21.610642811045533, 5.522567151186188, 3.790658737976086]]
Attitude: [[0.0, 0.0, 0.0], [1.4966576018134188, 0.7255359120981532, 0.8507902510389312], [1.2304949456500043, 0.39713702125108924, 1.3740939470612006], [0.3005654335537563, 1.324213007369078, 1.4024590083582664]]
Save Location: maps/map716/test.txt
