Path: 2398
Path Score: 4.157780428952469
Waypoints: [[1.0, 1.0, 1.0], [12.422424952449036, 7.364456284222653, 4.120550879483655], [16.060622627406442, 22.284008548073043, 8.655570821620126], [29.0, 29.0, 14.0]]
Velocity: [[0.0, 0.0, 0.0], [11.422424952449036, 6.364456284222653, 3.1205508794836554], [3.6381976749574054, 14.91955226385039, 4.53501994213647], [12.939377372593558, 6.715991451926957, 5.344429178379874]]
Attitude: [[0.0, 0.0, 0.0], [0.5554007765856399, 1.0776065097557235, 1.3365284239372268], [1.3415827692987083, 0.3715884152610222, 1.2836465920646016], [0.5856835745155158, 1.123499545747589, 1.2194127759243851]]
Save Location: maps/map1896/test.txt
