Path: 987
Path Score: 4.242667818025813
Waypoints: [[1.0, 1.0, 1.0], [7.03200889148945, 11.212381035806049, 2.4091861245466912], [12.16882105369413, 22.5703746743433, 7.023400396976081], [29.0, 29.0, 14.0]]
Velocity: [[0.0, 0.0, 0.0], [6.03200889148945, 10.212381035806049, 1.4091861245466912], [5.13681216220468, 11.35799363853725, 4.61421427242939], [16.83117894630587, 6.429625325656701, 6.976599603023919]]
Attitude: [[0.0, 0.0, 0.0], [1.0413956223611207, 0.5452295055399751, 1.4525400011168248], [1.1740126113910612, 0.5462330186659263, 1.2162790258875276], [0.5132908177846113, 1.2315474594293268, 1.2013612558293933]]
Save Location: maps/map1248/test.txt
