Path: 1750
Path Score: 4.361155597996086
Waypoints: [[1.0, 1.0, 1.0], [10.805725952785512, 11.283487147150078, 0.7484718343695662], [17.10037516700489, 29.239729622642756, 11.903971497075933], [29.0, 29.0, 14.0]]
Velocity: [[0.0, 0.0, 0.0], [9.805725952785512, 10.283487147150078, -0.2515281656304338], [6.29464921421938, 17.95624247549268, 11.155499662706367], [11.899624832995109, -0.23972962264275566, 2.0960285029240673]]
Attitude: [[0.0, 0.0, 0.0], [0.8093250089126587, 0.7617849255869302, 1.5884962164824006], [1.2813872184041304, 0.6196225694119526, 1.040526027501303], [0.17546746908711836, 1.5906342688103356, 1.396477078710701]]
Save Location: maps/map518/test.txt
