Path: 432
Path Score: 4.225989262566174
Waypoints: [[1.0, 1.0, 1.0], [8.23561037690084, 4.511685430060676, 8.33124458240136], [12.704603846584774, 19.922199713463662, 8.33279809450805], [29.0, 29.0, 14.0]]
Velocity: [[0.0, 0.0, 0.0], [7.235610376900841, 3.511685430060676, 7.331244582401361], [4.468993469683934, 15.410514283402986, 0.00155351210668897], [16.295396153415226, 9.077800286536338, 5.66720190549195]]
Attitude: [[0.0, 0.0, 0.0], [0.8434728410597166, 1.2422312953632766, 0.8316455994328315], [1.2885422385539314, 0.28225410576251136, 1.570699507201177], [0.5810873343497762, 1.0864359774071253, 1.2758411019683804]]
Save Location: maps/map1368/test.txt
