Path: 2445
Path Score: 4.138990520919932
Waypoints: [[1.0, 1.0, 1.0], [12.422424952449036, 7.364456284222653, 4.120550879483655], [24.882695815361128, 14.368288597070304, 12.113832918894575], [29.0, 29.0, 14.0]]
Velocity: [[0.0, 0.0, 0.0], [11.422424952449036, 6.364456284222653, 3.1205508794836554], [12.460270862912092, 7.003832312847651, 7.99328203941092], [4.117304184638872, 14.631711402929696, 1.886167081105425]]
Attitude: [[0.0, 0.0, 0.0], [0.5554007765856399, 1.0776065097557235, 1.3365284239372268], [0.7061869229269785, 1.1288894319425409, 1.060906417857409], [1.2986348105444985, 0.30016579609209537, 1.4473372730099068]]
Save Location: maps/map2008/test.txt
