Path: 875
Path Score: 4.174385231569916
Waypoints: [[1.0, 1.0, 1.0], [13.622214221490246, 10.560085107867, 6.307093757900562], [20.225861212634335, 15.04532595668622, 11.643310714362196], [29.0, 29.0, 14.0]]
Velocity: [[0.0, 0.0, 0.0], [12.622214221490246, 9.560085107867, 5.307093757900562], [6.603646991144089, 4.48524084881922, 5.336216956461634], [8.774138787365665, 13.95467404331378, 2.3566892856378043]]
Attitude: [[0.0, 0.0, 0.0], [0.7138698155414545, 0.9612815674177257, 1.2473929819737224], [0.8124417306290798, 1.084777634692629, 0.9815518345411561], [1.0158144950798451, 0.5771097040965634, 1.4287893660504631]]
Save Location: maps/map1768/test.txt
