Path: 824
Path Score: 4.4264328308962355
Waypoints: [[1.0, 1.0, 1.0], [4.844954787942095, 14.493280729732227, 5.905721797057641], [8.698977053221993, 19.48629808039675, 13.371846165404145], [29.0, 29.0, 14.0]]
Velocity: [[0.0, 0.0, 0.0], [3.844954787942095, 13.493280729732227, 4.905721797057641], [3.854022265279898, 4.993017350664523, 7.466124368346504], [20.301022946778005, 9.51370191960325, 0.6281538345958548]]
Attitude: [[0.0, 0.0, 0.0], [1.3091332202726853, 0.43273101466224884, 1.2344339666278068], [1.1654656108821735, 1.0346131716236593, 0.7014714283750694], [0.4390758398022054, 1.132740622989748, 1.5427856888103315]]
Save Location: maps/map279/test.txt
