Path: 980
Path Score: 4.157190742753999
Waypoints: [[1.0, 1.0, 1.0], [7.03200889148945, 11.212381035806049, 2.4091861245466912], [14.664796282188101, 21.28024012885323, 5.468764640312363], [29.0, 29.0, 14.0]]
Velocity: [[0.0, 0.0, 0.0], [6.03200889148945, 10.212381035806049, 1.4091861245466912], [7.632787390698652, 10.067859093047181, 3.059578515765672], [14.335203717811899, 7.7197598711467705, 8.531235359687637]]
Attitude: [[0.0, 0.0, 0.0], [1.0413956223611207, 0.5452295055399751, 1.4525400011168248], [0.9432401477369454, 0.6848856771098621, 1.3332026849255167], [0.6763273336917041, 1.1373758967665009, 1.0881508960767203]]
Save Location: maps/map1901/test.txt
