Path: 2170
Path Score: 4.120461704656384
Waypoints: [[1.0, 1.0, 1.0], [5.839689469355285, 6.231079992564079, 1.4400139470819306], [14.201298455250685, 22.98387750158817, 5.257885864403107], [29.0, 29.0, 14.0]]
Velocity: [[0.0, 0.0, 0.0], [4.839689469355285, 5.231079992564079, 0.44001394708193065], [8.3616089858954, 16.75279750902409, 3.8178719173211766], [14.798701544749315, 6.0161224984118284, 8.742114135596893]]
Attitude: [[0.0, 0.0, 0.0], [0.8259996858182699, 0.748605830934555, 1.5091311358387776], [1.1178936692565402, 0.5018321221768851, 1.3696468046048156], [0.622111751572226, 1.2341041498642775, 1.070072352441417]]
Save Location: maps/map2129/test.txt
