Path: 1082
Path Score: 4.244365324913636
Waypoints: [[1.0, 1.0, 1.0], [5.124139793286082, 11.529276214212281, 3.1169525438428494], [11.717608255286521, 26.086366361922085, 10.100298251227693], [29.0, 29.0, 14.0]]
Velocity: [[0.0, 0.0, 0.0], [4.124139793286082, 10.529276214212281, 2.1169525438428494], [6.593468462000439, 14.557090147709804, 6.983345707384844], [17.28239174471348, 2.913633638077915, 3.8997017487723067]]
Attitude: [[0.0, 0.0, 0.0], [1.2041596665548568, 0.4147337109116922, 1.3857324418142094], [1.1830875961316818, 0.5832072034913621, 1.1588171515888614], [0.27455761083990476, 1.4078003124714065, 1.351856955162436]]
Save Location: maps/map1233/test.txt
