Path: 1377
Path Score: 4.327650060051617
Waypoints: [[1.0, 1.0, 1.0], [2.1166871798879825, 7.959406805005861, 2.641112218552253], [11.40378861351021, 23.288761880938765, 11.804403224732908], [29.0, 29.0, 14.0]]
Velocity: [[0.0, 0.0, 0.0], [1.1166871798879825, 6.959406805005861, 1.6411122185522529], [9.287101433622228, 15.329355075932904, 9.163291006180655], [17.59621138648979, 5.711238119061235, 2.1955967752670915]]
Attitude: [[0.0, 0.0, 0.0], [1.4158739947349994, 0.27784815422419984, 1.3420381855188857], [1.0912656134095355, 0.7051276803173554, 1.0981857591393327], [0.33465120952432154, 1.2592127196021017, 1.4526670982553629]]
Save Location: maps/map693/test.txt
