Path: 534
Path Score: 4.2085918813273935
Waypoints: [[1.0, 1.0, 1.0], [9.981785049321614, 2.094242845092411, 3.906087432644374], [24.548396690958242, 11.577212241638717, 14.392801991557022], [29.0, 29.0, 14.0]]
Velocity: [[0.0, 0.0, 0.0], [8.981785049321614, 1.094242845092411, 2.906087432644374], [14.566611641636628, 9.482969396546306, 10.486714558912649], [4.451603309041758, 17.42278775836128, -0.3928019915570218]]
Attitude: [[0.0, 0.0, 0.0], [0.33286566125405836, 1.4553984883962245, 1.2600245384619229], [0.7704860291622976, 1.0847376156222202, 1.0279319922811057], [1.3207044969365416, 0.251084454734688, 1.5926364233314274]]
Save Location: maps/map1481/test.txt
