Path: 369
Path Score: 4.480347375892093
Waypoints: [[1.0, 1.0, 1.0], [5.0694130019156045, 0.10947803648002186, 11.387112714668532], [22.76658572963688, 9.235766945696607, 14.657275630817615], [29.0, 29.0, 14.0]]
Velocity: [[0.0, 0.0, 0.0], [4.0694130019156045, -0.8905219635199781, 10.387112714668532], [17.697172727721274, 9.126288909216585, 3.270162916149083], [6.23341427036312, 19.764233054303393, -0.6572756308176153]]
Attitude: [[0.0, 0.0, 0.0], [1.1986423454069668, 1.65045321960768, 0.3814078923026202], [0.5011516117289004, 1.1014793556713203, 1.4080169028102272], [1.2654404978558256, 0.30710381033439227, 1.6025015139442569]]
Save Location: maps/map152/test.txt
