Path: 1964
Path Score: 4.36972030243532
Waypoints: [[1.0, 1.0, 1.0], [7.908661902969909, 13.249370598681029, 5.122888052721978], [9.17398002603554, 20.73897641344332, 6.283632757243895], [29.0, 29.0, 14.0]]
Velocity: [[0.0, 0.0, 0.0], [6.908661902969909, 12.249370598681029, 4.122888052721978], [1.2653181230656312, 7.489605814762292, 1.1607447045219175], [19.82601997396446, 8.261023586556679, 7.716367242756105]]
Attitude: [[0.0, 0.0, 0.0], [1.0799032623057099, 0.5811391675180452, 1.2856207472042467], [1.405371862980523, 0.22536689573819038, 1.4191541951100586], [0.5181999547692874, 1.2004145141772051, 1.2258923638516876]]
Save Location: maps/map469/test.txt
