Path: 2254
Path Score: 4.342465979264064
Waypoints: [[1.0, 1.0, 1.0], [5.7591996310330025, 10.496060591014656, 1.1961851557501069], [10.367468260299423, 27.216463727164182, 9.296135061442213], [29.0, 29.0, 14.0]]
Velocity: [[0.0, 0.0, 0.0], [4.7591996310330025, 9.496060591014656, 0.19618515575010687], [4.608268629266421, 16.720403136149528, 8.099949905692107], [18.632531739700575, 1.7835362728358177, 4.703864938557787]]
Attitude: [[0.0, 0.0, 0.0], [1.1062936554501903, 0.46492826404694765, 1.5523285842779897], [1.3276672108852707, 0.5084671985392955, 1.1338771645491565], [0.26370469337935265, 1.4782516615946064, 1.3245891179026303]]
Save Location: maps/map617/test.txt
