Path: 1471
Path Score: 4.371738919699946
Waypoints: [[1.0, 1.0, 1.0], [1.5831056317866898, 11.289807463775418, 6.886569014408189], [19.70415101856637, 13.671074305937509, 12.81372080915123], [29.0, 29.0, 14.0]]
Velocity: [[0.0, 0.0, 0.0], [0.5831056317866898, 10.289807463775418, 5.886569014408189], [18.12104538677968, 2.3812668421620913, 5.9271517947430405], [9.295848981433629, 15.328925694062491, 1.1862791908487704]]
Attitude: [[0.0, 0.0, 0.0], [1.5216478577442305, 0.5217422173051365, 1.0518517055369716], [0.33889737586799207, 1.4465422362010107, 1.2571989698821475], [1.0269884977688475, 0.548718444626354, 1.5047210663746937]]
Save Location: maps/map457/test.txt
