Path: 1
Path Score: 1.9404755509258345
Waypoints: [[1.0, 1.0, 1.0], [3.050083127384353, 8.735342369592214, 10.113540018830568], [21.10441176881241, 13.560627613500772, 10.875980528733136], [29.0, 29.0, 14.0]]
Velocity: [[0.0, 0.0, 0.0], [2.050083127384353, 7.735342369592214, 9.113540018830568], [18.054328641428057, 4.825285243908558, 0.762440509902568], [7.895588231187588, 15.439372386499228, 3.1240194712668643]]
Attitude: [[0.0, 0.0, 0.0], [0.0, 0.0, 0.0], [0.0, 0.0, 0.0], [0.0, 0.0, 0.0]]
Save Location: maps/map2/test.txt
