Path: 265
Path Score: 4.136683788550322
Waypoints: [[1.0, 1.0, 1.0], [10.236205802881091, 6.726958385030271, 8.616461550781413], [19.70415101856637, 13.671074305937509, 12.81372080915123], [29.0, 29.0, 14.0]]
Velocity: [[0.0, 0.0, 0.0], [9.236205802881091, 5.726958385030271, 7.616461550781413], [9.46794521568528, 6.944115920907238, 4.197259258369817], [9.295848981433629, 15.328925694062491, 1.1862791908487704]]
Attitude: [[0.0, 0.0, 0.0], [0.801018365502451, 1.1245932303302049, 0.9595076706588436], [0.7085449032077487, 0.9801431164598038, 1.2274802704751986], [1.0269884977688475, 0.548718444626354, 1.5047210663746937]]
Save Location: maps/map2024/test.txt
