Path: 2464
Path Score: 4.34637662204381
Waypoints: [[1.0, 1.0, 1.0], [12.386106231445222, 1.1077460717588705, 7.4490524792482224], [17.89500835598713, 12.238417992478578, 7.134004137824853], [29.0, 29.0, 14.0]]
Velocity: [[0.0, 0.0, 0.0], [11.386106231445222, 0.10774607175887052, 6.4490524792482224], [5.508902124541908, 11.130671920719706, -0.31504834142336957], [11.10499164401287, 16.761582007521422, 6.865995862175147]]
Attitude: [[0.0, 0.0, 0.0], [0.5154044449224107, 1.562562589250552, 1.0554709245652716], [1.11137219760465, 0.46023265952148296, 1.5961584585417004], [1.0208116603536068, 0.6617621353055158, 1.2417305692240037]]
Save Location: maps/map594/test.txt
