Path: 2288
Path Score: 4.325355488755228
Waypoints: [[1.0, 1.0, 1.0], [4.608820246079843, 7.120273707001329, 9.286680001717013], [22.909069045040045, 10.835196024953614, 13.228528156939884], [29.0, 29.0, 14.0]]
Velocity: [[0.0, 0.0, 0.0], [3.6088202460798433, 6.120273707001329, 8.286680001717013], [18.3002487989602, 3.7149223179522854, 3.9418481552228712], [6.090930954959955, 18.164803975046386, 0.771471843060116]]
Attitude: [[0.0, 0.0, 0.0], [1.233845257898589, 0.9755770124671417, 0.7087760394342274], [0.2877658572306424, 1.374894457958741, 1.3627574175838004], [1.2475348540835867, 0.325939212643112, 1.5305508334281337]]
Save Location: maps/map708/test.txt
