Path: 830
Path Score: 4.492433578230866
Waypoints: [[1.0, 1.0, 1.0], [4.844954787942095, 14.493280729732227, 5.905721797057641], [6.596290149546203, 22.34738075894622, 14.267155835962525], [29.0, 29.0, 14.0]]
Velocity: [[0.0, 0.0, 0.0], [3.844954787942095, 13.493280729732227, 4.905721797057641], [1.7513353616041076, 7.854100029213992, 8.361434038904884], [22.403709850453797, 6.652619241053781, -0.2671558359625248]]
Attitude: [[0.0, 0.0, 0.0], [1.3091332202726853, 0.43273101466224884, 1.2344339666278068], [1.4193006618237807, 0.8273798459556597, 0.7662369922797597], [0.2888695544722783, 1.2821661018601413, 1.582227121859774]]
Save Location: maps/map127/test.txt
