Path: 1612
Path Score: 4.211768983803012
Waypoints: [[1.0, 1.0, 1.0], [10.36013664890983, 5.847929453477029, 2.4421408215587084], [22.909069045040045, 10.835196024953614, 13.228528156939884], [29.0, 29.0, 14.0]]
Velocity: [[0.0, 0.0, 0.0], [9.36013664890983, 4.847929453477029, 1.4421408215587084], [12.548932396130215, 4.987266571476585, 10.786387335381175], [6.090930954959955, 18.164803975046386, 0.771471843060116]]
Attitude: [[0.0, 0.0, 0.0], [0.49541529610661705, 1.0976792558885609, 1.4348290922750935], [0.7581717644051709, 1.2780649894242795, 0.8968023198274234], [1.2475348540835867, 0.325939212643112, 1.5305508334281337]]
Save Location: maps/map1458/test.txt
