Path: 1362
Path Score: 4.21778221951919
Waypoints: [[1.0, 1.0, 1.0], [2.1166871798879825, 7.959406805005861, 2.641112218552253], [19.150517884687012, 16.221567393022806, 9.065163787729501], [29.0, 29.0, 14.0]]
Velocity: [[0.0, 0.0, 0.0], [1.1166871798879825, 6.959406805005861, 1.6411122185522529], [17.03383070479903, 8.262160588016945, 6.424051569177248], [9.849482115312988, 12.778432606977194, 4.934836212270499]]
Attitude: [[0.0, 0.0, 0.0], [1.4158739947349994, 0.27784815422419984, 1.3420381855188857], [0.5509471320989086, 1.1447522443445042, 1.243662816072574], [0.9474095871230266, 0.7114898316461911, 1.2739640805957166]]
Save Location: maps/map1418/test.txt
