Path: 887
Path Score: 4.461064617636994
Waypoints: [[1.0, 1.0, 1.0], [13.622214221490246, 10.560085107867, 6.307093757900562], [14.664796282188101, 21.28024012885323, 5.468764640312363], [29.0, 29.0, 14.0]]
Velocity: [[0.0, 0.0, 0.0], [12.622214221490246, 9.560085107867, 5.307093757900562], [1.042582060697855, 10.72015502098623, -0.8383291175881986], [14.335203717811899, 7.7197598711467705, 8.531235359687637]]
Attitude: [[0.0, 0.0, 0.0], [0.7138698155414545, 0.9612815674177257, 1.2473929819737224], [1.4741400934647486, 0.12415335061561877, 1.6484737049673648], [0.6763273336917041, 1.1373758967665009, 1.0881508960767203]]
Save Location: maps/map191/test.txt
