Path: 1823
Path Score: 4.31922602308479
Waypoints: [[1.0, 1.0, 1.0], [5.8300877579373775, 12.986927175779844, 2.2883830638241456], [11.717608255286521, 26.086366361922085, 10.100298251227693], [29.0, 29.0, 14.0]]
Velocity: [[0.0, 0.0, 0.0], [4.8300877579373775, 11.986927175779844, 1.2883830638241456], [5.8875204973491435, 13.099439186142241, 7.811915187403548], [17.28239174471348, 2.913633638077915, 3.8997017487723067]]
Attitude: [[0.0, 0.0, 0.0], [1.1897394258126446, 0.3951048953544142, 1.471431398260883], [1.2024011145445785, 0.6414210458029911, 1.0726167336086552], [0.27455761083990476, 1.4078003124714065, 1.351856955162436]]
Save Location: maps/map739/test.txt
