Path: 1932
Path Score: 4.491469119171118
Waypoints: [[1.0, 1.0, 1.0], [7.908661902969909, 13.249370598681029, 5.122888052721978], [7.389357188954467, 23.477432848813812, 10.209341262023914], [29.0, 29.0, 14.0]]
Velocity: [[0.0, 0.0, 0.0], [6.908661902969909, 12.249370598681029, 4.122888052721978], [-0.5193047140154423, 10.228062250132783, 5.086453209301936], [21.610642811045533, 5.522567151186188, 3.790658737976086]]
Attitude: [[0.0, 0.0, 0.0], [1.0799032623057099, 0.5811391675180452, 1.2856207472042467], [1.6162263134789434, 0.4635586526086238, 1.10982111751301], [0.3005654335537563, 1.324213007369078, 1.4024590083582664]]
Save Location: maps/map128/test.txt
