Path: 857
Path Score: 4.250800707134454
Waypoints: [[1.0, 1.0, 1.0], [13.622214221490246, 10.560085107867, 6.307093757900562], [16.060622627406442, 22.284008548073043, 8.655570821620126], [29.0, 29.0, 14.0]]
Velocity: [[0.0, 0.0, 0.0], [12.622214221490246, 9.560085107867, 5.307093757900562], [2.4384084059161957, 11.723923440206043, 2.3484770637195638], [12.939377372593558, 6.715991451926957, 5.344429178379874]]
Attitude: [[0.0, 0.0, 0.0], [0.7138698155414545, 0.9612815674177257, 1.2473929819737224], [1.369620572122527, 0.2811160976756973, 1.377136221345574], [0.5856835745155158, 1.123499545747589, 1.2194127759243851]]
Save Location: maps/map1188/test.txt
