Path: 1355
Path Score: 4.412245218287107
Waypoints: [[1.0, 1.0, 1.0], [2.1166871798879825, 7.959406805005861, 2.641112218552253], [7.389357188954467, 23.477432848813812, 10.209341262023914], [29.0, 29.0, 14.0]]
Velocity: [[0.0, 0.0, 0.0], [1.1166871798879825, 6.959406805005861, 1.6411122185522529], [5.272670009066484, 15.518026043807952, 7.568229043471661], [21.610642811045533, 5.522567151186188, 3.790658737976086]]
Attitude: [[0.0, 0.0, 0.0], [1.4158739947349994, 0.27784815422419984, 1.3420381855188857], [1.274399306646821, 0.5362879043261667, 1.1381912769849045], [0.3005654335537563, 1.324213007369078, 1.4024590083582664]]
Save Location: maps/map325/test.txt
