Path: 1198
Path Score: 4.283413597411732
Waypoints: [[1.0, 1.0, 1.0], [10.98841998167141, 13.67984788740044, 4.669955467169109], [14.43692874246404, 21.36894668574859, 11.322509376936443], [29.0, 29.0, 14.0]]
Velocity: [[0.0, 0.0, 0.0], [9.98841998167141, 12.67984788740044, 3.6699554671691086], [3.448508760792631, 7.68909879834815, 6.6525539097673345], [14.56307125753596, 7.63105331425141, 2.677490623063557]]
Attitude: [[0.0, 0.0, 0.0], [0.9230317793050691, 0.698207449561829, 1.3472349331065676], [1.2438031651501502, 0.7724986226677342, 0.902532248636899], [0.5069175043207065, 1.0949344880442036, 1.4093618733327953]]
Save Location: maps/map972/test.txt
