Path: 2144
Path Score: 4.185848665558721
Waypoints: [[1.0, 1.0, 1.0], [7.976694836660609, 10.929766397758005, 9.409001445334173], [20.610598369444524, 19.278006681353382, 8.827928443474919], [29.0, 29.0, 14.0]]
Velocity: [[0.0, 0.0, 0.0], [6.976694836660609, 9.929766397758005, 8.409001445334173], [12.633903532783915, 8.348240283595377, -0.581073001859254], [8.389401630555476, 9.721993318646618, 5.172071556525081]]
Attitude: [[0.0, 0.0, 0.0], [1.0786293818483852, 0.8331465441750755, 0.9648405508336908], [0.5850286739430103, 0.9873655332136244, 1.6091500447547453], [0.919766086046802, 0.7922213235648208, 1.1879058042443305]]
Save Location: maps/map1678/test.txt
