Path: 1769
Path Score: 4.38768782527287
Waypoints: [[1.0, 1.0, 1.0], [5.8300877579373775, 12.986927175779844, 2.2883830638241456], [8.771088292754062, 26.539304194177095, 7.14949085870386], [29.0, 29.0, 14.0]]
Velocity: [[0.0, 0.0, 0.0], [4.8300877579373775, 11.986927175779844, 1.2883830638241456], [2.941000534816684, 13.552377018397252, 4.861107794879715], [20.22891170724594, 2.4606958058229047, 6.85050914129614]]
Attitude: [[0.0, 0.0, 0.0], [1.1897394258126446, 0.3951048953544142, 1.471431398260883], [1.3693012337577697, 0.39697158685133105, 1.2336480661916622], [0.3454083995920205, 1.4560869507378023, 1.2464936894313159]]
Save Location: maps/map405/test.txt
