Path: 751
Path Score: 4.206080516577499
Waypoints: [[1.0, 1.0, 1.0], [12.697608925444278, 6.8811022717284045, 6.207161753256], [25.752844741997475, 11.22365858767903, 10.0403064910286], [29.0, 29.0, 14.0]]
Velocity: [[0.0, 0.0, 0.0], [11.697608925444278, 5.8811022717284045, 5.207161753256], [13.055235816553196, 4.342556315950625, 3.8331447377726002], [3.2471552580025254, 17.77634141232097, 3.9596935089714]]
Attitude: [[0.0, 0.0, 0.0], [0.5913478455125089, 1.1402281118229445, 1.1922640516212777], [0.4175830901933405, 1.2618581800584672, 1.2990849655110979], [1.39435302498806, 0.28047766201905855, 1.355080829085384]]
Save Location: maps/map1500/test.txt
