Path: 754
Path Score: 4.182719851543489
Waypoints: [[1.0, 1.0, 1.0], [12.697608925444278, 6.8811022717284045, 6.207161753256], [18.441097262136424, 17.537267266708554, 6.281086639361177], [29.0, 29.0, 14.0]]
Velocity: [[0.0, 0.0, 0.0], [11.697608925444278, 5.8811022717284045, 5.207161753256], [5.743488336692145, 10.656164994980148, 0.07392488610517667], [10.558902737863576, 11.462732733291446, 7.718913360638823]]
Attitude: [[0.0, 0.0, 0.0], [0.5913478455125089, 1.1402281118229445, 1.1922640516212777], [1.0764610934649723, 0.49437987613157874, 1.564689650021356], [0.9183550643402842, 0.8511782172620342, 1.1109269665548651]]
Save Location: maps/map1705/test.txt
