Path: 916
Path Score: 4.352121809598975
Waypoints: [[1.0, 1.0, 1.0], [7.363766588778974, 0.518530266354752, 10.190548616200227], [26.287300151641748, 16.492398494138193, 13.77497605122596], [29.0, 29.0, 14.0]]
Velocity: [[0.0, 0.0, 0.0], [6.363766588778974, -0.48146973364524803, 9.190548616200227], [18.923533562862772, 15.973868227783441, 3.5844274350257326], [2.712699848358252, 12.507601505861807, 0.22502394877404086]]
Attitude: [[0.0, 0.0, 0.0], [0.9658135015594402, 1.6138399388547588, 0.6069604064989591], [0.7132056429742408, 0.8783958416789305, 1.4270521839592598], [1.3572535290988061, 0.21428765206758904, 1.553215933347118]]
Save Location: maps/map570/test.txt
