Path: 975
Path Score: 4.27206359473583
Waypoints: [[1.0, 1.0, 1.0], [7.03200889148945, 11.212381035806049, 2.4091861245466912], [11.40378861351021, 23.288761880938765, 11.804403224732908], [29.0, 29.0, 14.0]]
Velocity: [[0.0, 0.0, 0.0], [6.03200889148945, 10.212381035806049, 1.4091861245466912], [4.371779722020761, 12.076380845132716, 9.395217100186217], [17.59621138648979, 5.711238119061235, 2.1955967752670915]]
Attitude: [[0.0, 0.0, 0.0], [1.0413956223611207, 0.5452295055399751, 1.4525400011168248], [1.292486213504512, 0.709168875783739, 0.9392248824276824], [0.33465120952432154, 1.2592127196021017, 1.4526670982553629]]
Save Location: maps/map1043/test.txt
