Path: 1461
Path Score: 4.292353562009325
Waypoints: [[1.0, 1.0, 1.0], [1.5831056317866898, 11.289807463775418, 6.886569014408189], [19.150517884687012, 16.221567393022806, 9.065163787729501], [29.0, 29.0, 14.0]]
Velocity: [[0.0, 0.0, 0.0], [0.5831056317866898, 10.289807463775418, 5.886569014408189], [17.567412252900322, 4.931759929247388, 2.1785947733213122], [9.849482115312988, 12.778432606977194, 4.934836212270499]]
Attitude: [[0.0, 0.0, 0.0], [1.5216478577442305, 0.5217422173051365, 1.0518517055369716], [0.2977794187394216, 1.2990869908316218, 1.451961201632607], [0.9474095871230266, 0.7114898316461911, 1.2739640805957166]]
Save Location: maps/map917/test.txt
