Path: 197
Path Score: 4.437188632461707
Waypoints: [[1.0, 1.0, 1.0], [0.1034748464100077, 6.396090427855569, 9.25430405624771], [8.326355677599059, 21.007879601570398, 11.349606769497015], [29.0, 29.0, 14.0]]
Velocity: [[0.0, 0.0, 0.0], [-0.8965251535899923, 5.396090427855569, 8.25430405624771], [8.222880831189052, 14.611789173714829, 2.095302713249305], [20.67364432240094, 7.992120398429602, 2.650393230502985]]
Attitude: [[0.0, 0.0, 0.0], [1.6614577493511176, 0.9944855483118206, 0.5852456997051783], [1.0625501950963838, 0.5261367364840234, 1.446472282911334], [0.3867733775955384, 1.2046409482682174, 1.4517841548325077]]
Save Location: maps/map239/test.txt
