# Note +ve X is north
# Note +ve Y is West
# x, y, height
# waypoints
G: (11.0,-17.0,15)
G: (14.862785333090045,-16.247763394737213,15)
G: (18.756177882107394,-15.681071669971638,15)
G: (22.57180299870248,-14.647771550683945,15)
G: (26.395615746656176,-15.111346959453513,15)
G: (29.0,-17.0,15)


# wall segments
# x1, y1, x2, y2, z
W: (40.0,-14.6,28.0,-10.600000000000001,3)
W: (28.0,-10.600000000000001,0.0,-14.6,3)
W: (0.0,-7.399999999999999,28.0,-3.3999999999999986,3)
W: (28.0,-3.3999999999999986,40.0,-7.399999999999999,3)


# environment settings
R: (0)
D: (1)
