Path: 1088
Path Score: 4.30796070747704
Waypoints: [[1.0, 1.0, 1.0], [6.277705044557794, 0.35330246109405494, 2.6825947684151497], [17.706033312931638, 4.518394432447099, 9.377252942966788], [29.0, 29.0, 14.0]]
Velocity: [[0.0, 0.0, 0.0], [5.277705044557794, -0.6466975389059451, 1.6825947684151497], [11.428328268373843, 4.1650919713530445, 6.694658174551638], [11.293966687068362, 24.4816055675529, 4.622747057033212]]
Attitude: [[0.0, 0.0, 0.0], [0.32912608513099045, 1.687014641004876, 1.264321452563771], [0.6039250712546012, 1.2661180856441578, 1.0676600422389635], [1.1451899649855437, 0.4624253025601873, 1.400987839228693]]
Save Location: maps/map810/test.txt
