Path: 1714
Path Score: 4.22848186941896
Waypoints: [[1.0, 1.0, 1.0], [10.805725952785512, 11.283487147150078, 0.7484718343695662], [24.417165918970664, 21.028566972505814, 13.862338142170172], [29.0, 29.0, 14.0]]
Velocity: [[0.0, 0.0, 0.0], [9.805725952785512, 10.283487147150078, -0.2515281656304338], [13.611439966185152, 9.745079825355736, 13.113866307800606], [4.582834081029336, 7.971433027494186, 0.1376618578298281]]
Attitude: [[0.0, 0.0, 0.0], [0.8093250089126587, 0.7617849255869302, 1.5884962164824006], [0.8761957121285205, 1.094756554397349, 0.9062777602909484], [1.0490962265383572, 0.5219593966089846, 1.5558258939074248]]
Save Location: maps/map1349/test.txt
