Path: 1435
Path Score: 4.3284284813002465
Waypoints: [[1.0, 1.0, 1.0], [10.074445050749116, 1.0357225832720962, 9.412027835082272], [18.295648198935922, 21.67677091998945, 14.790388562251113], [29.0, 29.0, 14.0]]
Velocity: [[0.0, 0.0, 0.0], [9.074445050749116, 0.03572258327209621, 8.412027835082272], [8.221203148186806, 20.641048336717354, 5.378360727168841], [10.704351801064078, 7.323229080010549, -0.7903885622511133]]
Attitude: [[0.0, 0.0, 0.0], [0.7475390695972799, 1.5679093516700198, 0.8232656157544957], [1.2029177739345314, 0.44422692066763314, 1.3332932578412404], [0.6027006201753293, 0.9720633967168617, 1.6316622645059446]]
Save Location: maps/map691/test.txt
