Path: 2081
Path Score: 4.307874113395963
Waypoints: [[1.0, 1.0, 1.0], [2.1051801977178286, 12.705542697858661, 1.33533427386211], [8.962504318780672, 19.70715034496878, 6.76140850408924], [29.0, 29.0, 14.0]]
Velocity: [[0.0, 0.0, 0.0], [1.1051801977178286, 11.705542697858661, 0.3353342738621099], [6.8573241210628435, 7.00160764711012, 5.42607423022713], [20.037495681219326, 9.292849655031219, 7.23859149591076]]
Attitude: [[0.0, 0.0, 0.0], [1.4766986395106851, 0.09834724994807642, 1.5422834159518], [0.9120262715893486, 0.895633086262497, 1.0651432934493914], [0.5314510518725527, 1.159491135048408, 1.2541033357169327]]
Save Location: maps/map811/test.txt
