Path: 2158
Path Score: 4.188918652753609
Waypoints: [[1.0, 1.0, 1.0], [5.839689469355285, 6.231079992564079, 1.4400139470819306], [10.81745541664519, 17.765990078921153, 6.9670533080542265], [29.0, 29.0, 14.0]]
Velocity: [[0.0, 0.0, 0.0], [4.839689469355285, 5.231079992564079, 0.44001394708193065], [4.977765947289905, 11.534910086357073, 5.527039360972296], [18.18254458335481, 11.234009921078847, 7.0329466919457735]]
Attitude: [[0.0, 0.0, 0.0], [0.8259996858182699, 0.748605830934555, 1.5091311358387776], [1.1996605707443118, 0.5727389336405564, 1.1563387385128288], [0.6298821484480811, 1.0480294904711909, 1.2528998172006138]]
Save Location: maps/map1657/test.txt
