Path: 405
Path Score: 4.163637627732657
Waypoints: [[1.0, 1.0, 1.0], [8.23561037690084, 4.511685430060676, 8.33124458240136], [26.287300151641748, 16.492398494138193, 13.77497605122596], [29.0, 29.0, 14.0]]
Velocity: [[0.0, 0.0, 0.0], [7.235610376900841, 3.511685430060676, 7.331244582401361], [18.051689774740908, 11.980713064077516, 5.443731468824598], [2.712699848358252, 12.507601505861807, 0.22502394877404086]]
Attitude: [[0.0, 0.0, 0.0], [0.8434728410597166, 1.2422312953632766, 0.8316455994328315], [0.6299174899241932, 1.0047355211817248, 1.3246314050747383], [1.3572535290988061, 0.21428765206758904, 1.553215933347118]]
Save Location: maps/map1860/test.txt
