Path: 2407
Path Score: 4.158287467478765
Waypoints: [[1.0, 1.0, 1.0], [12.422424952449036, 7.364456284222653, 4.120550879483655], [26.287300151641748, 16.492398494138193, 13.77497605122596], [29.0, 29.0, 14.0]]
Velocity: [[0.0, 0.0, 0.0], [11.422424952449036, 6.364456284222653, 3.1205508794836554], [13.864875199192712, 9.12794220991554, 9.654425171742304], [2.712699848358252, 12.507601505861807, 0.22502394877404086]]
Attitude: [[0.0, 0.0, 0.0], [0.5554007765856399, 1.0776065097557235, 1.3365284239372268], [0.7640940935296118, 1.075451572433808, 1.0440175296426413], [1.3572535290988061, 0.21428765206758904, 1.553215933347118]]
Save Location: maps/map1892/test.txt
