Path: 713
Path Score: 4.3072759545381665
Waypoints: [[1.0, 1.0, 1.0], [7.279071891786115, 11.99037003440958, 7.619831722996372], [24.882695815361128, 14.368288597070304, 12.113832918894575], [29.0, 29.0, 14.0]]
Velocity: [[0.0, 0.0, 0.0], [6.279071891786115, 10.99037003440958, 6.619831722996372], [17.603623923575014, 2.3779185626607244, 4.494001195898203], [4.117304184638872, 14.631711402929696, 1.886167081105425]]
Attitude: [[0.0, 0.0, 0.0], [1.115662030937802, 0.6928797362779866, 1.088924427386206], [0.2811719901269463, 1.4406525777376176, 1.3230048791625078], [1.2986348105444985, 0.30016579609209537, 1.4473372730099068]]
Save Location: maps/map817/test.txt
