Path: 1884
Path Score: 4.100277966300734
Waypoints: [[1.0, 1.0, 1.0], [8.469661386104097, 5.59096684474812, 2.5279558793890997], [16.060622627406442, 22.284008548073043, 8.655570821620126], [29.0, 29.0, 14.0]]
Velocity: [[0.0, 0.0, 0.0], [7.469661386104097, 4.59096684474812, 1.5279558793890997], [7.590961241302345, 16.693041703324923, 6.127614942231026], [12.939377372593558, 6.715991451926957, 5.344429178379874]]
Attitude: [[0.0, 0.0, 0.0], [0.5747996990566772, 1.0288000156137393, 1.3982583619310816], [1.1673290684630606, 0.5288751143190321, 1.248311460514151], [0.5856835745155158, 1.123499545747589, 1.2194127759243851]]
Save Location: maps/map2247/test.txt
