Path: 495
Path Score: 4.204082830079431
Waypoints: [[1.0, 1.0, 1.0], [11.29885047226655, 13.922680563011099, 6.0742347128672325], [21.595430679697905, 24.032909211980147, 6.078853224688489], [29.0, 29.0, 14.0]]
Velocity: [[0.0, 0.0, 0.0], [10.29885047226655, 12.922680563011099, 5.0742347128672325], [10.296580207431356, 10.110228648969048, 0.004618511821256277], [7.404569320302095, 4.967090788019853, 7.921146775311511]]
Attitude: [[0.0, 0.0, 0.0], [0.932550665210745, 0.7263919285052141, 1.2728643435485965], [0.7762666369736353, 0.7945297922731794, 1.57047627236792], [0.9009774146927041, 1.1412360805544841, 0.8444306588818015]]
Save Location: maps/map1524/test.txt
