Path: 356
Path Score: 4.240513460444284
Waypoints: [[1.0, 1.0, 1.0], [11.62421921707525, 9.637940007438962, 4.108292062461251], [12.613060744395664, 17.548051480031873, 8.080005726347148], [29.0, 29.0, 14.0]]
Velocity: [[0.0, 0.0, 0.0], [10.62421921707525, 8.637940007438962, 3.108292062461251], [0.9888415273204139, 7.910111472592911, 3.9717136638858968], [16.386939255604336, 11.451948519968127, 5.919994273652852]]
Attitude: [[0.0, 0.0, 0.0], [0.7126112608988734, 0.9081638967287853, 1.3475745118170808], [1.4595397492707425, 0.47749721734105227, 1.108567340143053], [0.6665783723714116, 0.989326980912511, 1.28290425102486]]
Save Location: maps/map1261/test.txt
