Path: 1365
Path Score: 4.222337066617409
Waypoints: [[1.0, 1.0, 1.0], [2.1166871798879825, 7.959406805005861, 2.641112218552253], [17.427868364228836, 16.4750747584921, 4.825948732556496], [29.0, 29.0, 14.0]]
Velocity: [[0.0, 0.0, 0.0], [1.1166871798879825, 6.959406805005861, 1.6411122185522529], [15.311181184340853, 8.515667953486238, 2.184836514004243], [11.572131635771164, 12.524925241507901, 9.174051267443504]]
Attitude: [[0.0, 0.0, 0.0], [1.4158739947349994, 0.27784815422419984, 1.3420381855188857], [0.5212229896125226, 1.0674958125662688, 1.4467312220912008], [0.930265420446883, 0.8673805595008431, 1.0772217983493675]]
Save Location: maps/map1394/test.txt
