Path: 1990
Path Score: 4.124379701972435
Waypoints: [[1.0, 1.0, 1.0], [7.908661902969909, 13.249370598681029, 5.122888052721978], [20.610598369444524, 19.278006681353382, 8.827928443474919], [29.0, 29.0, 14.0]]
Velocity: [[0.0, 0.0, 0.0], [6.908661902969909, 12.249370598681029, 4.122888052721978], [12.701936466474615, 6.028636082672353, 3.7050403907529414], [8.389401630555476, 9.721993318646618, 5.172071556525081]]
Attitude: [[0.0, 0.0, 0.0], [1.0799032623057099, 0.5811391675180452, 1.2856207472042467], [0.5082714670013776, 1.1432658350140594, 1.3131373950675003], [0.919766086046802, 0.7922213235648208, 1.1879058042443305]]
Save Location: maps/map2108/test.txt
