Path: 885
Path Score: 4.249871231621022
Waypoints: [[1.0, 1.0, 1.0], [13.622214221490246, 10.560085107867, 6.307093757900562], [22.610660907061256, 12.829583706462888, 7.646387831785042], [29.0, 29.0, 14.0]]
Velocity: [[0.0, 0.0, 0.0], [12.622214221490246, 9.560085107867, 5.307093757900562], [8.98844668557101, 2.269498598595888, 1.3392940738844805], [6.389339092938744, 16.170416293537112, 6.353612168214958]]
Attitude: [[0.0, 0.0, 0.0], [0.7138698155414545, 0.9612815674177257, 1.2473929819737224], [0.2851859082538418, 1.3260683901867256, 1.4273211383308129], [1.2183916059253201, 0.5083781419888332, 1.2204471921007194]]
Save Location: maps/map1194/test.txt
