Path: 2237
Path Score: 4.303140416479359
Waypoints: [[1.0, 1.0, 1.0], [5.7591996310330025, 10.496060591014656, 1.1961851557501069], [8.962504318780672, 19.70715034496878, 6.76140850408924], [29.0, 29.0, 14.0]]
Velocity: [[0.0, 0.0, 0.0], [4.7591996310330025, 9.496060591014656, 0.19618515575010687], [3.2033046877476696, 9.211089753954125, 5.565223348339133], [20.037495681219326, 9.292849655031219, 7.23859149591076]]
Attitude: [[0.0, 0.0, 0.0], [1.1062936554501903, 0.46492826404694765, 1.5523285842779897], [1.2814916641522855, 0.6087939570008852, 1.0522270872092245], [0.5314510518725527, 1.159491135048408, 1.2541033357169327]]
Save Location: maps/map843/test.txt
