Path: 1627
Path Score: 4.0795761188111195
Waypoints: [[1.0, 1.0, 1.0], [10.36013664890983, 5.847929453477029, 2.4421408215587084], [25.89146789512382, 17.947079052650324, 10.291630941969098], [29.0, 29.0, 14.0]]
Velocity: [[0.0, 0.0, 0.0], [9.36013664890983, 4.847929453477029, 1.4421408215587084], [15.531331246213991, 12.099149599173295, 7.8494901204103895], [3.108532104876179, 11.052920947349676, 3.708369058030902]]
Attitude: [[0.0, 0.0, 0.0], [0.49541529610661705, 1.0976792558885609, 1.4348290922750935], [0.7483915461363753, 0.9632550793467406, 1.191413685170691], [1.3102246373088302, 0.4126571490004325, 1.2583924394013435]]
Save Location: maps/map2328/test.txt
