Path: 132
Path Score: 4.160813392270148
Waypoints: [[1.0, 1.0, 1.0], [1.4054990619177365, 2.018923329900705, 5.290815032320245], [11.29885047226655, 13.922680563011099, 6.0742347128672325], [29.0, 29.0, 14.0]]
Velocity: [[0.0, 0.0, 0.0], [0.40549906191773655, 1.018923329900705, 4.290815032320245], [9.893351410348814, 11.903757233110394, 0.7834196805469871], [17.70114952773345, 15.077319436988901, 7.9257652871327675]]
Attitude: [[0.0, 0.0, 0.0], [1.479107067399564, 1.338645930601151, 0.2502235615876531], [0.8784326909061047, 0.6949624935678297, 1.5202254234676014], [0.7661818536866618, 0.9099886285213937, 1.2422839364012292]]
Save Location: maps/map1878/test.txt
