Path: 1589
Path Score: 4.108001393000543
Waypoints: [[1.0, 1.0, 1.0], [5.1328300726842055, 6.167067988359742, 4.338023583503114], [22.781985147361475, 18.865246195222316, 4.237269029022857], [29.0, 29.0, 14.0]]
Velocity: [[0.0, 0.0, 0.0], [4.1328300726842055, 5.167067988359742, 3.338023583503114], [17.649155074677267, 12.698178206862574, -0.10075455448025661], [6.218014852638525, 10.134753804777684, 9.762730970977142]]
Attitude: [[0.0, 0.0, 0.0], [0.9792202736645594, 0.799275207152919, 1.1035589735254734], [0.6236940858295259, 0.9471248886426478, 1.5754302843807173], [1.154725411250614, 0.8516309695069436, 0.8833371316925762]]
Save Location: maps/map2209/test.txt
