Path: 312
Path Score: 4.256568311983471
Waypoints: [[1.0, 1.0, 1.0], [11.62421921707525, 9.637940007438962, 4.108292062461251], [19.747287023046923, 29.82416487797133, 10.432454096489826], [29.0, 29.0, 14.0]]
Velocity: [[0.0, 0.0, 0.0], [10.62421921707525, 8.637940007438962, 3.108292062461251], [8.123067805971672, 20.18622487053237, 6.324162034028575], [9.252712976953077, -0.8241648779713309, 3.567545903510174]]
Attitude: [[0.0, 0.0, 0.0], [0.7126112608988734, 0.9081638967287853, 1.3475745118170808], [1.2041566283426643, 0.47160172910377746, 1.2879472158207068], [0.3768134483966241, 1.6537149137271474, 1.2041176775046736]]
Save Location: maps/map1154/test.txt
