Path: 1193
Path Score: 4.130873756668844
Waypoints: [[1.0, 1.0, 1.0], [10.98841998167141, 13.67984788740044, 4.669955467169109], [25.82242157098592, 26.583335307071817, 8.735195019153062], [29.0, 29.0, 14.0]]
Velocity: [[0.0, 0.0, 0.0], [9.98841998167141, 12.67984788740044, 3.6699554671691086], [14.83400158931451, 12.903487419671377, 4.065239551983954], [3.17757842901408, 2.416664692928183, 5.264804980846938]]
Attitude: [[0.0, 0.0, 0.0], [0.9230317793050691, 0.698207449561829, 1.3472349331065676], [0.739409442235571, 0.872766358104866, 1.3669010179151475], [1.0690872565574958, 1.1963461847155972, 0.6487738662809521]]
Save Location: maps/map2071/test.txt
