Path: 1024
Path Score: 4.163668741141828
Waypoints: [[1.0, 1.0, 1.0], [5.124139793286082, 11.529276214212281, 3.1169525438428494], [16.0492409098564, 24.532128528212887, 5.259776536804952], [29.0, 29.0, 14.0]]
Velocity: [[0.0, 0.0, 0.0], [4.124139793286082, 10.529276214212281, 2.1169525438428494], [10.92510111657032, 13.002852314000606, 2.1428239929621027], [12.950759090143599, 4.467871471787113, 8.740223463195047]]
Attitude: [[0.0, 0.0, 0.0], [1.2041596665548568, 0.4147337109116922, 1.3857324418142094], [0.8786053783908038, 0.7080922578231459, 1.4452870179425221], [0.6485671725677874, 1.2922699173049879, 1.0029155967308279]]
Save Location: maps/map1858/test.txt
