Path: 1385
Path Score: 4.415823835319818
Waypoints: [[1.0, 1.0, 1.0], [2.1166871798879825, 7.959406805005861, 2.641112218552253], [10.154931135603169, 27.558570916545424, 10.904913587202246], [29.0, 29.0, 14.0]]
Velocity: [[0.0, 0.0, 0.0], [1.1166871798879825, 6.959406805005861, 1.6411122185522529], [8.038243955715187, 19.599164111539565, 8.263801368649993], [18.84506886439683, 1.441429083454576, 3.0950864127977535]]
Attitude: [[0.0, 0.0, 0.0], [1.4158739947349994, 0.27784815422419984, 1.3420381855188857], [1.2094745603171455, 0.5317039790942355, 1.198848595116088], [0.1792318684503368, 1.4954619679425223, 1.4084768971650652]]
Save Location: maps/map308/test.txt
