Path: 2151
Path Score: 4.300336704727722
Waypoints: [[1.0, 1.0, 1.0], [5.839689469355285, 6.231079992564079, 1.4400139470819306], [17.189475107527144, 6.123320838397045, 11.315568873473534], [29.0, 29.0, 14.0]]
Velocity: [[0.0, 0.0, 0.0], [4.839689469355285, 5.231079992564079, 0.44001394708193065], [11.34978563817186, -0.10775915416703441, 9.875554926391604], [11.810524892472856, 22.876679161602954, 2.6844311265264658]]
Attitude: [[0.0, 0.0, 0.0], [0.8259996858182699, 0.748605830934555, 1.5091311358387776], [0.7160828463916252, 1.577958784058523, 0.8547652776255222], [1.0969999474799046, 0.4869188424541576, 1.4669037812398578]]
Save Location: maps/map867/test.txt
