Path: 1441
Path Score: 4.275609008726973
Waypoints: [[1.0, 1.0, 1.0], [10.074445050749116, 1.0357225832720962, 9.412027835082272], [20.610598369444524, 19.278006681353382, 8.827928443474919], [29.0, 29.0, 14.0]]
Velocity: [[0.0, 0.0, 0.0], [9.074445050749116, 0.03572258327209621, 8.412027835082272], [10.536153318695408, 18.242284098081285, -0.5840993916073529], [8.389401630555476, 9.721993318646618, 5.172071556525081]]
Attitude: [[0.0, 0.0, 0.0], [0.7475390695972799, 1.5679093516700198, 0.8232656157544957], [1.0472563895555194, 0.524426557435216, 1.5985158676400981], [0.919766086046802, 0.7922213235648208, 1.1879058042443305]]
Save Location: maps/map1022/test.txt
