Path: 2413
Path Score: 4.095376961806199
Waypoints: [[1.0, 1.0, 1.0], [12.422424952449036, 7.364456284222653, 4.120550879483655], [18.987168424161545, 21.350324413129044, 10.434584031210562], [29.0, 29.0, 14.0]]
Velocity: [[0.0, 0.0, 0.0], [11.422424952449036, 6.364456284222653, 3.1205508794836554], [6.564743471712509, 13.985868128906391, 6.314033151726907], [10.012831575838455, 7.649675586870956, 3.565415968789438]]
Attitude: [[0.0, 0.0, 0.0], [0.5554007765856399, 1.0776065097557235, 1.3365284239372268], [1.1665499649235922, 0.577258425848566, 1.1828321329067664], [0.7003550436294252, 0.9469578898565721, 1.2950479413160163]]
Save Location: maps/map2271/test.txt
