Path: 1401
Path Score: 4.186496147669073
Waypoints: [[1.0, 1.0, 1.0], [2.1166871798879825, 7.959406805005861, 2.641112218552253], [14.68158349565293, 13.843237883893032, 6.016948201033536], [29.0, 29.0, 14.0]]
Velocity: [[0.0, 0.0, 0.0], [1.1166871798879825, 6.959406805005861, 1.6411122185522529], [12.564896315764948, 5.883831078887171, 3.375835982481283], [14.31841650434707, 15.156762116106968, 7.983051798966464]]
Attitude: [[0.0, 0.0, 0.0], [1.4158739947349994, 0.27784815422419984, 1.3420381855188857], [0.4950375030454137, 1.1460833197933713, 1.332118463156767], [0.8745806038813252, 0.824576452033356, 1.2051434100274334]]
Save Location: maps/map1674/test.txt
