Path: 361
Path Score: 4.157497735425987
Waypoints: [[1.0, 1.0, 1.0], [11.62421921707525, 9.637940007438962, 4.108292062461251], [17.142077840697404, 12.866671640253438, 8.671369517017055], [29.0, 29.0, 14.0]]
Velocity: [[0.0, 0.0, 0.0], [10.62421921707525, 8.637940007438962, 3.108292062461251], [5.517858623622153, 3.228731632814476, 4.563077454555804], [11.857922159302596, 16.133328359746564, 5.328630482982945]]
Attitude: [[0.0, 0.0, 0.0], [0.7126112608988734, 0.9081638967287853, 1.3475745118170808], [0.7918789675388642, 1.1471712059936006, 0.9508999389407139], [0.9614723836846367, 0.6782653453057865, 1.3106912242211473]]
Save Location: maps/map1897/test.txt
