Path: 2068
Path Score: 4.327364852382479
Waypoints: [[1.0, 1.0, 1.0], [2.1051801977178286, 12.705542697858661, 1.33533427386211], [11.29885047226655, 13.922680563011099, 6.0742347128672325], [29.0, 29.0, 14.0]]
Velocity: [[0.0, 0.0, 0.0], [1.1051801977178286, 11.705542697858661, 0.3353342738621099], [9.19367027454872, 1.2171378651524378, 4.738900439005123], [17.70114952773345, 15.077319436988901, 7.9257652871327675]]
Attitude: [[0.0, 0.0, 0.0], [1.4766986395106851, 0.09834724994807642, 1.5422834159518], [0.48906080449941397, 1.45365928858446, 1.098392306451162], [0.7661818536866618, 0.9099886285213937, 1.2422839364012292]]
Save Location: maps/map698/test.txt
