Path: 1166
Path Score: 4.021541255457425
Waypoints: [[1.0, 1.0, 1.0], [7.244355243304841, 4.686769508950413, 5.732290508395203], [22.31107341157168, 20.857103800923483, 7.836819148340205], [29.0, 29.0, 14.0]]
Velocity: [[0.0, 0.0, 0.0], [6.244355243304841, 3.6867695089504133, 4.732290508395203], [15.066718168266839, 16.17033429197307, 2.104528639945002], [6.68892658842832, 8.142896199076517, 6.163180851659795]]
Attitude: [[0.0, 0.0, 0.0], [0.7653529368027897, 1.1309818444795048, 0.9925991767107255], [0.8249011978918342, 0.7549027184055613, 1.4758623939003734], [0.9909241630968201, 0.8405978425021317, 1.041586930795209]]
Save Location: maps/map2475/test.txt
