Path: 2027
Path Score: 4.217920068807892
Waypoints: [[1.0, 1.0, 1.0], [1.6574939373145603, 7.640942564656317, 6.853106441814953], [11.40378861351021, 23.288761880938765, 11.804403224732908], [29.0, 29.0, 14.0]]
Velocity: [[0.0, 0.0, 0.0], [0.6574939373145603, 6.640942564656317, 5.853106441814953], [9.74629467619565, 15.647819316282447, 4.9512967829179555], [17.59621138648979, 5.711238119061235, 2.1955967752670915]]
Attitude: [[0.0, 0.0, 0.0], [1.4966576018134188, 0.7255359120981532, 0.8507902510389312], [1.0349227870678748, 0.6097984226061326, 1.3084055036259674], [0.33465120952432154, 1.2592127196021017, 1.4526670982553629]]
Save Location: maps/map1417/test.txt
