Path: 817
Path Score: 4.212992163126142
Waypoints: [[1.0, 1.0, 1.0], [4.844954787942095, 14.493280729732227, 5.905721797057641], [21.391366360934747, 19.016584990160858, 9.132275513596717], [29.0, 29.0, 14.0]]
Velocity: [[0.0, 0.0, 0.0], [3.844954787942095, 13.493280729732227, 4.905721797057641], [16.546411572992653, 4.523304260428631, 3.226553716539076], [7.608633639065253, 9.983415009839142, 4.867724486403283]]
Attitude: [[0.0, 0.0, 0.0], [1.3091332202726853, 0.43273101466224884, 1.2344339666278068], [0.3239621998687963, 1.308653878853849, 1.3848703718803212], [0.9701837951063373, 0.7354334851728955, 1.20085483013767]]
Save Location: maps/map1448/test.txt
