Path: 1019
Path Score: 4.354486616119664
Waypoints: [[1.0, 1.0, 1.0], [5.124139793286082, 11.529276214212281, 3.1169525438428494], [7.389357188954467, 23.477432848813812, 10.209341262023914], [29.0, 29.0, 14.0]]
Velocity: [[0.0, 0.0, 0.0], [4.124139793286082, 10.529276214212281, 2.1169525438428494], [2.265217395668385, 11.948156634601531, 7.0923887181810645], [21.610642811045533, 5.522567151186188, 3.790658737976086]]
Attitude: [[0.0, 0.0, 0.0], [1.2041596665548568, 0.4147337109116922, 1.3857324418142094], [1.409189661941789, 0.5572590039811289, 1.0428152390361174], [0.3005654335537563, 1.324213007369078, 1.4024590083582664]]
Save Location: maps/map556/test.txt
