Path: 937
Path Score: 4.366575930718009
Waypoints: [[1.0, 1.0, 1.0], [7.363766588778974, 0.518530266354752, 10.190548616200227], [17.142077840697404, 12.866671640253438, 8.671369517017055], [29.0, 29.0, 14.0]]
Velocity: [[0.0, 0.0, 0.0], [6.363766588778974, -0.48146973364524803, 9.190548616200227], [9.77831125191843, 12.348141373898686, -1.5191790991831713], [11.857922159302596, 16.133328359746564, 5.328630482982945]]
Attitude: [[0.0, 0.0, 0.0], [0.9658135015594402, 1.6138399388547588, 0.6069604064989591], [0.9046755433771424, 0.6755850694386344, 1.666948993166831], [0.9614723836846367, 0.6782653453057865, 1.3106912242211473]]
Save Location: maps/map485/test.txt
