Path: 1788
Path Score: 4.204567918627278
Waypoints: [[1.0, 1.0, 1.0], [5.8300877579373775, 12.986927175779844, 2.2883830638241456], [17.427868364228836, 16.4750747584921, 4.825948732556496], [29.0, 29.0, 14.0]]
Velocity: [[0.0, 0.0, 0.0], [4.8300877579373775, 11.986927175779844, 1.2883830638241456], [11.597780606291458, 3.488147582712255, 2.5375656687323502], [11.572131635771164, 12.524925241507901, 9.174051267443504]]
Attitude: [[0.0, 0.0, 0.0], [1.1897394258126446, 0.3951048953544142, 1.471431398260883], [0.3560728621349053, 1.285028561173348, 1.3642580166292713], [0.930265420446883, 0.8673805595008431, 1.0772217983493675]]
Save Location: maps/map1517/test.txt
