Path: 2109
Path Score: 4.202207758391253
Waypoints: [[1.0, 1.0, 1.0], [7.976694836660609, 10.929766397758005, 9.409001445334173], [16.72641038031882, 15.264827052821502, 13.846194206338602], [29.0, 29.0, 14.0]]
Velocity: [[0.0, 0.0, 0.0], [6.976694836660609, 9.929766397758005, 8.409001445334173], [8.749715543658212, 4.335060655063497, 4.437192761004429], [12.273589619681179, 13.735172947178498, 0.15380579366139813]]
Attitude: [[0.0, 0.0, 0.0], [1.0786293818483852, 0.8331465441750755, 0.9648405508336908], [0.6167249044312851, 1.1547163001172607, 1.1442815807318212], [0.8415660736191315, 0.7293004114667039, 1.5624465811421142]]
Save Location: maps/map1546/test.txt
