Path: 2411
Path Score: 4.3096245596819625
Waypoints: [[1.0, 1.0, 1.0], [12.422424952449036, 7.364456284222653, 4.120550879483655], [14.201298455250685, 22.98387750158817, 5.257885864403107], [29.0, 29.0, 14.0]]
Velocity: [[0.0, 0.0, 0.0], [11.422424952449036, 6.364456284222653, 3.1205508794836554], [1.7788735028016482, 15.619421217365518, 1.1373349849194518], [14.798701544749315, 6.0161224984118284, 8.742114135596893]]
Attitude: [[0.0, 0.0, 0.0], [0.5554007765856399, 1.0776065097557235, 1.3365284239372268], [1.4576932515464656, 0.13436209193111429, 1.498574407534326], [0.622111751572226, 1.2341041498642775, 1.070072352441417]]
Save Location: maps/map797/test.txt
