Path: 1092
Path Score: 4.315546033469826
Waypoints: [[1.0, 1.0, 1.0], [6.277705044557794, 0.35330246109405494, 2.6825947684151497], [11.29885047226655, 13.922680563011099, 6.0742347128672325], [29.0, 29.0, 14.0]]
Velocity: [[0.0, 0.0, 0.0], [5.277705044557794, -0.6466975389059451, 1.6825947684151497], [5.021145427708755, 13.569378101917044, 3.391639944452083], [17.70114952773345, 15.077319436988901, 7.9257652871327675]]
Attitude: [[0.0, 0.0, 0.0], [0.32912608513099045, 1.687014641004876, 1.264321452563771], [1.2261341736373248, 0.41997473471571284, 1.3405396860700893], [0.7661818536866618, 0.9099886285213937, 1.2422839364012292]]
Save Location: maps/map758/test.txt
