Path: 159
Path Score: 4.354311511881349
Waypoints: [[1.0, 1.0, 1.0], [0.8689948832512862, 4.64282219210965, 7.776103442790986], [14.43692874246404, 21.36894668574859, 11.322509376936443], [29.0, 29.0, 14.0]]
Velocity: [[0.0, 0.0, 0.0], [-0.13100511674871385, 3.6428221921096497, 6.776103442790986], [13.567933859212754, 16.72612449363894, 3.546405934145457], [14.56307125753596, 7.63105331425141, 2.677490623063557]]
Attitude: [[0.0, 0.0, 0.0], [1.5878233126910848, 1.077602275761293, 0.4935415452562085], [0.9000061695067665, 0.6977412386427723, 1.407596807710789], [0.5069175043207065, 1.0949344880442036, 1.4093618733327953]]
Save Location: maps/map557/test.txt
