Path: 1957
Path Score: 4.3184620173438635
Waypoints: [[1.0, 1.0, 1.0], [7.908661902969909, 13.249370598681029, 5.122888052721978], [19.70415101856637, 13.671074305937509, 12.81372080915123], [29.0, 29.0, 14.0]]
Velocity: [[0.0, 0.0, 0.0], [6.908661902969909, 12.249370598681029, 4.122888052721978], [11.795489115596462, 0.42170370725648, 7.690832756429252], [9.295848981433629, 15.328925694062491, 1.1862791908487704]]
Attitude: [[0.0, 0.0, 0.0], [1.0799032623057099, 0.5811391675180452, 1.2856207472042467], [0.5784771993302935, 1.5408574521691296, 0.993298235724677], [1.0269884977688475, 0.548718444626354, 1.5047210663746937]]
Save Location: maps/map742/test.txt
