Path: 2370
Path Score: 4.206506563548627
Waypoints: [[1.0, 1.0, 1.0], [2.7823021602657514, 3.2626923788090734, 6.811174955232296], [12.704603846584774, 19.922199713463662, 8.33279809450805], [29.0, 29.0, 14.0]]
Velocity: [[0.0, 0.0, 0.0], [1.7823021602657514, 2.2626923788090734, 5.811174955232296], [9.922301686319024, 16.659507334654588, 1.5216231392757535], [16.295396153415226, 9.077800286536338, 5.66720190549195]]
Attitude: [[0.0, 0.0, 0.0], [1.2924157480158258, 1.2144350237412072, 0.46016632051788314], [1.0354472754371005, 0.5422972751917393, 1.49248417696863], [0.5810873343497762, 1.0864359774071253, 1.2758411019683804]]
Save Location: maps/map1496/test.txt
