Path: 1646
Path Score: 4.2103049845667835
Waypoints: [[1.0, 1.0, 1.0], [10.36013664890983, 5.847929453477029, 2.4421408215587084], [12.704603846584774, 19.922199713463662, 8.33279809450805], [29.0, 29.0, 14.0]]
Velocity: [[0.0, 0.0, 0.0], [9.36013664890983, 4.847929453477029, 1.4421408215587084], [2.3444671976749447, 14.074270259986633, 5.890657272949341], [16.295396153415226, 9.077800286536338, 5.66720190549195]]
Attitude: [[0.0, 0.0, 0.0], [0.49541529610661705, 1.0976792558885609, 1.4348290922750935], [1.4183268123057333, 0.4232461371328659, 1.1792598968136019], [0.5810873343497762, 1.0864359774071253, 1.2758411019683804]]
Save Location: maps/map1470/test.txt
