Path: 1743
Path Score: 4.252590860607043
Waypoints: [[1.0, 1.0, 1.0], [10.805725952785512, 11.283487147150078, 0.7484718343695662], [18.72403228769046, 27.04667286152992, 8.275372330418275], [29.0, 29.0, 14.0]]
Velocity: [[0.0, 0.0, 0.0], [9.805725952785512, 10.283487147150078, -0.2515281656304338], [7.918306334904948, 15.763185714379842, 7.526900496048709], [10.27596771230954, 1.9533271384700797, 5.724627669581725]]
Attitude: [[0.0, 0.0, 0.0], [0.8093250089126587, 0.7617849255869302, 1.5884962164824006], [1.145199326831713, 0.6060566131600492, 1.1674954817670866], [0.5320146181463187, 1.4062402530460234, 1.0700368475848865]]
Save Location: maps/map1176/test.txt
