# Note +ve X is north
# Note +ve Y is West
# x, y, height
# waypoints
G: (4.0,-2.0,10)
G: (20.328519205663923,-6.9476196298013235,10)
G: (38.6297652411975,-1.6147444545132146,10)
G: (57.35945728824372,-5.613416821821438,10)
G: (45.77453895679483,6.0159335350505785,10)
G: (63.87068294117505,5.254513335912989,10)
G: (78.71383361548259,-5.370542979667455,10)
G: (96.0,-2.0,10)


# wall segments
# x1, y1, x2, y2, z
W: (96.0,-9.200000000000003,0.0,-9.200000000000003,30)
W: (0.0,5.200000000000003,28.0,5.200000000000003,30)
W: (28.0,5.200000000000003,52.0,13.200000000000003,30)
W: (52.0,13.200000000000003,76.0,9.200000000000003,30)
W: (76.0,9.200000000000003,83.2,2.0,30)
W: (83.2,2.0,96.0,5.200000000000003,30)


# environment settings
R: (0)
D: (1)
