Path: 257
Path Score: 4.2175829185968166
Waypoints: [[1.0, 1.0, 1.0], [10.236205802881091, 6.726958385030271, 8.616461550781413], [14.43692874246404, 21.36894668574859, 11.322509376936443], [29.0, 29.0, 14.0]]
Velocity: [[0.0, 0.0, 0.0], [9.236205802881091, 5.726958385030271, 7.616461550781413], [4.200722939582949, 14.641988300718317, 2.7060478261550305], [14.56307125753596, 7.63105331425141, 2.677490623063557]]
Attitude: [[0.0, 0.0, 0.0], [0.801018365502451, 1.1245932303302049, 0.9595076706588436], [1.2958246274962308, 0.328876740858757, 1.394982731720859], [0.5069175043207065, 1.0949344880442036, 1.4093618733327953]]
Save Location: maps/map1422/test.txt
