Path: 8
Path Total Score: 1.9577794575993903
Waypoints: [[0.1, 0.1, 0.1], [1.754029748521606, 8.796831284592564, 0.021913815375382284], [0.5861325529058825, 6.421250334185737, 0.11496396410481169], [2.053450870276122, 9.623967195311293, 0.760764310607211], [0.08096954230031983, 1.4670031527491878, 0.6588943006279768], [0.610712568686953, 4.691174302744965, 0.21011296479298391], [0.5749960347850169, 0.0857839069753763, 3.6534005917173316], [0.5861325529058825, 6.421250334185737, 0.11496396410481169], [0.610712568686953, 4.691174302744965, 0.21011296479298391], [5.0, 5.0, 2.5]]
Velocity: [[0.0, 0.0, 0.0], [1.654029748521606, 8.696831284592564, -0.07808618462461772], [-1.1678971956157236, -2.3755809504068264, 0.0930501487294294], [1.4673183173702395, 3.2027168611255554, 0.6458003465023993], [-1.9724813279758022, -8.156964042562105, -0.10187000997923412], [0.5297430263866332, 3.2241711499957777, -0.4487813358349929], [-0.035716533901936076, -4.605390395769589, 3.4432876269243478], [0.01113651812086558, 6.335466427210362, -3.53843662761252], [0.024580015781070497, -1.7300760314407722, 0.09514900068817223], [4.389287431313047, 0.3088256972550347, 2.289887035207016]]
Attitude: [[0.0, 0.0, 0.0], [0.0, 0.0, 0.0], [0.0, 0.0, 0.0], [0.0, 0.0, 0.0], [0.0, 0.0, 0.0], [0.0, 0.0, 0.0], [0.0, 0.0, 0.0], [0.0, 0.0, 0.0], [0.0, 0.0, 0.0], [0.0, 0.0, 0.0]]
Save Location: maps/map12/test.txt
