Path: 2216
Path Score: 4.119420455187692
Waypoints: [[1.0, 1.0, 1.0], [5.7591996310330025, 10.496060591014656, 1.1961851557501069], [16.596716632096093, 19.215720704642216, 5.13918037419731], [29.0, 29.0, 14.0]]
Velocity: [[0.0, 0.0, 0.0], [4.7591996310330025, 9.496060591014656, 0.19618515575010687], [10.837517001063091, 8.71966011362756, 3.9429952184472032], [12.403283367903907, 9.784279295357784, 8.86081962580269]]
Attitude: [[0.0, 0.0, 0.0], [1.1062936554501903, 0.46492826404694765, 1.5523285842779897], [0.7233534168905942, 0.9234068958103623, 1.2945750121300115], [0.816514821634672, 1.0001521739681158, 1.059633768091095]]
Save Location: maps/map2139/test.txt
