Path: 1674
Path Score: 4.424076382911015
Waypoints: [[1.0, 1.0, 1.0], [1.4862613186235762, 5.302297197202417, 9.54279168299124], [11.40378861351021, 23.288761880938765, 11.804403224732908], [29.0, 29.0, 14.0]]
Velocity: [[0.0, 0.0, 0.0], [0.48626131862357624, 4.302297197202417, 8.54279168299124], [9.917527294886634, 17.986464683736347, 2.2616115417416687], [17.59621138648979, 5.711238119061235, 2.1955967752670915]]
Attitude: [[0.0, 0.0, 0.0], [1.520002440634727, 1.1049085373684124, 0.46909167611999897], [1.070197317689496, 0.5146985176777982, 1.4611276669672666], [0.33465120952432154, 1.2592127196021017, 1.4526670982553629]]
Save Location: maps/map286/test.txt
