Path: 15
Path Score: 4.034198516478069
Waypoints: [[1.0, 1.0, 1.0], [8.883832853990807, 7.619820070167713, 5.821889119101872], [19.150517884687012, 16.221567393022806, 9.065163787729501], [29.0, 29.0, 14.0]]
Velocity: [[0.0, 0.0, 0.0], [7.883832853990807, 6.619820070167713, 4.821889119101872], [10.266685030696205, 8.601747322855093, 3.2432746686276293], [9.849482115312988, 12.778432606977194, 4.934836212270499]]
Attitude: [[0.0, 0.0, 0.0], [0.8044304960935175, 0.9492050844908356, 1.1327513067607105], [0.7302722658960152, 0.8967172323361984, 1.333222471102679], [0.9474095871230266, 0.7114898316461911, 1.2739640805957166]]
Save Location: maps/map2456/test.txt
