Path: 949
Path Score: 4.243305034161711
Waypoints: [[1.0, 1.0, 1.0], [7.03200889148945, 11.212381035806049, 2.4091861245466912], [10.81745541664519, 17.765990078921153, 6.9670533080542265], [29.0, 29.0, 14.0]]
Velocity: [[0.0, 0.0, 0.0], [6.03200889148945, 10.212381035806049, 1.4091861245466912], [3.7854465251557405, 6.553609043115104, 4.557867183507535], [18.18254458335481, 11.234009921078847, 7.0329466919457735]]
Attitude: [[0.0, 0.0, 0.0], [1.0413956223611207, 0.5452295055399751, 1.4525400011168248], [1.1279971415201957, 0.7350525568285293, 1.0287386712303879], [0.6298821484480811, 1.0480294904711909, 1.2528998172006138]]
Save Location: maps/map1243/test.txt
