Path: 1771
Path Score: 4.373178002868899
Waypoints: [[1.0, 1.0, 1.0], [5.8300877579373775, 12.986927175779844, 2.2883830638241456], [8.159225786633002, 22.267181592153765, 7.3392383843274605], [29.0, 29.0, 14.0]]
Velocity: [[0.0, 0.0, 0.0], [4.8300877579373775, 11.986927175779844, 1.2883830638241456], [2.329138028695624, 9.280254416373921, 5.050855320503315], [20.840774213367, 6.732818407846235, 6.6607616156725395]]
Attitude: [[0.0, 0.0, 0.0], [1.1897394258126446, 0.3951048953544142, 1.471431398260883], [1.3538234341626294, 0.5399331489923174, 1.0850892699552481], [0.42653797996828985, 1.2722670340266777, 1.2755587507369637]]
Save Location: maps/map448/test.txt
