Path: 1349
Path Score: 4.46230999586229
Waypoints: [[1.0, 1.0, 1.0], [2.1166871798879825, 7.959406805005861, 2.641112218552253], [4.285738701136791, 19.585317816941107, 12.839338817743226], [29.0, 29.0, 14.0]]
Velocity: [[0.0, 0.0, 0.0], [1.1166871798879825, 6.959406805005861, 1.6411122185522529], [2.169051521248808, 11.625911011935246, 10.198226599190972], [24.71426129886321, 9.414682183058893, 1.1606611822567743]]
Attitude: [[0.0, 0.0, 0.0], [1.4158739947349994, 0.27784815422419984, 1.3420381855188857], [1.431449621744205, 0.7310550632119772, 0.8591941154730303], [0.3664853104185652, 1.207193369817229, 1.5269377590332232]]
Save Location: maps/map187/test.txt
