Path: 1934
Path Score: 4.2667876544414005
Waypoints: [[1.0, 1.0, 1.0], [7.908661902969909, 13.249370598681029, 5.122888052721978], [10.81745541664519, 17.765990078921153, 6.9670533080542265], [29.0, 29.0, 14.0]]
Velocity: [[0.0, 0.0, 0.0], [6.908661902969909, 12.249370598681029, 4.122888052721978], [2.908793513675281, 4.516619480240124, 1.844165255332249], [18.18254458335481, 11.234009921078847, 7.0329466919457735]]
Attitude: [[0.0, 0.0, 0.0], [1.0799032623057099, 0.5811391675180452, 1.2856207472042467], [1.033150135356232, 0.6514821710103265, 1.2401233551547037], [0.6298821484480811, 1.0480294904711909, 1.2528998172006138]]
Save Location: maps/map1076/test.txt
