Path: 2353
Path Score: 4.174047043133612
Waypoints: [[1.0, 1.0, 1.0], [2.7823021602657514, 3.2626923788090734, 6.811174955232296], [19.70415101856637, 13.671074305937509, 12.81372080915123], [29.0, 29.0, 14.0]]
Velocity: [[0.0, 0.0, 0.0], [1.7823021602657514, 2.2626923788090734, 5.811174955232296], [16.92184885830062, 10.408381927128435, 6.002545853918933], [9.295848981433629, 15.328925694062491, 1.1862791908487704]]
Attitude: [[0.0, 0.0, 0.0], [1.2924157480158258, 1.2144350237412072, 0.46016632051788314], [0.6174327972126844, 1.0454408489212457, 1.2773755770087216], [1.0269884977688475, 0.548718444626354, 1.5047210663746937]]
Save Location: maps/map1770/test.txt
