Path: 838
Path Score: 4.204421844039926
Waypoints: [[1.0, 1.0, 1.0], [4.844954787942095, 14.493280729732227, 5.905721797057641], [20.610598369444524, 19.278006681353382, 8.827928443474919], [29.0, 29.0, 14.0]]
Velocity: [[0.0, 0.0, 0.0], [3.844954787942095, 13.493280729732227, 4.905721797057641], [15.76564358150243, 4.784725951621155, 2.922206646417278], [8.389401630555476, 9.721993318646618, 5.172071556525081]]
Attitude: [[0.0, 0.0, 0.0], [1.3091332202726853, 0.43273101466224884, 1.2344339666278068], [0.3416685600589643, 1.2808007521025582, 1.3952573437049496], [0.919766086046802, 0.7922213235648208, 1.1879058042443305]]
Save Location: maps/map1519/test.txt
