Path: 201
Path Score: 4.439039763751811
Waypoints: [[1.0, 1.0, 1.0], [0.1034748464100077, 6.396090427855569, 9.25430405624771], [7.177206899450002, 15.45719743824309, 14.540668792615357], [29.0, 29.0, 14.0]]
Velocity: [[0.0, 0.0, 0.0], [-0.8965251535899923, 5.396090427855569, 8.25430405624771], [7.073732053039993, 9.061107010387522, 5.286364736367647], [21.822793100549998, 13.54280256175691, -0.5406687926153566]]
Attitude: [[0.0, 0.0, 0.0], [1.6614577493511176, 0.9944855483118206, 0.5852456997051783], [0.9775258107494269, 0.7725277301836994, 1.1397625422801663], [0.5557718496340723, 1.0155187584190801, 1.591844435500265]]
Save Location: maps/map234/test.txt
