Path: 1619
Path Score: 4.118487151347006
Waypoints: [[1.0, 1.0, 1.0], [10.36013664890983, 5.847929453477029, 2.4421408215587084], [17.427868364228836, 16.4750747584921, 4.825948732556496], [29.0, 29.0, 14.0]]
Velocity: [[0.0, 0.0, 0.0], [9.36013664890983, 4.847929453477029, 1.4421408215587084], [7.067731715319006, 10.62714530501507, 2.3838079109977874], [11.572131635771164, 12.524925241507901, 9.174051267443504]]
Attitude: [[0.0, 0.0, 0.0], [0.49541529610661705, 1.0976792558885609, 1.4348290922750935], [0.9951678685430603, 0.6119822762614598, 1.3861461166248223], [0.930265420446883, 0.8673805595008431, 1.0772217983493675]]
Save Location: maps/map2144/test.txt
