Path: 1642
Path Score: 4.221742176111853
Waypoints: [[1.0, 1.0, 1.0], [10.36013664890983, 5.847929453477029, 2.4421408215587084], [14.31024281394206, 14.397341180730484, 10.344580509492056], [29.0, 29.0, 14.0]]
Velocity: [[0.0, 0.0, 0.0], [9.36013664890983, 4.847929453477029, 1.4421408215587084], [3.9501061650322296, 8.549411727253455, 7.902439687933348], [14.68975718605794, 14.602658819269516, 3.655419490507944]]
Attitude: [[0.0, 0.0, 0.0], [0.49541529610661705, 1.0976792558885609, 1.4348290922750935], [1.2436927223111973, 0.8018074496414096, 0.872668954748076], [0.7976180124622528, 0.8033878261380559, 1.3961151528842315]]
Save Location: maps/map1398/test.txt
