Path: 1047
Path Score: 4.226567637411265
Waypoints: [[1.0, 1.0, 1.0], [5.124139793286082, 11.529276214212281, 3.1169525438428494], [11.40378861351021, 23.288761880938765, 11.804403224732908], [29.0, 29.0, 14.0]]
Velocity: [[0.0, 0.0, 0.0], [4.124139793286082, 10.529276214212281, 2.1169525438428494], [6.2796488202241285, 11.759485666726484, 8.68745068089006], [17.59621138648979, 5.711238119061235, 2.1955967752670915]]
Attitude: [[0.0, 0.0, 0.0], [1.2041596665548568, 0.4147337109116922, 1.3857324418142094], [1.1651105452827628, 0.7391622368508147, 0.9932510758198381], [0.33465120952432154, 1.2592127196021017, 1.4526670982553629]]
Save Location: maps/map1362/test.txt
