Path: 1447
Path Score: 4.339680626230375
Waypoints: [[1.0, 1.0, 1.0], [10.074445050749116, 1.0357225832720962, 9.412027835082272], [17.142077840697404, 12.866671640253438, 8.671369517017055], [29.0, 29.0, 14.0]]
Velocity: [[0.0, 0.0, 0.0], [9.074445050749116, 0.03572258327209621, 8.412027835082272], [7.067632789948288, 11.830949056981343, -0.7406583180652166], [11.857922159302596, 16.133328359746564, 5.328630482982945]]
Attitude: [[0.0, 0.0, 0.0], [0.7475390695972799, 1.5679093516700198, 0.8232656157544957], [1.033162419614053, 0.5409020383311135, 1.6244885945813696], [0.9614723836846367, 0.6782653453057865, 1.3106912242211473]]
Save Location: maps/map633/test.txt
