Path: 7
Path Total Score: 2.1146642293730236
Waypoints: [[0.1, 0.1, 0.1], [4.77974125421738, 7.116449105984334, 1.5443296548732905], [3.0043182844820295, 2.9485020760559824, 1.9931122987670424], [7.617458755454082, 10.55588897658286, 0.95296972441199], [5.655389796078278, 7.426391490327504, 0.13881917339384597], [10.427137686624508, 13.041316469833031, 0.07512862364022543], [5.500043493096602, 9.79059691266491, 0.241082576176187], [9.015216138837637, 16.436569503428345, 0.5992380527286867], [7.231113581500751, 14.043434533542353, 3.0859451433670353], [15.0, 15.0, 7.5]]
Velocity: [[0.0, 0.0, 0.0], [4.67974125421738, 7.016449105984334, 1.4443296548732905], [-1.7754229697353505, -4.167947029928351, 0.4487826438937519], [4.613140470972052, 7.607386900526878, -1.0401425743550523], [-1.9620689593758032, -3.1294974862553566, -0.814150551018144], [4.77174789054623, 5.614924979505528, -0.06369054975362054], [-4.927094193527907, -3.2507195571681216, 0.16595395253596157], [3.5151726457410355, 6.645972590763435, 0.3581554765524997], [-1.7841025573368858, -2.393134969885992, 2.4867070906383484], [7.768886418499249, 0.9565654664576471, 4.414054856632965]]
Attitude: [[0.0, 0.0, 0.0], [0.0, 0.0, 0.0], [0.0, 0.0, 0.0], [0.0, 0.0, 0.0], [0.0, 0.0, 0.0], [0.0, 0.0, 0.0], [0.0, 0.0, 0.0], [0.0, 0.0, 0.0], [0.0, 0.0, 0.0], [0.0, 0.0, 0.0]]
Save Location: maps/map10/test.txt
