Path: 1059
Path Score: 4.344323690104927
Waypoints: [[1.0, 1.0, 1.0], [5.124139793286082, 11.529276214212281, 3.1169525438428494], [8.698977053221993, 19.48629808039675, 13.371846165404145], [29.0, 29.0, 14.0]]
Velocity: [[0.0, 0.0, 0.0], [4.124139793286082, 10.529276214212281, 2.1169525438428494], [3.5748372599359115, 7.957021866184469, 10.254893621561296], [20.301022946778005, 9.51370191960325, 0.6281538345958548]]
Attitude: [[0.0, 0.0, 0.0], [1.2041596665548568, 0.4147337109116922, 1.3857324418142094], [1.3020453224916533, 0.9384709319396912, 0.7048623995756396], [0.4390758398022054, 1.132740622989748, 1.5427856888103315]]
Save Location: maps/map607/test.txt
