Path: 13
Path Score: 4.077285705451525
Waypoints: [[1.0, 1.0, 1.0], [8.883832853990807, 7.619820070167713, 5.821889119101872], [26.70124871286478, 19.147010920760337, 12.70089468843873], [29.0, 29.0, 14.0]]
Velocity: [[0.0, 0.0, 0.0], [7.883832853990807, 6.619820070167713, 4.821889119101872], [17.81741585887397, 11.527190850592625, 6.879005569336858], [2.2987512871352216, 9.852989079239663, 1.29910531156127]]
Attitude: [[0.0, 0.0, 0.0], [0.8044304960935175, 0.9492050844908356, 1.1327513067607105], [0.64567716845987, 1.0277766205606336, 1.2573259241776822], [1.3434906352786418, 0.26183169500923487, 1.4430944105763563]]
Save Location: maps/map2343/test.txt
