Path: 1846
Path Score: 4.3431197531442205
Waypoints: [[1.0, 1.0, 1.0], [5.142904841761517, 4.732071187514425, 9.090826078056057], [9.057942771808293, 22.483164120725405, 13.633419250864584], [29.0, 29.0, 14.0]]
Velocity: [[0.0, 0.0, 0.0], [4.142904841761517, 3.732071187514425, 8.090826078056057], [3.9150379300467755, 17.75109293321098, 4.542593172808527], [19.942057228191707, 6.516835879274595, 0.36658074913541583]]
Attitude: [[0.0, 0.0, 0.0], [1.1355654236864037, 1.1812058528805445, 0.6034260736599171], [1.3602949619204234, 0.3257939526342166, 1.325912527420955], [0.3163154151017467, 1.2549974740262801, 1.5533251264663486]]
Save Location: maps/map614/test.txt
