Path: 618
Path Score: 4.41334232069838
Waypoints: [[1.0, 1.0, 1.0], [1.9869655009534015, 2.3470905443897805, 9.726710653669548], [12.704603846584774, 19.922199713463662, 8.33279809450805], [29.0, 29.0, 14.0]]
Velocity: [[0.0, 0.0, 0.0], [0.9869655009534015, 1.3470905443897805, 8.726710653669548], [10.717638345631373, 17.575109169073883, -1.3939125591614978], [16.295396153415226, 9.077800286536338, 5.66720190549195]]
Attitude: [[0.0, 0.0, 0.0], [1.4594850995761104, 1.4185963426785977, 0.18907565762625306], [1.0245808136035004, 0.5513433788519099, 1.6384072815841335], [0.5810873343497762, 1.0864359774071253, 1.2758411019683804]]
Save Location: maps/map319/test.txt
