Path: 1712
Path Score: 4.3519837690383945
Waypoints: [[1.0, 1.0, 1.0], [10.805725952785512, 11.283487147150078, 0.7484718343695662], [13.127617811288149, 26.235374032803584, 6.157926047197438], [29.0, 29.0, 14.0]]
Velocity: [[0.0, 0.0, 0.0], [9.805725952785512, 10.283487147150078, -0.2515281656304338], [2.321891858502637, 14.951886885653506, 5.409454212827871], [15.872382188711851, 2.764625967196416, 7.842073952802562]]
Attitude: [[0.0, 0.0, 0.0], [0.8093250089126587, 0.7617849255869302, 1.5884962164824006], [1.4257934912243353, 0.3750724900897766, 1.2274505846202808], [0.482563653737281, 1.4158888951789448, 1.1178111555993027]]
Save Location: maps/map572/test.txt
