Path: 2211
Path Score: 4.2714714909373654
Waypoints: [[1.0, 1.0, 1.0], [5.7591996310330025, 10.496060591014656, 1.1961851557501069], [16.702169176436314, 28.43696480624766, 9.763844081040961], [29.0, 29.0, 14.0]]
Velocity: [[0.0, 0.0, 0.0], [4.7591996310330025, 9.496060591014656, 0.19618515575010687], [10.942969545403312, 17.940904215233004, 8.567658925290853], [12.297830823563686, 0.5630351937523415, 4.236155918959039]]
Attitude: [[0.0, 0.0, 0.0], [1.1062936554501903, 0.46492826404694765, 1.5523285842779897], [1.0676422798478789, 0.6590927969964976, 1.1836738664114266], [0.3344395960989817, 1.5275361923898203, 1.2393843932691453]]
Save Location: maps/map1049/test.txt
