# waypoints
G: (11.0,-17.0,15)
G: (14.304006243459323,-17.522331780369864,15)
G: (17.303296981136594,-18.0058862340251,15)
G: (19.513229360885433,-20.04509491423326,15)
G: (22.622734333168562,-20.95826951223239,15)
G: (26.421505838461734,-19.79267820603271,15)
G: (29.0,-17.0,15)


# wall segments
W: (30.0,-18.8,27.0,-21.8,3)
W: (27.0,-21.8,19.0,-21.8,3)
W: (19.0,-21.8,10.0,-18.8,3)
W: (10.0,-15.2,20.0,-17.2,3)
W: (20.0,-17.2,23.2,-19.0,3)
W: (23.2,-19.0,30.0,-15.2,3)


# environment settings
R: (0)
D: (1)
