Path: 2012
Path Score: 4.22671107564191
Waypoints: [[1.0, 1.0, 1.0], [1.6574939373145603, 7.640942564656317, 6.853106441814953], [10.81745541664519, 17.765990078921153, 6.9670533080542265], [29.0, 29.0, 14.0]]
Velocity: [[0.0, 0.0, 0.0], [0.6574939373145603, 6.640942564656317, 5.853106441814953], [9.15996147933063, 10.125047514264836, 0.11394686623927353], [18.18254458335481, 11.234009921078847, 7.0329466919457735]]
Attitude: [[0.0, 0.0, 0.0], [1.4966576018134188, 0.7255359120981532, 0.8507902510389312], [0.8354312818120129, 0.7354350378054968, 1.5624509812051968], [0.6298821484480811, 1.0480294904711909, 1.2528998172006138]]
Save Location: maps/map1360/test.txt
