Path: 2037
Path Score: 4.186661818076214
Waypoints: [[1.0, 1.0, 1.0], [1.6574939373145603, 7.640942564656317, 6.853106441814953], [15.684579521262053, 24.294407344774495, 11.460625578176513], [29.0, 29.0, 14.0]]
Velocity: [[0.0, 0.0, 0.0], [0.6574939373145603, 6.640942564656317, 5.853106441814953], [14.027085583947493, 16.653464780118178, 4.60751913636156], [13.315420478737947, 4.705592655225505, 2.539374421823487]]
Attitude: [[0.0, 0.0, 0.0], [1.4966576018134188, 0.7255359120981532, 0.8507902510389312], [0.8889044827146172, 0.7253443489561325, 1.3622638718335656], [0.38185806857320004, 1.2366735425670707, 1.3928860386768187]]
Save Location: maps/map1673/test.txt
