Path: 1394
Path Score: 4.324653402483697
Waypoints: [[1.0, 1.0, 1.0], [2.1166871798879825, 7.959406805005861, 2.641112218552253], [9.662916602314, 22.21326367479614, 9.15459432162151], [29.0, 29.0, 14.0]]
Velocity: [[0.0, 0.0, 0.0], [1.1166871798879825, 6.959406805005861, 1.6411122185522529], [7.546229422426018, 14.253856869790278, 6.513482103069256], [19.337083397686, 6.7867363252038615, 4.845405678378491]]
Attitude: [[0.0, 0.0, 0.0], [1.4158739947349994, 0.27784815422419984, 1.3420381855188857], [1.122038686669497, 0.6102927448066107, 1.1869690629016814], [0.40714433808387096, 1.242659214067075, 1.3386234911715096]]
Save Location: maps/map714/test.txt
