Path: 1302
Path Score: 4.349300472645234
Waypoints: [[1.0, 1.0, 1.0], [11.681123338592288, 14.089788280863255, 4.111381059339743], [24.882695815361128, 14.368288597070304, 12.113832918894575], [29.0, 29.0, 14.0]]
Velocity: [[0.0, 0.0, 0.0], [10.681123338592288, 13.089788280863255, 3.1113810593397426], [13.20157247676884, 0.2785003162070492, 8.002451859554832], [4.117304184638872, 14.631711402929696, 1.886167081105425]]
Attitude: [[0.0, 0.0, 0.0], [0.8998039769895753, 0.7044384319041941, 1.3886732407031834], [0.54521527107767, 1.55275794166962, 1.0259479938925251], [1.2986348105444985, 0.30016579609209537, 1.4473372730099068]]
Save Location: maps/map587/test.txt
