Path: 1757
Path Score: 4.122676152023125
Waypoints: [[1.0, 1.0, 1.0], [10.805725952785512, 11.283487147150078, 0.7484718343695662], [26.247862811798445, 26.14012348922666, 9.783949613542193], [29.0, 29.0, 14.0]]
Velocity: [[0.0, 0.0, 0.0], [9.805725952785512, 10.283487147150078, -0.2515281656304338], [15.442136859012933, 14.856636342076582, 9.035477779172627], [2.752137188201555, 2.85987651077334, 4.216050386457807]]
Attitude: [[0.0, 0.0, 0.0], [0.8093250089126587, 0.7617849255869302, 1.5884962164824006], [0.8446134644133764, 0.8778022347994919, 1.1717600673452937], [1.0754951709988285, 1.0542232020541684, 0.7552272384080128]]
Save Location: maps/map2116/test.txt
