Path: 1819
Path Score: 4.141465879991751
Waypoints: [[1.0, 1.0, 1.0], [5.8300877579373775, 12.986927175779844, 2.2883830638241456], [20.610598369444524, 19.278006681353382, 8.827928443474919], [29.0, 29.0, 14.0]]
Velocity: [[0.0, 0.0, 0.0], [4.8300877579373775, 11.986927175779844, 1.2883830638241456], [14.780510611507147, 6.2910795055735385, 6.539545379650773], [8.389401630555476, 9.721993318646618, 5.172071556525081]]
Attitude: [[0.0, 0.0, 0.0], [1.1897394258126446, 0.3951048953544142, 1.471431398260883], [0.5506053243453385, 1.1996025057434978, 1.1841827165782923], [0.919766086046802, 0.7922213235648208, 1.1879058042443305]]
Save Location: maps/map1992/test.txt
