Path: 1968
Path Score: 4.2333397446262495
Waypoints: [[1.0, 1.0, 1.0], [7.908661902969909, 13.249370598681029, 5.122888052721978], [14.664796282188101, 21.28024012885323, 5.468764640312363], [29.0, 29.0, 14.0]]
Velocity: [[0.0, 0.0, 0.0], [6.908661902969909, 12.249370598681029, 4.122888052721978], [6.756134379218192, 8.0308695301722, 0.34587658759038575], [14.335203717811899, 7.7197598711467705, 8.531235359687637]]
Attitude: [[0.0, 0.0, 0.0], [1.0799032623057099, 0.5811391675180452, 1.2856207472042467], [0.8718484343777838, 0.7000490916802997, 1.5378512111300018], [0.6763273336917041, 1.1373758967665009, 1.0881508960767203]]
Save Location: maps/map1310/test.txt
