# Note +ve X is north
# Note +ve Y is West
# x, y, height
# waypoints
G: (11.0,-17.0,15)
G: (13.985630623353114,-16.61734792602074,15)
G: (17.113635024325724,-16.91302318992792,15)
G: (20.1559579267905,-19.186296660597773,15)
G: (23.207114354113127,-20.227705628205673,15)
G: (26.95364978056222,-19.288206394048643,15)
G: (29.0,-17.0,15)


# wall segments
# x1, y1, x2, y2, z
W: (40.0,-14.6,33.6,-19.0,3)
W: (33.6,-19.0,18.0,-18.6,3)
W: (18.0,-18.6,6.0,-14.6,3)
W: (6.0,-14.6,0.0,-14.6,3)
W: (0.0,-7.399999999999999,20.0,-9.399999999999999,3)
W: (20.0,-9.399999999999999,26.0,-13.4,3)
W: (26.0,-13.4,40.0,-7.399999999999999,3)


# environment settings
R: (0)
D: (1)
