# waypoints
G: (11.0,-17.0,15)
G: (14.218604861985924,-16.316409551691166,15)
G: (17.40348550364363,-14.92112364423388,15)
G: (20.411679325325654,-13.071433143062249,15)
G: (23.86303675305727,-13.213884125328322,15)
G: (26.754620267003276,-14.588027034351162,15)
G: (29.0,-17.0,15)


# wall segments
W: (30.0,-18.8,26.0,-16.8,3)
W: (26.0,-16.8,20.8,-15.0,3)
W: (20.8,-15.0,11.0,-18.8,3)
W: (11.0,-18.8,10.0,-18.8,3)
W: (10.0,-15.2,17.0,-12.2,3)
W: (17.0,-12.2,25.0,-11.2,3)
W: (25.0,-11.2,30.0,-15.2,3)


# environment settings
R: (0)
D: (1)
