# Note +ve X is north
# Note +ve Y is West
# x, y, height
# waypoints
G: (4.0,-2.0,10)
G: (15.707355243626175,-9.028392202998234,10)
G: (29.793808789671505,-8.217226514952884,10)
G: (40.7329324129376,-2.972572269031474,10)
G: (54.8262993400667,2.3453848531197963,10)
G: (68.98663927473794,3.742938006165545,10)
G: (80.95175981176418,1.4542230905165425,10)
G: (96.0,-2.0,10)


# wall segments
# x1, y1, x2, y2, z
W: (96.0,-9.200000000000003,56.0,-5.200000000000003,30)
W: (56.0,-5.200000000000003,24.0,-17.200000000000003,30)
W: (24.0,-17.200000000000003,0.0,-9.200000000000003,30)
W: (0.0,5.200000000000003,24.8,-2.0,30)
W: (24.8,-2.0,60.0,9.200000000000003,30)
W: (60.0,9.200000000000003,96.0,5.200000000000003,30)


# environment settings
R: (0)
D: (1)
