Path: 1598
Path Score: 4.263841664250027
Waypoints: [[1.0, 1.0, 1.0], [5.1328300726842055, 6.167067988359742, 4.338023583503114], [7.2422472543241465, 15.760615466297706, 13.658007264698963], [29.0, 29.0, 14.0]]
Velocity: [[0.0, 0.0, 0.0], [4.1328300726842055, 5.167067988359742, 3.338023583503114], [2.109417181639941, 9.593547477937964, 9.319983681195849], [21.75775274567585, 13.239384533702294, 0.34199273530103724]]
Attitude: [[0.0, 0.0, 0.0], [0.9792202736645594, 0.799275207152919, 1.1035589735254734], [1.4143746264648376, 0.7834226336196404, 0.811654595153717], [0.5467872106274848, 1.0242120818809008, 1.5573694452781284]]
Save Location: maps/map1099/test.txt
