Path: 204
Path Score: 4.440804540486543
Waypoints: [[1.0, 1.0, 1.0], [0.1034748464100077, 6.396090427855569, 9.25430405624771], [6.351589522056588, 15.595530052506257, 9.804307665027011], [29.0, 29.0, 14.0]]
Velocity: [[0.0, 0.0, 0.0], [-0.8965251535899923, 5.396090427855569, 8.25430405624771], [6.24811467564658, 9.199439624650688, 0.550003608779301], [22.64841047794341, 13.404469947493743, 4.195692334972989]]
Attitude: [[0.0, 0.0, 0.0], [1.6614577493511176, 0.9944855483118206, 0.5852456997051783], [0.9750066004660832, 0.598413727463589, 1.5213786825911957], [0.5551154872057305, 1.0437555844404118, 1.4127030288890532]]
Save Location: maps/map229/test.txt
