Path: 2262
Path Score: 4.221836966102886
Waypoints: [[1.0, 1.0, 1.0], [5.7591996310330025, 10.496060591014656, 1.1961851557501069], [14.31024281394206, 14.397341180730484, 10.344580509492056], [29.0, 29.0, 14.0]]
Velocity: [[0.0, 0.0, 0.0], [4.7591996310330025, 9.496060591014656, 0.19618515575010687], [8.551043182909057, 3.901280589715828, 9.14839535374195], [14.68975718605794, 14.602658819269516, 3.655419490507944]]
Attitude: [[0.0, 0.0, 0.0], [1.1062936554501903, 0.46492826404694765, 1.5523285842779897], [0.8606463424491239, 1.2687851901219704, 0.7989064581967193], [0.7976180124622528, 0.8033878261380559, 1.3961151528842315]]
Save Location: maps/map1397/test.txt
