Path: 2223
Path Score: 4.275452151910522
Waypoints: [[1.0, 1.0, 1.0], [5.7591996310330025, 10.496060591014656, 1.1961851557501069], [13.127617811288149, 26.235374032803584, 6.157926047197438], [29.0, 29.0, 14.0]]
Velocity: [[0.0, 0.0, 0.0], [4.7591996310330025, 9.496060591014656, 0.19618515575010687], [7.368418180255146, 15.739313441788928, 4.961740891447331], [15.872382188711851, 2.764625967196416, 7.842073952802562]]
Attitude: [[0.0, 0.0, 0.0], [1.1062936554501903, 0.46492826404694765, 1.5523285842779897], [1.1508626326433473, 0.5138316113536366, 1.2926884565238839], [0.482563653737281, 1.4158888951789448, 1.1178111555993027]]
Save Location: maps/map1023/test.txt
