Path: 1508
Path Score: 4.518760780393119
Waypoints: [[1.0, 1.0, 1.0], [0.8300875511549277, 1.6500330013832676, 11.560854587793756], [15.44249175683154, 18.284183195920107, 9.161844399110448], [29.0, 29.0, 14.0]]
Velocity: [[0.0, 0.0, 0.0], [-0.16991244884507228, 0.6500330013832676, 10.560854587793756], [14.612404205676611, 16.63415019453684, -2.3990101886833077], [13.55750824316846, 10.715816804079893, 4.838155600889552]]
Attitude: [[0.0, 0.0, 0.0], [1.5868534482018404, 1.5093306408644638, 0.06353355267918272], [0.8551113715355027, 0.7273844927119154, 1.6787274726936967], [0.714409075190648, 0.9308782745117469, 1.2978165450117953]]
Save Location: maps/map87/test.txt
