Path: 752
Path Score: 4.086198556936985
Waypoints: [[1.0, 1.0, 1.0], [12.697608925444278, 6.8811022717284045, 6.207161753256], [21.391366360934747, 19.016584990160858, 9.132275513596717], [29.0, 29.0, 14.0]]
Velocity: [[0.0, 0.0, 0.0], [11.697608925444278, 5.8811022717284045, 5.207161753256], [8.693757435490468, 12.135482718432453, 2.925113760340717], [7.608633639065253, 9.983415009839142, 4.867724486403283]]
Attitude: [[0.0, 0.0, 0.0], [0.5913478455125089, 1.1402281118229445, 1.1922640516212777], [0.9624598122602211, 0.6472375620486076, 1.3773024237976406], [0.9701837951063373, 0.7354334851728955, 1.20085483013767]]
Save Location: maps/map2303/test.txt
