Path: 331
Path Score: 4.267456217209563
Waypoints: [[1.0, 1.0, 1.0], [11.62421921707525, 9.637940007438962, 4.108292062461251], [25.752844741997475, 11.22365858767903, 10.0403064910286], [29.0, 29.0, 14.0]]
Velocity: [[0.0, 0.0, 0.0], [10.62421921707525, 8.637940007438962, 3.108292062461251], [14.128625524922224, 1.5857185802400675, 5.932014428567349], [3.2471552580025254, 17.77634141232097, 3.9596935089714]]
Attitude: [[0.0, 0.0, 0.0], [0.7126112608988734, 0.9081638967287853, 1.3475745118170808], [0.4099737846215764, 1.4676799566288878, 1.1755183234163729], [1.39435302498806, 0.28047766201905855, 1.355080829085384]]
Save Location: maps/map1070/test.txt
