Path: 2315
Path Score: 4.4369661963947635
Waypoints: [[1.0, 1.0, 1.0], [4.608820246079843, 7.120273707001329, 9.286680001717013], [6.596290149546203, 22.34738075894622, 14.267155835962525], [29.0, 29.0, 14.0]]
Velocity: [[0.0, 0.0, 0.0], [3.6088202460798433, 6.120273707001329, 8.286680001717013], [1.9874699034663594, 15.227107051944891, 4.980475834245512], [22.403709850453797, 6.652619241053781, -0.2671558359625248]]
Attitude: [[0.0, 0.0, 0.0], [1.233845257898589, 0.9755770124671417, 0.7087760394342274], [1.4473722413742018, 0.33859822369974046, 1.2571717809444907], [0.2888695544722783, 1.2821661018601413, 1.582227121859774]]
Save Location: maps/map240/test.txt
