Path: 1490
Path Score: 4.25080162527472
Waypoints: [[1.0, 1.0, 1.0], [1.5831056317866898, 11.289807463775418, 6.886569014408189], [15.684579521262053, 24.294407344774495, 11.460625578176513], [29.0, 29.0, 14.0]]
Velocity: [[0.0, 0.0, 0.0], [0.5831056317866898, 10.289807463775418, 5.886569014408189], [14.101473889475363, 13.004599880999077, 4.574056563768324], [13.315420478737947, 4.705592655225505, 2.539374421823487]]
Attitude: [[0.0, 0.0, 0.0], [1.5216478577442305, 0.5217422173051365, 1.0518517055369716], [0.774070235095129, 0.8507095095489116, 1.336718846327233], [0.38185806857320004, 1.2366735425670707, 1.3928860386768187]]
Save Location: maps/map1187/test.txt
