Path: 386
Path Score: 4.595192988107436
Waypoints: [[1.0, 1.0, 1.0], [5.0694130019156045, 0.10947803648002186, 11.387112714668532], [7.2422472543241465, 15.760615466297706, 13.658007264698963], [29.0, 29.0, 14.0]]
Velocity: [[0.0, 0.0, 0.0], [4.0694130019156045, -0.8905219635199781, 10.387112714668532], [2.172834252408542, 15.651137429817684, 2.2708945500304303], [21.75775274567585, 13.239384533702294, 0.34199273530103724]]
Attitude: [[0.0, 0.0, 0.0], [1.1986423454069668, 1.65045321960768, 0.3814078923026202], [1.4342606435887506, 0.19817740614230417, 1.428057509474175], [0.5467872106274848, 1.0242120818809008, 1.5573694452781284]]
Save Location: maps/map25/test.txt
