Path: 1022
Path Score: 4.163341541058657
Waypoints: [[1.0, 1.0, 1.0], [5.124139793286082, 11.529276214212281, 3.1169525438428494], [10.81745541664519, 17.765990078921153, 6.9670533080542265], [29.0, 29.0, 14.0]]
Velocity: [[0.0, 0.0, 0.0], [4.124139793286082, 10.529276214212281, 2.1169525438428494], [5.6933156233591085, 6.236713864708872, 3.850100764211377], [18.18254458335481, 11.234009921078847, 7.0329466919457735]]
Attitude: [[0.0, 0.0, 0.0], [1.2041596665548568, 0.4147337109116922, 1.3857324418142094], [0.9103754566764602, 0.8338902546276189, 1.1430242608185959], [0.6298821484480811, 1.0480294904711909, 1.2528998172006138]]
Save Location: maps/map1864/test.txt
