Path: 142
Path Score: 4.143216920010467
Waypoints: [[1.0, 1.0, 1.0], [1.4054990619177365, 2.018923329900705, 5.290815032320245], [7.976694836660609, 10.929766397758005, 9.409001445334173], [29.0, 29.0, 14.0]]
Velocity: [[0.0, 0.0, 0.0], [0.40549906191773655, 1.018923329900705, 4.290815032320245], [6.571195774742873, 8.9108430678573, 4.118186413013928], [21.02330516333939, 18.070233602241995, 4.590998554665827]]
Attitude: [[0.0, 0.0, 0.0], [1.479107067399564, 1.338645930601151, 0.2502235615876531], [0.9808990327511539, 0.7161552280495773, 1.2146985388626839], [0.7254969031588144, 0.8722868357785716, 1.4066777616859754]]
Save Location: maps/map1984/test.txt
