Path: 900
Path Score: 4.326545180389717
Waypoints: [[1.0, 1.0, 1.0], [13.622214221490246, 10.560085107867, 6.307093757900562], [28.870675406518693, 13.060700487616952, 12.882683677212206], [29.0, 29.0, 14.0]]
Velocity: [[0.0, 0.0, 0.0], [12.622214221490246, 9.560085107867, 5.307093757900562], [15.248461185028447, 2.500615379749952, 6.5755899193116445], [0.1293245934813072, 15.939299512383048, 1.1173163227877936]]
Attitude: [[0.0, 0.0, 0.0], [0.7138698155414545, 0.9612815674177257, 1.2473929819737224], [0.4322599220191833, 1.4213328390432185, 1.1684636681982012], [1.5627027962274564, 0.07044941910009936, 1.5008148932011527]]
Save Location: maps/map701/test.txt
