Path: 1389
Path Score: 4.193489302529323
Waypoints: [[1.0, 1.0, 1.0], [2.1166871798879825, 7.959406805005861, 2.641112218552253], [10.30043474338533, 16.763297732058618, 6.875926560339274], [29.0, 29.0, 14.0]]
Velocity: [[0.0, 0.0, 0.0], [1.1166871798879825, 6.959406805005861, 1.6411122185522529], [8.183747563497347, 8.803890927052757, 4.234814341787022], [18.69956525661467, 12.236702267941382, 7.124073439660726]]
Attitude: [[0.0, 0.0, 0.0], [1.4158739947349994, 0.27784815422419984, 1.3420381855188857], [0.8734937760317585, 0.8081836296453905, 1.2320634957172214], [0.6480970733888322, 1.0219569516917306, 1.2621948308972217]]
Save Location: maps/map1623/test.txt
