Path: 2361
Path Score: 4.260148889372531
Waypoints: [[1.0, 1.0, 1.0], [2.7823021602657514, 3.2626923788090734, 6.811174955232296], [12.16882105369413, 22.5703746743433, 7.023400396976081], [29.0, 29.0, 14.0]]
Velocity: [[0.0, 0.0, 0.0], [1.7823021602657514, 2.2626923788090734, 5.811174955232296], [9.386518893428377, 19.307682295534224, 0.21222544174378477], [16.83117894630587, 6.429625325656701, 6.976599603023919]]
Attitude: [[0.0, 0.0, 0.0], [1.2924157480158258, 1.2144350237412072, 0.46016632051788314], [1.1183099997109072, 0.4526105671246723, 1.5609111808125318], [0.5132908177846113, 1.2315474594293268, 1.2013612558293933]]
Save Location: maps/map1136/test.txt
