# Note +ve X is north
# Note +ve Y is West
# x, y, height
# waypoints
G: (4.0,-2.0,10)
G: (14.935215298657031,11.602383891137919,10)
G: (11.569953001991983,-4.786704847839857,10)
G: (24.007788944494543,7.429205542324922,10)
G: (42.79005191868424,10.228768131498413,10)
G: (61.687095548069394,5.58035105817676,10)
G: (80.68957993703486,5.097596841763789,10)
G: (96.0,-2.0,10)


# wall segments
# x1, y1, x2, y2, z
W: (96.0,-9.200000000000003,64.0,-1.2000000000000028,30)
W: (64.0,-1.2000000000000028,36.0,-1.2000000000000028,30)
W: (36.0,-1.2000000000000028,19.2,-10.0,30)
W: (19.2,-10.0,0.0,-9.200000000000003,30)
W: (0.0,5.200000000000003,16.0,17.200000000000003,30)
W: (16.0,17.200000000000003,96.0,9.200000000000003,30)


# environment settings
R: (0)
D: (1)
