Path: 2120
Path Score: 4.414505014817207
Waypoints: [[1.0, 1.0, 1.0], [7.976694836660609, 10.929766397758005, 9.409001445334173], [9.057942771808293, 22.483164120725405, 13.633419250864584], [29.0, 29.0, 14.0]]
Velocity: [[0.0, 0.0, 0.0], [6.976694836660609, 9.929766397758005, 8.409001445334173], [1.0812479351476831, 11.5533977229674, 4.224417805530411], [19.942057228191707, 6.516835879274595, 0.36658074913541583]]
Attitude: [[0.0, 0.0, 0.0], [1.0786293818483852, 0.8331465441750755, 0.9648405508336908], [1.4831259591494568, 0.360899204537743, 1.2216581963455455], [0.3163154151017467, 1.2549974740262801, 1.5533251264663486]]
Save Location: maps/map314/test.txt
