Path: 211
Path Score: 4.542824561922926
Waypoints: [[1.0, 1.0, 1.0], [0.1034748464100077, 6.396090427855569, 9.25430405624771], [5.751816757663218, 17.156833555671575, 6.589690213827213], [29.0, 29.0, 14.0]]
Velocity: [[0.0, 0.0, 0.0], [-0.8965251535899923, 5.396090427855569, 8.25430405624771], [5.64834191125321, 10.760743127816006, -2.664613842420497], [23.248183242336783, 11.843166444328425, 7.410309786172787]]
Attitude: [[0.0, 0.0, 0.0], [1.6614577493511176, 0.9944855483118206, 0.5852456997051783], [1.099566573341691, 0.5258675927113202, 1.7866351476704363], [0.5411002755555507, 1.1189266096777066, 1.2940654487739034]]
Save Location: maps/map57/test.txt
