Path: 561
Path Score: 4.3572700452192645
Waypoints: [[1.0, 1.0, 1.0], [8.077819295469498, 4.630177089274074, 13.001091877302175], [16.72641038031882, 15.264827052821502, 13.846194206338602], [29.0, 29.0, 14.0]]
Velocity: [[0.0, 0.0, 0.0], [7.077819295469498, 3.630177089274074, 12.001091877302175], [8.648591084849324, 10.634649963547428, 0.8451023290364272], [12.273589619681179, 13.735172947178498, 0.15380579366139813]]
Attitude: [[0.0, 0.0, 0.0], [1.0568857360289043, 1.315913356872022, 0.5853298029477871], [0.8895705707235897, 0.6850930080366956, 1.5092214442172547], [0.8415660736191315, 0.7293004114667039, 1.5624465811421142]]
Save Location: maps/map542/test.txt
