Path: 336
Path Score: 4.168980240934371
Waypoints: [[1.0, 1.0, 1.0], [11.62421921707525, 9.637940007438962, 4.108292062461251], [18.72403228769046, 27.04667286152992, 8.275372330418275], [29.0, 29.0, 14.0]]
Velocity: [[0.0, 0.0, 0.0], [10.62421921707525, 8.637940007438962, 3.108292062461251], [7.099813070615209, 17.408732854090957, 4.167080267957024], [10.27596771230954, 1.9533271384700797, 5.724627669581725]]
Attitude: [[0.0, 0.0, 0.0], [0.7126112608988734, 0.9081638967287853, 1.3475745118170808], [1.1932018392218484, 0.4417231793005054, 1.3526790473729555], [0.5320146181463187, 1.4062402530460234, 1.0700368475848865]]
Save Location: maps/map1807/test.txt
