Path: 2024
Path Score: 4.1499053096375995
Waypoints: [[1.0, 1.0, 1.0], [1.6574939373145603, 7.640942564656317, 6.853106441814953], [18.987168424161545, 21.350324413129044, 10.434584031210562], [29.0, 29.0, 14.0]]
Velocity: [[0.0, 0.0, 0.0], [0.6574939373145603, 6.640942564656317, 5.853106441814953], [17.329674486846987, 13.709381848472727, 3.5814775893956092], [10.012831575838455, 7.649675586870956, 3.565415968789438]]
Attitude: [[0.0, 0.0, 0.0], [1.4966576018134188, 0.7255359120981532, 0.8507902510389312], [0.6854063869613036, 0.911660498025242, 1.410111783761581], [0.7003550436294252, 0.9469578898565721, 1.2950479413160163]]
Save Location: maps/map1945/test.txt
