Path: 61
Path Score: 4.0723079100041835
Waypoints: [[1.0, 1.0, 1.0], [8.883832853990807, 7.619820070167713, 5.821889119101872], [17.142077840697404, 12.866671640253438, 8.671369517017055], [29.0, 29.0, 14.0]]
Velocity: [[0.0, 0.0, 0.0], [7.883832853990807, 6.619820070167713, 4.821889119101872], [8.258244986706597, 5.246851570085725, 2.8494803979151833], [11.857922159302596, 16.133328359746564, 5.328630482982945]]
Attitude: [[0.0, 0.0, 0.0], [0.8044304960935175, 0.9492050844908356, 1.1327513067607105], [0.6259933346204598, 1.0299362374911052, 1.2873985579271428], [0.9614723836846367, 0.6782653453057865, 1.3106912242211473]]
Save Location: maps/map2364/test.txt
