Path: 1877
Path Score: 4.269399242650315
Waypoints: [[1.0, 1.0, 1.0], [8.469661386104097, 5.59096684474812, 2.5279558793890997], [17.189475107527144, 6.123320838397045, 11.315568873473534], [29.0, 29.0, 14.0]]
Velocity: [[0.0, 0.0, 0.0], [7.469661386104097, 4.59096684474812, 1.5279558793890997], [8.719813721423048, 0.5323539936489246, 8.787612994084434], [11.810524892472856, 22.876679161602954, 2.6844311265264658]]
Attitude: [[0.0, 0.0, 0.0], [0.5747996990566772, 1.0288000156137393, 1.3982583619310816], [0.7901865162678521, 1.527820676380309, 0.7824556365214382], [1.0969999474799046, 0.4869188424541576, 1.4669037812398578]]
Save Location: maps/map1059/test.txt
