Path: 2364
Path Score: 4.243726490737395
Waypoints: [[1.0, 1.0, 1.0], [2.7823021602657514, 3.2626923788090734, 6.811174955232296], [11.922439956495857, 17.336683693731057, 5.215453288665816], [29.0, 29.0, 14.0]]
Velocity: [[0.0, 0.0, 0.0], [1.7823021602657514, 2.2626923788090734, 5.811174955232296], [9.140137796230107, 14.073991314921983, -1.5957216665664804], [17.077560043504143, 11.663316306268943, 8.784546711334183]]
Attitude: [[0.0, 0.0, 0.0], [1.2924157480158258, 1.2144350237412072, 0.46016632051788314], [0.9977321291844412, 0.5828557073075713, 1.665599324614924], [0.7073929618515384, 1.0250094498144648, 1.169113814241912]]
Save Location: maps/map1237/test.txt
