Path: 932
Path Score: 4.433461414806912
Waypoints: [[1.0, 1.0, 1.0], [7.363766588778974, 0.518530266354752, 10.190548616200227], [12.613060744395664, 17.548051480031873, 8.080005726347148], [29.0, 29.0, 14.0]]
Velocity: [[0.0, 0.0, 0.0], [6.363766588778974, -0.48146973364524803, 9.190548616200227], [5.24929415561669, 17.02952121367712, -2.110542889853079], [16.386939255604336, 11.451948519968127, 5.919994273652852]]
Attitude: [[0.0, 0.0, 0.0], [0.9658135015594402, 1.6138399388547588, 0.6069604064989591], [1.2739297011294983, 0.3207558675149707, 1.6886825713638636], [0.6665783723714116, 0.989326980912511, 1.28290425102486]]
Save Location: maps/map254/test.txt
