Path: 1177
Path Score: 4.018881622135991
Waypoints: [[1.0, 1.0, 1.0], [7.244355243304841, 4.686769508950413, 5.732290508395203], [20.24894541404868, 13.704934531749169, 10.28792228211892], [29.0, 29.0, 14.0]]
Velocity: [[0.0, 0.0, 0.0], [6.244355243304841, 3.6867695089504133, 4.732290508395203], [13.004590170743839, 9.018165022798755, 4.555631773723717], [8.75105458595132, 15.295065468250831, 3.7120777178810798]]
Attitude: [[0.0, 0.0, 0.0], [0.7653529368027897, 1.1309818444795048, 0.9925991767107255], [0.6605081045931717, 0.9912886898633811, 1.2905081045131785], [1.0633520659267364, 0.5560751825583984, 1.3631766434720947]]
Save Location: maps/map2481/test.txt
