Path: 726
Path Score: 4.252139791452075
Waypoints: [[1.0, 1.0, 1.0], [12.697608925444278, 6.8811022717284045, 6.207161753256], [16.596716632096093, 19.215720704642216, 5.13918037419731], [29.0, 29.0, 14.0]]
Velocity: [[0.0, 0.0, 0.0], [11.697608925444278, 5.8811022717284045, 5.207161753256], [3.899107706651815, 12.33461843291381, -1.0679813790586898], [12.403283367903907, 9.784279295357784, 8.86081962580269]]
Attitude: [[0.0, 0.0, 0.0], [0.5913478455125089, 1.1402281118229445, 1.1922640516212777], [1.265696782049587, 0.31672110251365704, 1.6531669643589588], [0.816514821634672, 1.0001521739681158, 1.059633768091095]]
Save Location: maps/map1178/test.txt
