Path: 1692
Path Score: 4.499449545032974
Waypoints: [[1.0, 1.0, 1.0], [1.4862613186235762, 5.302297197202417, 9.54279168299124], [4.23820593081067, 17.853982910663618, 13.793695135435073], [29.0, 29.0, 14.0]]
Velocity: [[0.0, 0.0, 0.0], [0.48626131862357624, 4.302297197202417, 8.54279168299124], [2.751944612187094, 12.5516857134612, 4.250903452443833], [24.761794069189328, 11.146017089336382, 0.20630486456492747]]
Attitude: [[0.0, 0.0, 0.0], [1.520002440634727, 1.1049085373684124, 0.46909167611999897], [1.3660435791880328, 0.38347365845917164, 1.251314791960703], [0.42302582521687426, 1.1478475994517368, 1.5631990947061005]]
Save Location: maps/map116/test.txt
