Path: 1832
Path Score: 4.327983126483375
Waypoints: [[1.0, 1.0, 1.0], [5.142904841761517, 4.732071187514425, 9.090826078056057], [22.76658572963688, 9.235766945696607, 14.657275630817615], [29.0, 29.0, 14.0]]
Velocity: [[0.0, 0.0, 0.0], [4.142904841761517, 3.732071187514425, 8.090826078056057], [17.623680887875363, 4.503695758182182, 5.566449552761558], [6.23341427036312, 19.764233054303393, -0.6572756308176153]]
Attitude: [[0.0, 0.0, 0.0], [1.1355654236864037, 1.1812058528805445, 0.6034260736599171], [0.3859114848967245, 1.331772956926197, 1.2738290661875231], [1.2654404978558256, 0.30710381033439227, 1.6025015139442569]]
Save Location: maps/map692/test.txt
