Path: 1337
Path Score: 4.571146149027552
Waypoints: [[1.0, 1.0, 1.0], [3.4670120800623283, 8.98615020457587, 12.766320645476934], [6.596290149546203, 22.34738075894622, 14.267155835962525], [29.0, 29.0, 14.0]]
Velocity: [[0.0, 0.0, 0.0], [2.4670120800623283, 7.986150204575869, 11.766320645476934], [3.1292780694838744, 13.36123055437035, 1.5008351904855903], [22.403709850453797, 6.652619241053781, -0.2671558359625248]]
Attitude: [[0.0, 0.0, 0.0], [1.399024108228292, 0.9844440153430374, 0.6176559127637982], [1.3421251540139463, 0.25413351552923247, 1.4618611789650715], [0.2888695544722783, 1.2821661018601413, 1.582227121859774]]
Save Location: maps/map35/test.txt
