Path: 2291
Path Score: 4.233322208607214
Waypoints: [[1.0, 1.0, 1.0], [4.608820246079843, 7.120273707001329, 9.286680001717013], [24.417165918970664, 21.028566972505814, 13.862338142170172], [29.0, 29.0, 14.0]]
Velocity: [[0.0, 0.0, 0.0], [3.6088202460798433, 6.120273707001329, 8.286680001717013], [19.80834567289082, 13.908293265504486, 4.575658140453159], [4.582834081029336, 7.971433027494186, 0.1376618578298281]]
Attitude: [[0.0, 0.0, 0.0], [1.233845257898589, 0.9755770124671417, 0.7087760394342274], [0.6365303114315509, 0.9708023425281082, 1.3839522549751673], [1.0490962265383572, 0.5219593966089846, 1.5558258939074248]]
Save Location: maps/map1311/test.txt
