Path: 884
Path Score: 4.113086880661887
Waypoints: [[1.0, 1.0, 1.0], [13.622214221490246, 10.560085107867, 6.307093757900562], [21.391366360934747, 19.016584990160858, 9.132275513596717], [29.0, 29.0, 14.0]]
Velocity: [[0.0, 0.0, 0.0], [12.622214221490246, 9.560085107867, 5.307093757900562], [7.7691521394445004, 8.456499882293858, 2.825181755696155], [7.608633639065253, 9.983415009839142, 4.867724486403283]]
Attitude: [[0.0, 0.0, 0.0], [0.7138698155414545, 0.9612815674177257, 1.2473929819737224], [0.8540217025976111, 0.774060302535098, 1.3295673106209256], [0.9701837951063373, 0.7354334851728955, 1.20085483013767]]
Save Location: maps/map2180/test.txt
