Path: 791
Path Score: 4.182461684394864
Waypoints: [[1.0, 1.0, 1.0], [4.844954787942095, 14.493280729732227, 5.905721797057641], [16.060622627406442, 22.284008548073043, 8.655570821620126], [29.0, 29.0, 14.0]]
Velocity: [[0.0, 0.0, 0.0], [3.844954787942095, 13.493280729732227, 4.905721797057641], [11.215667839464347, 7.790727818340816, 2.7498490245624847], [12.939377372593558, 6.715991451926957, 5.344429178379874]]
Attitude: [[0.0, 0.0, 0.0], [1.3091332202726853, 0.43273101466224884, 1.2344339666278068], [0.6348885998521008, 0.9772889434588831, 1.372088168344796], [0.5856835745155158, 1.123499545747589, 1.2194127759243851]]
Save Location: maps/map1706/test.txt
