Path: 3
Path Total Score: 2.214234096087503
Waypoints: [[0.1, 0.1, 0.1], [7.812063945073302, 3.982115102210356, 0.05661476894258721], [5.41106457289387, 2.7459577313941654, 0.3341646207912097], [9.686781985609425, 4.151736932178327, 0.17658914893915578], [3.419351374367662, 1.7720745264283466, 0.9155663704396272], [8.387779550108212, 4.296047612343422, 0.46348959657077027], [2.358791735259982, 1.5668556499747055, 0.28822115202224163], [7.265247735175544, 4.709689643760328, 0.3492873965842791], [2.339789155010148, 0.7948914324518652, 0.30480573709029346], [5.0, 5.0, 2.5]]
Velocity: [[0.0, 0.0, 0.0], [7.712063945073302, 3.882115102210356, -0.04338523105741279], [-2.400999372179432, -1.2361573708161906, 0.27754985184862246], [4.275717412715555, 1.4057792007841616, -0.1575754718520539], [-6.267430611241763, -2.3796624057499804, 0.7389772215004714], [4.9684281757405495, 2.5239730859150753, -0.4520767738688569], [-6.02898781484823, -2.7291919623687164, -0.17526844454852863], [4.906455999915562, 3.1428339937856222, 0.061066244562037464], [-4.925458580165396, -3.9147982113084625, -0.04448165949398564], [2.660210844989852, 4.205108567548135, 2.1951942629097063]]
Attitude: [[0.0, 0.0, 0.0], [0.0, 0.0, 0.0], [0.0, 0.0, 0.0], [0.0, 0.0, 0.0], [0.0, 0.0, 0.0], [0.0, 0.0, 0.0], [0.0, 0.0, 0.0], [0.0, 0.0, 0.0], [0.0, 0.0, 0.0], [0.0, 0.0, 0.0]]
Save Location: maps/map10/test.txt
