Path: 2308
Path Score: 4.200552082803062
Waypoints: [[1.0, 1.0, 1.0], [4.608820246079843, 7.120273707001329, 9.286680001717013], [21.391366360934747, 19.016584990160858, 9.132275513596717], [29.0, 29.0, 14.0]]
Velocity: [[0.0, 0.0, 0.0], [3.6088202460798433, 6.120273707001329, 8.286680001717013], [16.782546114854902, 11.89631128315953, -0.15440448812029572], [7.608633639065253, 9.983415009839142, 4.867724486403283]]
Attitude: [[0.0, 0.0, 0.0], [1.233845257898589, 0.9755770124671417, 0.7087760394342274], [0.6166807733660522, 0.9541752558847125, 1.5783020269487116], [0.9701837951063373, 0.7354334851728955, 1.20085483013767]]
Save Location: maps/map1556/test.txt
