Path: 1132
Path Score: 4.064345832377563
Waypoints: [[1.0, 1.0, 1.0], [7.244355243304841, 4.686769508950413, 5.732290508395203], [16.562231948918217, 23.36225528971405, 10.468909590942717], [29.0, 29.0, 14.0]]
Velocity: [[0.0, 0.0, 0.0], [6.244355243304841, 3.6867695089504133, 4.732290508395203], [9.317876705613376, 18.675485780763637, 4.736619082547514], [12.437768051081783, 5.637744710285951, 3.531090409057283]]
Attitude: [[0.0, 0.0, 0.0], [0.7653529368027897, 1.1309818444795048, 0.9925991767107255], [1.1203354294335766, 0.5102600867094619, 1.3476285938402661], [0.4911333101171544, 1.159608420333512, 1.31776151037235]]
Save Location: maps/map2386/test.txt
