Path: 1580
Path Score: 4.10187664693334
Waypoints: [[1.0, 1.0, 1.0], [5.1328300726842055, 6.167067988359742, 4.338023583503114], [11.922439956495857, 17.336683693731057, 5.215453288665816], [29.0, 29.0, 14.0]]
Velocity: [[0.0, 0.0, 0.0], [4.1328300726842055, 5.167067988359742, 3.338023583503114], [6.789609883811652, 11.169615705371315, 0.8774297051627018], [17.077560043504143, 11.663316306268943, 8.784546711334183]]
Attitude: [[0.0, 0.0, 0.0], [0.9792202736645594, 0.799275207152919, 1.1035589735254734], [1.025978686390214, 0.5498647209981623, 1.503770493682123], [0.7073929618515384, 1.0250094498144648, 1.169113814241912]]
Save Location: maps/map2240/test.txt
