Path: 707
Path Score: 4.343690665687543
Waypoints: [[1.0, 1.0, 1.0], [7.279071891786115, 11.99037003440958, 7.619831722996372], [23.80619581829966, 28.941778377351817, 14.88524117496731], [29.0, 29.0, 14.0]]
Velocity: [[0.0, 0.0, 0.0], [6.279071891786115, 10.99037003440958, 6.619831722996372], [16.527123926513546, 16.951408342942237, 7.265409451970939], [5.19380418170034, 0.05822162264818331, -0.8852411749673106]]
Attitude: [[0.0, 0.0, 0.0], [1.115662030937802, 0.6928797362779866, 1.088924427386206], [0.840123809748167, 0.8168740865435429, 1.2730362454795026], [0.16917730242266035, 1.5597463151797681, 1.7396054079197876]]
Save Location: maps/map611/test.txt
