Path: 122
Path Score: 4.263161887298328
Waypoints: [[1.0, 1.0, 1.0], [6.844542921659472, 12.575654287568902, 0.7512941296865822], [14.68158349565293, 13.843237883893032, 6.016948201033536], [29.0, 29.0, 14.0]]
Velocity: [[0.0, 0.0, 0.0], [5.844542921659472, 11.575654287568902, -0.24870587031341784], [7.837040573993458, 1.2675835963241298, 5.265654071346954], [14.31841650434707, 15.156762116106968, 7.983051798966464]]
Attitude: [[0.0, 0.0, 0.0], [1.103329579532339, 0.4679236243581791, 1.5899732357353402], [0.6047189437447567, 1.4373410256578332, 0.9851466266208414], [0.8745806038813252, 0.824576452033356, 1.2051434100274334]]
Save Location: maps/map1108/test.txt
