Path: 2118
Path Score: 4.2608548445882
Waypoints: [[1.0, 1.0, 1.0], [7.976694836660609, 10.929766397758005, 9.409001445334173], [26.287300151641748, 16.492398494138193, 13.77497605122596], [29.0, 29.0, 14.0]]
Velocity: [[0.0, 0.0, 0.0], [6.976694836660609, 9.929766397758005, 8.409001445334173], [18.31060531498114, 5.562632096380188, 4.365974605891786], [2.712699848358252, 12.507601505861807, 0.22502394877404086]]
Attitude: [[0.0, 0.0, 0.0], [1.0786293818483852, 0.8331465441750755, 0.9648405508336908], [0.36854581447057677, 1.2834650831601868, 1.34649117928236], [1.3572535290988061, 0.21428765206758904, 1.553215933347118]]
Save Location: maps/map1130/test.txt
