Path: 2162
Path Score: 4.315589611324777
Waypoints: [[1.0, 1.0, 1.0], [5.839689469355285, 6.231079992564079, 1.4400139470819306], [8.326355677599059, 21.007879601570398, 11.349606769497015], [29.0, 29.0, 14.0]]
Velocity: [[0.0, 0.0, 0.0], [4.839689469355285, 5.231079992564079, 0.44001394708193065], [2.486666208243774, 14.776799609006318, 9.909592822415085], [20.67364432240094, 7.992120398429602, 2.650393230502985]]
Attitude: [[0.0, 0.0, 0.0], [0.8259996858182699, 0.748605830934555, 1.5091311358387776], [1.4319323673488247, 0.6049375337354553, 0.9865045181615596], [0.3867733775955384, 1.2046409482682174, 1.4517841548325077]]
Save Location: maps/map757/test.txt
