Path: 269
Path Score: 4.298376338789307
Waypoints: [[1.0, 1.0, 1.0], [10.236205802881091, 6.726958385030271, 8.616461550781413], [11.40378861351021, 23.288761880938765, 11.804403224732908], [29.0, 29.0, 14.0]]
Velocity: [[0.0, 0.0, 0.0], [9.236205802881091, 5.726958385030271, 7.616461550781413], [1.1675828106291188, 16.561803495908492, 3.187941673951496], [17.59621138648979, 5.711238119061235, 2.1955967752670915]]
Attitude: [[0.0, 0.0, 0.0], [0.801018365502451, 1.1245932303302049, 0.9595076706588436], [1.5016788996221944, 0.2021904415844304, 1.3810941351510413], [0.33465120952432154, 1.2592127196021017, 1.4526670982553629]]
Save Location: maps/map882/test.txt
