Path: 1797
Path Score: 4.253275939420795
Waypoints: [[1.0, 1.0, 1.0], [5.8300877579373775, 12.986927175779844, 2.2883830638241456], [25.89146789512382, 17.947079052650324, 10.291630941969098], [29.0, 29.0, 14.0]]
Velocity: [[0.0, 0.0, 0.0], [4.8300877579373775, 11.986927175779844, 1.2883830638241456], [20.061380137186443, 4.96015187687048, 8.003247878144952], [3.108532104876179, 11.052920947349676, 3.708369058030902]]
Attitude: [[0.0, 0.0, 0.0], [1.1897394258126446, 0.3951048953544142, 1.471431398260883], [0.4388232157645324, 1.3450615829668056, 1.201306670170362], [1.3102246373088302, 0.4126571490004325, 1.2583924394013435]]
Save Location: maps/map1172/test.txt
