Path: 2329
Path Score: 4.152600654253016
Waypoints: [[1.0, 1.0, 1.0], [2.7823021602657514, 3.2626923788090734, 6.811174955232296], [15.44249175683154, 18.284183195920107, 9.161844399110448], [29.0, 29.0, 14.0]]
Velocity: [[0.0, 0.0, 0.0], [1.7823021602657514, 2.2626923788090734, 5.811174955232296], [12.66018959656579, 15.021490817111033, 2.350669443878152], [13.55750824316846, 10.715816804079893, 4.838155600889552]]
Attitude: [[0.0, 0.0, 0.0], [1.2924157480158258, 1.2144350237412072, 0.46016632051788314], [0.8764487789633261, 0.7086648832882059, 1.4517050930897757], [0.714409075190648, 0.9308782745117469, 1.2978165450117953]]
Save Location: maps/map1928/test.txt
