Path: 237
Path Score: 4.4615695245769675
Waypoints: [[1.0, 1.0, 1.0], [0.2429086269009595, 4.401009458247564, 1.9766829018839305], [5.751816757663218, 17.156833555671575, 6.589690213827213], [29.0, 29.0, 14.0]]
Velocity: [[0.0, 0.0, 0.0], [-0.7570913730990405, 3.4010094582475636, 0.9766829018839305], [5.508908130762259, 12.75582409742401, 4.613007311943282], [23.248183242336783, 11.843166444328425, 7.410309786172787]]
Attitude: [[0.0, 0.0, 0.0], [1.7815782743907893, 0.34851827104464184, 1.297497366701187], [1.1850148124028421, 0.5129910395737443, 1.2502456314029093], [0.5411002755555507, 1.1189266096777066, 1.2940654487739034]]
Save Location: maps/map189/test.txt
