Path: 1388
Path Score: 4.2686719066650545
Waypoints: [[1.0, 1.0, 1.0], [2.1166871798879825, 7.959406805005861, 2.641112218552253], [12.16882105369413, 22.5703746743433, 7.023400396976081], [29.0, 29.0, 14.0]]
Velocity: [[0.0, 0.0, 0.0], [1.1166871798879825, 6.959406805005861, 1.6411122185522529], [10.052133873806147, 14.610967869337438, 4.382288178423828], [16.83117894630587, 6.429625325656701, 6.976599603023919]]
Attitude: [[0.0, 0.0, 0.0], [1.4158739947349994, 0.27784815422419984, 1.3420381855188857], [0.9881320486862532, 0.643834939142351, 1.3285488971632646], [0.5132908177846113, 1.2315474594293268, 1.2013612558293933]]
Save Location: maps/map1065/test.txt
