Path: 9
Path Total Score: 2.1435752777278876
Waypoints: [[0.1, 0.1, 0.1], [9.01682923491987, 1.5415649217971783, 2.5607963946843855], [6.277705044557794, 0.35330246109405494, 2.6825947684151497], [11.895066887270781, 4.5114208586357005, 2.620135768979435], [7.319333785988173, 0.3958607412815829, 2.282091131475153], [11.796469400803783, 4.938922479211584, 2.4407315098215725], [6.277705044557794, 0.35330246109405494, 2.6825947684151497], [10.642104422913087, 4.0663119243431005, 2.112507522532076], [8.89344833003426, 3.474581700637879, 6.965197064133134], [15.0, 15.0, 7.5]]
Velocity: [[0.0, 0.0, 0.0], [8.91682923491987, 1.4415649217971782, 2.4607963946843854], [-2.7391241903620758, -1.1882624607031234, 0.12179837373076419], [5.617361842712987, 4.158118397541646, -0.062458999435714535], [-4.575733101282609, -4.115560117354118, -0.33804463750428226], [4.4771356148156105, 4.543061737930001, 0.15864037834641964], [-5.518764356245989, -4.585620018117529, 0.24186325859357716], [4.3643993783552935, 3.713009463249046, -0.5700872458830735], [-1.7486560928788268, -0.5917302237052215, 4.852689541601058], [6.106551669965739, 11.525418299362121, 0.5348029358668658]]
Attitude: [[0.0, 0.0, 0.0], [0.0, 0.0, 0.0], [0.0, 0.0, 0.0], [0.0, 0.0, 0.0], [0.0, 0.0, 0.0], [0.0, 0.0, 0.0], [0.0, 0.0, 0.0], [0.0, 0.0, 0.0], [0.0, 0.0, 0.0], [0.0, 0.0, 0.0]]
Save Location: maps/map8/test.txt
