Path: 220
Path Score: 4.389398021994116
Waypoints: [[1.0, 1.0, 1.0], [0.1034748464100077, 6.396090427855569, 9.25430405624771], [12.613060744395664, 17.548051480031873, 8.080005726347148], [29.0, 29.0, 14.0]]
Velocity: [[0.0, 0.0, 0.0], [-0.8965251535899923, 5.396090427855569, 8.25430405624771], [12.509585897985657, 11.151961052176304, -1.1742983299005623], [16.386939255604336, 11.451948519968127, 5.919994273652852]]
Attitude: [[0.0, 0.0, 0.0], [1.6614577493511176, 0.9944855483118206, 0.5852456997051783], [0.7308236712774302, 0.8448905516089498, 1.640752708006343], [0.6665783723714116, 0.989326980912511, 1.28290425102486]]
Save Location: maps/map395/test.txt
