Path: 1481
Path Score: 4.3250976267309085
Waypoints: [[1.0, 1.0, 1.0], [1.5831056317866898, 11.289807463775418, 6.886569014408189], [18.441097262136424, 17.537267266708554, 6.281086639361177], [29.0, 29.0, 14.0]]
Velocity: [[0.0, 0.0, 0.0], [0.5831056317866898, 10.289807463775418, 5.886569014408189], [16.857991630349733, 6.247459802933136, -0.6054823750470124], [10.558902737863576, 11.462732733291446, 7.718913360638823]]
Attitude: [[0.0, 0.0, 0.0], [1.5216478577442305, 0.5217422173051365, 1.0518517055369716], [0.35642757934592284, 1.2161045781709847, 1.6044619381923653], [0.9183550643402842, 0.8511782172620342, 1.1109269665548651]]
Save Location: maps/map711/test.txt
