Path: 420
Path Score: 4.2004874129795
Waypoints: [[1.0, 1.0, 1.0], [8.23561037690084, 4.511685430060676, 8.33124458240136], [22.610660907061256, 12.829583706462888, 7.646387831785042], [29.0, 29.0, 14.0]]
Velocity: [[0.0, 0.0, 0.0], [7.235610376900841, 3.511685430060676, 7.331244582401361], [14.375050530160415, 8.317898276402211, -0.6848567506163183], [6.389339092938744, 16.170416293537112, 6.353612168214958]]
Attitude: [[0.0, 0.0, 0.0], [0.8434728410597166, 1.2422312953632766, 0.8316455994328315], [0.5260269348042287, 1.0467262799816441, 1.6120092477515475], [1.2183916059253201, 0.5083781419888332, 1.2204471921007194]]
Save Location: maps/map1557/test.txt
