Path: 2205
Path Score: 4.222486458957033
Waypoints: [[1.0, 1.0, 1.0], [5.839689469355285, 6.231079992564079, 1.4400139470819306], [11.717608255286521, 26.086366361922085, 10.100298251227693], [29.0, 29.0, 14.0]]
Velocity: [[0.0, 0.0, 0.0], [4.839689469355285, 5.231079992564079, 0.44001394708193065], [5.877918785931236, 19.855286369358005, 8.660284304145762], [17.28239174471348, 2.913633638077915, 3.8997017487723067]]
Attitude: [[0.0, 0.0, 0.0], [0.8259996858182699, 0.748605830934555, 1.5091311358387776], [1.3058269287691364, 0.4851278462845865, 1.1746750809925832], [0.27455761083990476, 1.4078003124714065, 1.351856955162436]]
Save Location: maps/map1392/test.txt
