Path: 1523
Path Score: 4.54074729007037
Waypoints: [[1.0, 1.0, 1.0], [0.8300875511549277, 1.6500330013832676, 11.560854587793756], [8.698977053221993, 19.48629808039675, 13.371846165404145], [29.0, 29.0, 14.0]]
Velocity: [[0.0, 0.0, 0.0], [-0.16991244884507228, 0.6500330013832676, 10.560854587793756], [7.8688895020670655, 17.836265079013483, 1.8109915776103893], [20.301022946778005, 9.51370191960325, 0.6281538345958548]]
Attitude: [[0.0, 0.0, 0.0], [1.5868534482018404, 1.5093306408644638, 0.06353355267918272], [1.1571971768799176, 0.42510254028069266, 1.4781665890120068], [0.4390758398022054, 1.132740622989748, 1.5427856888103315]]
Save Location: maps/map59/test.txt
