Path: 1304
Path Score: 4.475624660032538
Waypoints: [[1.0, 1.0, 1.0], [11.681123338592288, 14.089788280863255, 4.111381059339743], [12.699318080032214, 19.485873547121262, 13.643108962855027], [29.0, 29.0, 14.0]]
Velocity: [[0.0, 0.0, 0.0], [10.681123338592288, 13.089788280863255, 3.1113810593397426], [1.0181947414399257, 5.396085266258007, 9.531727903515286], [16.300681919967786, 9.514126452878738, 0.3568910371449725]]
Attitude: [[0.0, 0.0, 0.0], [0.8998039769895753, 0.7044384319041941, 1.3886732407031834], [1.4781036627399708, 1.0580911394113146, 0.5226667836365347], [0.5286275051045267, 1.042579273198718, 1.5518895222311728]]
Save Location: maps/map163/test.txt
