Path: 548
Path Score: 4.111862672881366
Waypoints: [[1.0, 1.0, 1.0], [9.981785049321614, 2.094242845092411, 3.906087432644374], [21.79639181727039, 14.477895924297679, 6.70148367285092], [29.0, 29.0, 14.0]]
Velocity: [[0.0, 0.0, 0.0], [8.981785049321614, 1.094242845092411, 2.906087432644374], [11.814606767948776, 12.383653079205267, 2.7953962402065464], [7.20360818272961, 14.522104075702321, 7.29851632714908]]
Attitude: [[0.0, 0.0, 0.0], [0.33286566125405836, 1.4553984883962245, 1.2600245384619229], [0.8213124641546741, 0.7754962519530938, 1.4089001945997597], [1.1535972127018381, 0.6148409412743631, 1.1477501781583583]]
Save Location: maps/map2186/test.txt
