Path: 183
Path Score: 4.396216109353917
Waypoints: [[1.0, 1.0, 1.0], [0.8689948832512862, 4.64282219210965, 7.776103442790986], [9.833184348662794, 7.49990030059201, 14.292253637188676], [29.0, 29.0, 14.0]]
Velocity: [[0.0, 0.0, 0.0], [-0.13100511674871385, 3.6428221921096497, 6.776103442790986], [8.964189465411508, 2.8570781084823604, 6.51615019439769], [19.166815651337206, 21.50009969940799, -0.2922536371886757]]
Attitude: [[0.0, 0.0, 0.0], [1.5878233126910848, 1.077602275761293, 0.4935415452562085], [0.6708955024168985, 1.3184844316310524, 0.9650660462327221], [0.8427567005134493, 0.7281432487926576, 1.5809425666442078]]
Save Location: maps/map370/test.txt
