Path: 734
Path Score: 4.1255657020125724
Waypoints: [[1.0, 1.0, 1.0], [12.697608925444278, 6.8811022717284045, 6.207161753256], [19.150517884687012, 16.221567393022806, 9.065163787729501], [29.0, 29.0, 14.0]]
Velocity: [[0.0, 0.0, 0.0], [11.697608925444278, 5.8811022717284045, 5.207161753256], [6.452908959242734, 9.3404651212944, 2.8580020344735013], [9.849482115312988, 12.778432606977194, 4.934836212270499]]
Attitude: [[0.0, 0.0, 0.0], [0.5913478455125089, 1.1402281118229445, 1.1922640516212777], [0.9869902293834426, 0.6470644253470034, 1.3241750960030423], [0.9474095871230266, 0.7114898316461911, 1.2739640805957166]]
Save Location: maps/map2101/test.txt
