Path: 2307
Path Score: 4.208661828431646
Waypoints: [[1.0, 1.0, 1.0], [4.608820246079843, 7.120273707001329, 9.286680001717013], [18.278593753428844, 13.542675969678093, 13.490985374955708], [29.0, 29.0, 14.0]]
Velocity: [[0.0, 0.0, 0.0], [3.6088202460798433, 6.120273707001329, 8.286680001717013], [13.669773507349, 6.422402262676765, 4.204305373238695], [10.721406246571156, 15.457324030321907, 0.5090146250442924]]
Attitude: [[0.0, 0.0, 0.0], [1.233845257898589, 0.9755770124671417, 0.7087760394342274], [0.5116618787723805, 1.1487199205614558, 1.299299939169835], [0.964623337542555, 0.6069540453552669, 1.5437444202820336]]
Save Location: maps/map1480/test.txt
