Path: 2116
Path Score: 4.196775255485216
Waypoints: [[1.0, 1.0, 1.0], [7.976694836660609, 10.929766397758005, 9.409001445334173], [22.16101751903432, 21.88131243389526, 7.844034735289933], [29.0, 29.0, 14.0]]
Velocity: [[0.0, 0.0, 0.0], [6.976694836660609, 9.929766397758005, 8.409001445334173], [14.184322682373711, 10.951546036137255, -1.5649667100442404], [6.838982480965679, 7.1186875661047395, 6.155965264710067]]
Attitude: [[0.0, 0.0, 0.0], [1.0786293818483852, 0.8331465441750755, 0.9648405508336908], [0.6623835768741834, 0.916232232183563, 1.6579053842297242], [0.9423867443913255, 0.9123337917118957, 1.0131992799999519]]
Save Location: maps/map1593/test.txt
