Path: 1225
Path Score: 4.279188859476972
Waypoints: [[1.0, 1.0, 1.0], [10.98841998167141, 13.67984788740044, 4.669955467169109], [18.295648198935922, 21.67677091998945, 14.790388562251113], [29.0, 29.0, 14.0]]
Velocity: [[0.0, 0.0, 0.0], [9.98841998167141, 12.67984788740044, 3.6699554671691086], [7.307228217264512, 7.996923032589011, 10.120433095082005], [10.704351801064078, 7.323229080010549, -0.7903885622511133]]
Attitude: [[0.0, 0.0, 0.0], [0.9230317793050691, 0.698207449561829, 1.3472349331065676], [1.055363509853274, 1.001030277423632, 0.8193762322977671], [0.6027006201753293, 0.9720633967168617, 1.6316622645059446]]
Save Location: maps/map1000/test.txt
