Path: 478
Path Score: 4.208452236720482
Waypoints: [[1.0, 1.0, 1.0], [11.29885047226655, 13.922680563011099, 6.0742347128672325], [25.89146789512382, 17.947079052650324, 10.291630941969098], [29.0, 29.0, 14.0]]
Velocity: [[0.0, 0.0, 0.0], [10.29885047226655, 12.922680563011099, 5.0742347128672325], [14.592617422857272, 4.024398489639225, 4.217396229101865], [3.108532104876179, 11.052920947349676, 3.708369058030902]]
Attitude: [[0.0, 0.0, 0.0], [0.932550665210745, 0.7263919285052141, 1.2728643435485965], [0.38005611582378196, 1.3118063454917865, 1.2990788219228713], [1.3102246373088302, 0.4126571490004325, 1.2583924394013435]]
Save Location: maps/map1483/test.txt
