Path: 651
Path Score: 4.355983810205716
Waypoints: [[1.0, 1.0, 1.0], [12.65259495451803, 15.504691539838976, 1.3902173466937446], [26.38955246870181, 17.442107880007757, 6.309566030629197], [29.0, 29.0, 14.0]]
Velocity: [[0.0, 0.0, 0.0], [11.65259495451803, 14.504691539838976, 0.39021734669374464], [13.736957514183782, 1.937416340168781, 4.9193486839354525], [2.6104475312981883, 11.557892119992243, 7.690433969370803]]
Attitude: [[0.0, 0.0, 0.0], [0.8941821376993422, 0.6770644370273821, 1.5498263094141658], [0.36740646599377635, 1.4387889855734721, 1.2300284171814009], [1.384929812396437, 0.6125168476528547, 0.995099526744653]]
Save Location: maps/map549/test.txt
