Path: 1329
Path Score: 4.464267507535328
Waypoints: [[1.0, 1.0, 1.0], [3.4670120800623283, 8.98615020457587, 12.766320645476934], [19.70415101856637, 13.671074305937509, 12.81372080915123], [29.0, 29.0, 14.0]]
Velocity: [[0.0, 0.0, 0.0], [2.4670120800623283, 7.986150204575869, 11.766320645476934], [16.237138938504042, 4.68492410136164, 0.047400163674295115], [9.295848981433629, 15.328925694062491, 1.1862791908487704]]
Attitude: [[0.0, 0.0, 0.0], [1.399024108228292, 0.9844440153430374, 0.6176559127637982], [0.2809158321684135, 1.2898952620789477, 1.5679915082184006], [1.0269884977688475, 0.548718444626354, 1.5047210663746937]]
Save Location: maps/map185/test.txt
