Path: 2215
Path Score: 4.348984443206424
Waypoints: [[1.0, 1.0, 1.0], [5.7591996310330025, 10.496060591014656, 1.1961851557501069], [14.39098062358011, 29.3344464639288, 6.107493259889046], [29.0, 29.0, 14.0]]
Velocity: [[0.0, 0.0, 0.0], [4.7591996310330025, 9.496060591014656, 0.19618515575010687], [8.631780992547107, 18.838385872914145, 4.911308104138939], [14.60901937641989, -0.3344464639287992, 7.892506740110954]]
Attitude: [[0.0, 0.0, 0.0], [1.1062936554501903, 0.46492826404694765, 1.5523285842779897], [1.1534599975627131, 0.48515329326808393, 1.3380786984343647], [0.4957011749046115, 1.5909353130706885, 1.0755799215878887]]
Save Location: maps/map588/test.txt
