Path: 833
Path Score: 4.333935575726648
Waypoints: [[1.0, 1.0, 1.0], [4.844954787942095, 14.493280729732227, 5.905721797057641], [14.31024281394206, 14.397341180730484, 10.344580509492056], [29.0, 29.0, 14.0]]
Velocity: [[0.0, 0.0, 0.0], [3.844954787942095, 13.493280729732227, 4.905721797057641], [9.465288025999964, -0.09593954900174317, 4.438858712434415], [14.68975718605794, 14.602658819269516, 3.655419490507944]]
Attitude: [[0.0, 0.0, 0.0], [1.3091332202726853, 0.43273101466224884, 1.2344339666278068], [0.4385999842486809, 1.5799729953921509, 1.13230586378019], [0.7976180124622528, 0.8033878261380559, 1.3961151528842315]]
Save Location: maps/map662/test.txt
