# waypoints
G: (11.0,-17.0,15)
G: (14.428265993547061,-16.840077534079164,15)
G: (17.303296981136594,-18.0058862340251,15)
G: (20.32234107272224,-18.554903376673984,15)
G: (23.246474131367023,-19.79740622497755,15)
G: (26.183901235925553,-19.177553133579572,15)
G: (29.0,-17.0,15)


# wall segments
W: (30.0,-18.8,25.0,-21.8,3)
W: (25.0,-21.8,10.0,-18.8,3)
W: (10.0,-15.2,22.0,-17.2,3)
W: (22.0,-17.2,25.0,-17.2,3)
W: (25.0,-17.2,30.0,-15.2,3)


# environment settings
R: (0)
D: (1)
