Path: 2071
Path Score: 4.354653226405498
Waypoints: [[1.0, 1.0, 1.0], [2.1051801977178286, 12.705542697858661, 1.33533427386211], [13.127617811288149, 26.235374032803584, 6.157926047197438], [29.0, 29.0, 14.0]]
Velocity: [[0.0, 0.0, 0.0], [1.1051801977178286, 11.705542697858661, 0.3353342738621099], [11.02243761357032, 13.529831334944923, 4.822591773335327], [15.872382188711851, 2.764625967196416, 7.842073952802562]]
Attitude: [[0.0, 0.0, 0.0], [1.4766986395106851, 0.09834724994807642, 1.5422834159518], [0.9162610325795716, 0.7268386700254835, 1.3011805510096552], [0.482563653737281, 1.4158888951789448, 1.1178111555993027]]
Save Location: maps/map554/test.txt
