Path: 113
Path Score: 4.240193322592289
Waypoints: [[1.0, 1.0, 1.0], [6.844542921659472, 12.575654287568902, 0.7512941296865822], [20.852071857601725, 15.195208825034904, 7.612944235060696], [29.0, 29.0, 14.0]]
Velocity: [[0.0, 0.0, 0.0], [5.844542921659472, 11.575654287568902, -0.24870587031341784], [14.007528935942254, 2.6195545374660014, 6.861650105374114], [8.147928142398275, 13.804791174965096, 6.387055764939304]]
Attitude: [[0.0, 0.0, 0.0], [1.103329579532339, 0.4679236243581791, 1.5899732357353402], [0.48292785368521446, 1.4044058308424678, 1.1220523185351472], [1.0790221355094318, 0.643470475899189, 1.1916321938329075]]
Save Location: maps/map1266/test.txt
