Path: 1657
Path Score: 4.119997333452931
Waypoints: [[1.0, 1.0, 1.0], [10.36013664890983, 5.847929453477029, 2.4421408215587084], [17.142077840697404, 12.866671640253438, 8.671369517017055], [29.0, 29.0, 14.0]]
Velocity: [[0.0, 0.0, 0.0], [9.36013664890983, 4.847929453477029, 1.4421408215587084], [6.781941191787574, 7.018742186776409, 6.229228695458347], [11.857922159302596, 16.133328359746564, 5.328630482982945]]
Attitude: [[0.0, 0.0, 0.0], [0.49541529610661705, 1.0976792558885609, 1.4348290922750935], [0.9450063797159703, 0.9195356078923346, 1.0027319426968646], [0.9614723836846367, 0.6782653453057865, 1.3106912242211473]]
Save Location: maps/map2132/test.txt
