Path: 1181
Path Score: 4.2797970291447305
Waypoints: [[1.0, 1.0, 1.0], [10.98841998167141, 13.67984788740044, 4.669955467169109], [16.702169176436314, 28.43696480624766, 9.763844081040961], [29.0, 29.0, 14.0]]
Velocity: [[0.0, 0.0, 0.0], [9.98841998167141, 12.67984788740044, 3.6699554671691086], [5.713749194764905, 14.757116918847219, 5.093888613871853], [12.297830823563686, 0.5630351937523415, 4.236155918959039]]
Attitude: [[0.0, 0.0, 0.0], [0.9230317793050691, 0.698207449561829, 1.3472349331065676], [1.2199435369289942, 0.4785059377346448, 1.2593745447150324], [0.3344395960989817, 1.5275361923898203, 1.2393843932691453]]
Save Location: maps/map995/test.txt
