Path: 1090
Path Score: 4.3201209940342915
Waypoints: [[1.0, 1.0, 1.0], [6.277705044557794, 0.35330246109405494, 2.6825947684151497], [11.62421921707525, 9.637940007438962, 4.108292062461251], [29.0, 29.0, 14.0]]
Velocity: [[0.0, 0.0, 0.0], [5.277705044557794, -0.6466975389059451, 1.6825947684151497], [5.346514172517456, 9.284637546344907, 1.4256972940461012], [17.37578078292475, 19.362059992561036, 9.891707937538749]]
Attitude: [[0.0, 0.0, 0.0], [0.32912608513099045, 1.687014641004876, 1.264321452563771], [1.0533514250065912, 0.537448794664396, 1.4385048338931685], [0.8965659978428239, 0.8014560323534023, 1.207454132976777]]
Save Location: maps/map736/test.txt
