Path: 1825
Path Score: 4.189201761395299
Waypoints: [[1.0, 1.0, 1.0], [5.8300877579373775, 12.986927175779844, 2.2883830638241456], [24.539485932888955, 19.73672816277327, 8.00225603479158], [29.0, 29.0, 14.0]]
Velocity: [[0.0, 0.0, 0.0], [4.8300877579373775, 11.986927175779844, 1.2883830638241456], [18.709398174951577, 6.749800986993428, 5.713872970967435], [4.4605140671110455, 9.263271837226728, 5.99774396520842]]
Attitude: [[0.0, 0.0, 0.0], [1.1897394258126446, 0.3951048953544142, 1.471431398260883], [0.4415528187837942, 1.2385484446382624, 1.291051991590865], [1.1866756395694507, 0.678936129498745, 1.0426972103159322]]
Save Location: maps/map1653/test.txt
