Path: 1943
Path Score: 4.174123425703081
Waypoints: [[1.0, 1.0, 1.0], [7.908661902969909, 13.249370598681029, 5.122888052721978], [27.54896392543646, 23.68501668390871, 10.359708634880405], [29.0, 29.0, 14.0]]
Velocity: [[0.0, 0.0, 0.0], [6.908661902969909, 12.249370598681029, 4.122888052721978], [19.64030202246655, 10.435646085227681, 5.236820582158428], [1.4510360745635396, 5.31498331609129, 3.6402913651195945]]
Attitude: [[0.0, 0.0, 0.0], [1.0799032623057099, 0.5811391675180452, 1.2856207472042467], [0.5363563807696472, 1.0964850402802457, 1.339546375565979], [1.3492511805320635, 0.6353347243649624, 0.9869147846242055]]
Save Location: maps/map1769/test.txt
