Path: 2049
Path Score: 4.181178365362609
Waypoints: [[1.0, 1.0, 1.0], [1.6574939373145603, 7.640942564656317, 6.853106441814953], [12.613060744395664, 17.548051480031873, 8.080005726347148], [29.0, 29.0, 14.0]]
Velocity: [[0.0, 0.0, 0.0], [0.6574939373145603, 6.640942564656317, 5.853106441814953], [10.955566807081103, 9.907108915375556, 1.2268992845321947], [16.386939255604336, 11.451948519968127, 5.919994273652852]]
Attitude: [[0.0, 0.0, 0.0], [1.4966576018134188, 0.7255359120981532, 0.8507902510389312], [0.7389724478675488, 0.8387102968962348, 1.487923843702472], [0.6665783723714116, 0.989326980912511, 1.28290425102486]]
Save Location: maps/map1714/test.txt
