Path: 221
Path Score: 4.394081239424103
Waypoints: [[1.0, 1.0, 1.0], [0.1034748464100077, 6.396090427855569, 9.25430405624771], [7.2422472543241465, 15.760615466297706, 13.658007264698963], [29.0, 29.0, 14.0]]
Velocity: [[0.0, 0.0, 0.0], [-0.8965251535899923, 5.396090427855569, 8.25430405624771], [7.138772407914139, 9.364525038442137, 4.403703208451253], [21.75775274567585, 13.239384533702294, 0.34199273530103724]]
Attitude: [[0.0, 0.0, 0.0], [1.6614577493511176, 0.9944855483118206, 0.5852456997051783], [0.9669142953547163, 0.7304322040938833, 1.2129204270956386], [0.5467872106274848, 1.0242120818809008, 1.5573694452781284]]
Save Location: maps/map380/test.txt
