Path: 1623
Path Score: 4.0749834674371606
Waypoints: [[1.0, 1.0, 1.0], [10.36013664890983, 5.847929453477029, 2.4421408215587084], [24.80078989068509, 16.52228778449424, 8.560347909072977], [29.0, 29.0, 14.0]]
Velocity: [[0.0, 0.0, 0.0], [9.36013664890983, 4.847929453477029, 1.4421408215587084], [14.440653241775259, 10.67435833101721, 6.118207087514269], [4.199210109314912, 12.477712215505761, 5.439652090927023]]
Attitude: [[0.0, 0.0, 0.0], [0.49541529610661705, 1.0976792558885609, 1.4348290922750935], [0.7056537488582613, 0.9731953144208855, 1.242427379923561], [1.2715632840353657, 0.5034073100322944, 1.1789804677621314]]
Save Location: maps/map2349/test.txt
