# Note +ve X is north
# Note +ve Y is West
# x, y, height
# waypoints
G: (4.0,-2.0,10)
G: (15.707355243626175,-9.028392202998234,10)
G: (30.579011065124746,-11.457877703236363,10)
G: (42.44316023797592,-7.780394976781338,10)
G: (56.6876742718412,-7.354506262438676,10)
G: (70.51810485484262,-10.442993075360448,10)
G: (84.90064947944596,-6.579651804792164,10)
G: (96.0,-2.0,10)


# wall segments
# x1, y1, x2, y2, z
W: (96.0,-9.200000000000003,68.0,-17.200000000000003,30)
W: (68.0,-17.200000000000003,4.0,-13.200000000000003,30)
W: (4.0,-13.200000000000003,0.0,-9.200000000000003,30)
W: (0.0,5.200000000000003,32.8,-2.0,30)
W: (32.8,-2.0,84.8,2.0,30)
W: (84.8,2.0,96.0,5.200000000000003,30)


# environment settings
R: (0)
D: (1)
