Path: 579
Path Score: 4.399041734748977
Waypoints: [[1.0, 1.0, 1.0], [8.077819295469498, 4.630177089274074, 13.001091877302175], [24.29282605726432, 17.273783965333514, 9.528106741585457], [29.0, 29.0, 14.0]]
Velocity: [[0.0, 0.0, 0.0], [7.077819295469498, 3.630177089274074, 12.001091877302175], [16.215006761794825, 12.64360687605944, -3.4729851357167174], [4.707173942735679, 11.726216034666486, 4.471893258414543]]
Attitude: [[0.0, 0.0, 0.0], [1.0568857360289043, 1.315913356872022, 0.5853298029477871], [0.6799802134362486, 0.9193717324819468, 1.7381218530153815], [1.2119605623526288, 0.5056733733733509, 1.2306436859371142]]
Save Location: maps/map363/test.txt
