# Note +ve X is north
# Note +ve Y is West
# x, y, height
# waypoints
G: (11.0,-17.0,15)
G: (14.549213920673267,-17.426485063121362,15)
G: (17.46029018614667,-18.741632842785954,15)
G: (20.156385376833907,-20.244120009494,15)
G: (23.207114354113127,-20.227705628205673,15)
G: (26.007481932575384,-18.96153503399044,15)
G: (29.0,-17.0,15)


# wall segments
# x1, y1, x2, y2, z
W: (40.0,-14.6,32.0,-18.6,3)
W: (32.0,-18.6,20.0,-20.6,3)
W: (20.0,-20.6,2.0,-14.6,3)
W: (2.0,-14.6,0.0,-14.6,3)
W: (0.0,-7.399999999999999,14.0,-9.399999999999999,3)
W: (14.0,-9.399999999999999,20.0,-13.4,3)
W: (20.0,-13.4,40.0,-7.399999999999999,3)


# environment settings
R: (0)
D: (1)
