Path: 1378
Path Score: 4.204598799669387
Waypoints: [[1.0, 1.0, 1.0], [2.1166871798879825, 7.959406805005861, 2.641112218552253], [11.681123338592288, 14.089788280863255, 4.111381059339743], [29.0, 29.0, 14.0]]
Velocity: [[0.0, 0.0, 0.0], [1.1166871798879825, 6.959406805005861, 1.6411122185522529], [9.564436158704305, 6.130381475857394, 1.4702688407874898], [17.318876661407714, 14.910211719136745, 9.888618940660258]]
Attitude: [[0.0, 0.0, 0.0], [1.4158739947349994, 0.27784815422419984, 1.3420381855188857], [0.5827681570689964, 1.0060977062329388, 1.442091872287575], [0.8016545124622462, 0.92880948410089, 1.1624165959922155]]
Save Location: maps/map1516/test.txt
