Path: 1215
Path Score: 4.284360622947085
Waypoints: [[1.0, 1.0, 1.0], [10.98841998167141, 13.67984788740044, 4.669955467169109], [20.212090313700415, 29.084942607850003, 7.828513501034688], [29.0, 29.0, 14.0]]
Velocity: [[0.0, 0.0, 0.0], [9.98841998167141, 12.67984788740044, 3.6699554671691086], [9.223670332029005, 15.405094720449563, 3.158558033865579], [8.787909686299585, -0.08494260785000307, 6.171486498965312]]
Attitude: [[0.0, 0.0, 0.0], [0.9230317793050691, 0.698207449561829, 1.3472349331065676], [1.040332833013216, 0.5642418390560451, 1.3966656747339536], [0.6122924637915843, 1.5787062884807508, 0.9585703773157652]]
Save Location: maps/map965/test.txt
