Path: 2077
Path Score: 4.259923465688936
Waypoints: [[1.0, 1.0, 1.0], [2.1051801977178286, 12.705542697858661, 1.33533427386211], [14.46706287539074, 21.68231868352074, 5.395598205098573], [29.0, 29.0, 14.0]]
Velocity: [[0.0, 0.0, 0.0], [1.1051801977178286, 11.705542697858661, 0.3353342738621099], [12.361882677672911, 8.97677598566208, 4.060263931236463], [14.53293712460926, 7.317681316479259, 8.604401794901428]]
Attitude: [[0.0, 0.0, 0.0], [1.4766986395106851, 0.09834724994807642, 1.5422834159518], [0.672904126311171, 0.9668774988383922, 1.3110317511358736], [0.6606967282577116, 1.161934980212726, 1.0843680323639853]]
Save Location: maps/map1138/test.txt
