Path: 182
Path Score: 4.441606387315886
Waypoints: [[1.0, 1.0, 1.0], [0.8689948832512862, 4.64282219210965, 7.776103442790986], [7.2422472543241465, 15.760615466297706, 13.658007264698963], [29.0, 29.0, 14.0]]
Velocity: [[0.0, 0.0, 0.0], [-0.13100511674871385, 3.6428221921096497, 6.776103442790986], [6.37325237107286, 11.117793274188056, 5.881903821907977], [21.75775274567585, 13.239384533702294, 0.34199273530103724]]
Attitude: [[0.0, 0.0, 0.0], [1.5878233126910848, 1.077602275761293, 0.4935415452562085], [1.1017993235028216, 0.6624703262232083, 1.1404942949567847], [0.5467872106274848, 1.0242120818809008, 1.5573694452781284]]
Save Location: maps/map228/test.txt
