Path: 1608
Path Score: 4.126168232357559
Waypoints: [[1.0, 1.0, 1.0], [10.36013664890983, 5.847929453477029, 2.4421408215587084], [26.76543196640594, 17.456646557356017, 7.05435308823407], [29.0, 29.0, 14.0]]
Velocity: [[0.0, 0.0, 0.0], [9.36013664890983, 4.847929453477029, 1.4421408215587084], [16.405295317496112, 11.608717103878988, 4.612212266675361], [2.2345680335940585, 11.543353442643983, 6.94564691176593]]
Attitude: [[0.0, 0.0, 0.0], [0.49541529610661705, 1.0976792558885609, 1.4348290922750935], [0.6507726233454273, 0.9727924498029653, 1.3452069829627202], [1.4064235659655742, 0.5636700246717852, 1.0372176653267735]]
Save Location: maps/map2097/test.txt
