Path: 2187
Path Score: 4.21031299088946
Waypoints: [[1.0, 1.0, 1.0], [5.839689469355285, 6.231079992564079, 1.4400139470819306], [15.400672772919897, 26.69900395650807, 5.879479941270359], [29.0, 29.0, 14.0]]
Velocity: [[0.0, 0.0, 0.0], [4.839689469355285, 5.231079992564079, 0.44001394708193065], [9.560983303564612, 20.46792396394399, 4.439465994188429], [13.599327227080103, 2.3009960434919314, 8.12052005872964]]
Attitude: [[0.0, 0.0, 0.0], [0.8259996858182699, 0.748605830934555, 1.5091311358387776], [1.1425455534049, 0.4755919260437463, 1.376753228592869], [0.5554547236335042, 1.4265344991304623, 1.0386836664292136]]
Save Location: maps/map1469/test.txt
