Path: 276
Path Score: 4.478273703151141
Waypoints: [[1.0, 1.0, 1.0], [10.236205802881091, 6.726958385030271, 8.616461550781413], [8.698977053221993, 19.48629808039675, 13.371846165404145], [29.0, 29.0, 14.0]]
Velocity: [[0.0, 0.0, 0.0], [9.236205802881091, 5.726958385030271, 7.616461550781413], [-1.5372287496590982, 12.759339695366478, 4.7553846146227325], [20.301022946778005, 9.51370191960325, 0.6281538345958548]]
Attitude: [[0.0, 0.0, 0.0], [0.801018365502451, 1.1245932303302049, 0.9595076706588436], [1.6832132876770243, 0.3733200278348811, 1.2163965769865976], [0.4390758398022054, 1.132740622989748, 1.5427856888103315]]
Save Location: maps/map157/test.txt
