Path: 1558
Path Score: 4.2439361038277035
Waypoints: [[1.0, 1.0, 1.0], [5.1328300726842055, 6.167067988359742, 4.338023583503114], [9.057942771808293, 22.483164120725405, 13.633419250864584], [29.0, 29.0, 14.0]]
Velocity: [[0.0, 0.0, 0.0], [4.1328300726842055, 5.167067988359742, 3.338023583503114], [3.925112699124087, 16.316096132365665, 9.29539566736147], [19.942057228191707, 6.516835879274595, 0.36658074913541583]]
Attitude: [[0.0, 0.0, 0.0], [0.9792202736645594, 0.799275207152919, 1.1035589735254734], [1.3647377587106706, 0.5538508867727687, 1.0649602828156852], [0.3163154151017467, 1.2549974740262801, 1.5533251264663486]]
Save Location: maps/map1234/test.txt
