Path: 871
Path Score: 4.20593527653984
Waypoints: [[1.0, 1.0, 1.0], [13.622214221490246, 10.560085107867, 6.307093757900562], [16.562231948918217, 23.36225528971405, 10.468909590942717], [29.0, 29.0, 14.0]]
Velocity: [[0.0, 0.0, 0.0], [12.622214221490246, 9.560085107867, 5.307093757900562], [2.9400177274279713, 12.80217018184705, 4.161815833042155], [12.437768051081783, 5.637744710285951, 3.531090409057283]]
Attitude: [[0.0, 0.0, 0.0], [0.7138698155414545, 0.9612815674177257, 1.2473929819737224], [1.3557732832881326, 0.37879893454460306, 1.2639632212490315], [0.4911333101171544, 1.159608420333512, 1.31776151037235]]
Save Location: maps/map1502/test.txt
