Path: 349
Path Score: 4.155681965480081
Waypoints: [[1.0, 1.0, 1.0], [11.62421921707525, 9.637940007438962, 4.108292062461251], [27.392959345270903, 23.005156066345783, 14.43568391042985], [29.0, 29.0, 14.0]]
Velocity: [[0.0, 0.0, 0.0], [10.62421921707525, 8.637940007438962, 3.108292062461251], [15.768740128195653, 13.367216058906822, 10.327391847968599], [1.6070406547290972, 5.9948439336542165, -0.4356839104298498]]
Attitude: [[0.0, 0.0, 0.0], [0.7126112608988734, 0.9081638967287853, 1.3475745118170808], [0.8197744569743024, 0.9539555091004641, 1.1074837989365978], [1.309541788024109, 0.27091869121991397, 1.6408792813009851]]
Save Location: maps/map1912/test.txt
