Path: 1526
Path Score: 4.493523513870364
Waypoints: [[1.0, 1.0, 1.0], [0.8300875511549277, 1.6500330013832676, 11.560854587793756], [14.31024281394206, 14.397341180730484, 10.344580509492056], [29.0, 29.0, 14.0]]
Velocity: [[0.0, 0.0, 0.0], [-0.16991244884507228, 0.6500330013832676, 10.560854587793756], [13.480155262787132, 12.747308179347216, -1.2162740783016996], [14.68975718605794, 14.602658819269516, 3.655419490507944]]
Attitude: [[0.0, 0.0, 0.0], [1.5868534482018404, 1.5093306408644638, 0.06353355267918272], [0.7597258713099087, 0.8153564595356144, 1.6362598957201544], [0.7976180124622528, 0.8033878261380559, 1.3961151528842315]]
Save Location: maps/map123/test.txt
