Path: 834
Path Score: 4.335148741765623
Waypoints: [[1.0, 1.0, 1.0], [4.844954787942095, 14.493280729732227, 5.905721797057641], [20.852071857601725, 15.195208825034904, 7.612944235060696], [29.0, 29.0, 14.0]]
Velocity: [[0.0, 0.0, 0.0], [3.844954787942095, 13.493280729732227, 4.905721797057641], [16.00711706965963, 0.7019280953026765, 1.707222438003055], [8.147928142398275, 13.804791174965096, 6.387055764939304]]
Attitude: [[0.0, 0.0, 0.0], [1.3091332202726853, 0.43273101466224884, 1.2344339666278068], [0.11480973717083053, 1.5272202256191054, 1.4646452715402958], [1.0790221355094318, 0.643470475899189, 1.1916321938329075]]
Save Location: maps/map653/test.txt
