Path: 253
Path Score: 4.12489586855351
Waypoints: [[1.0, 1.0, 1.0], [10.236205802881091, 6.726958385030271, 8.616461550781413], [26.70124871286478, 19.147010920760337, 12.70089468843873], [29.0, 29.0, 14.0]]
Velocity: [[0.0, 0.0, 0.0], [9.236205802881091, 5.726958385030271, 7.616461550781413], [16.465042909983687, 12.420052535730065, 4.084433137657317], [2.2987512871352216, 9.852989079239663, 1.29910531156127]]
Attitude: [[0.0, 0.0, 0.0], [0.801018365502451, 1.1245932303302049, 0.9595076706588436], [0.671115258423827, 0.9388252415280565, 1.3752848063038963], [1.3434906352786418, 0.26183169500923487, 1.4430944105763563]]
Save Location: maps/map2104/test.txt
