Path: 1893
Path Score: 4.05627293484833
Waypoints: [[1.0, 1.0, 1.0], [8.469661386104097, 5.59096684474812, 2.5279558793890997], [25.89146789512382, 17.947079052650324, 10.291630941969098], [29.0, 29.0, 14.0]]
Velocity: [[0.0, 0.0, 0.0], [7.469661386104097, 4.59096684474812, 1.5279558793890997], [17.421806509019724, 12.356112207902203, 7.763675062579998], [3.108532104876179, 11.052920947349676, 3.708369058030902]]
Attitude: [[0.0, 0.0, 0.0], [0.5747996990566772, 1.0288000156137393, 1.3982583619310816], [0.6972590678248521, 0.995955429727799, 1.2221541222778427], [1.3102246373088302, 0.4126571490004325, 1.2583924394013435]]
Save Location: maps/map2412/test.txt
