Path: 1331
Path Score: 4.479497162787462
Waypoints: [[1.0, 1.0, 1.0], [3.4670120800623283, 8.98615020457587, 12.766320645476934], [11.40378861351021, 23.288761880938765, 11.804403224732908], [29.0, 29.0, 14.0]]
Velocity: [[0.0, 0.0, 0.0], [2.4670120800623283, 7.986150204575869, 11.766320645476934], [7.9367765334478815, 14.302611676362895, -0.961917420744026], [17.59621138648979, 5.711238119061235, 2.1955967752670915]]
Attitude: [[0.0, 0.0, 0.0], [1.399024108228292, 0.9844440153430374, 0.6176559127637982], [1.0651419430901685, 0.5097104880117953, 1.6295357455020771], [0.33465120952432154, 1.2592127196021017, 1.4526670982553629]]
Save Location: maps/map153/test.txt
