Path: 457
Path Score: 4.205156656359636
Waypoints: [[1.0, 1.0, 1.0], [11.29885047226655, 13.922680563011099, 6.0742347128672325], [26.70124871286478, 19.147010920760337, 12.70089468843873], [29.0, 29.0, 14.0]]
Velocity: [[0.0, 0.0, 0.0], [10.29885047226655, 12.922680563011099, 5.0742347128672325], [15.40239824059823, 5.224330357749238, 6.626659975571497], [2.2987512871352216, 9.852989079239663, 1.29910531156127]]
Attitude: [[0.0, 0.0, 0.0], [0.932550665210745, 0.7263919285052141, 1.2728643435485965], [0.5011998152969821, 1.2687532784880102, 1.1838961881914272], [1.3434906352786418, 0.26183169500923487, 1.4430944105763563]]
Save Location: maps/map1510/test.txt
