Path: 532
Path Score: 4.12376962931248
Waypoints: [[1.0, 1.0, 1.0], [9.981785049321614, 2.094242845092411, 3.906087432644374], [20.225861212634335, 15.04532595668622, 11.643310714362196], [29.0, 29.0, 14.0]]
Velocity: [[0.0, 0.0, 0.0], [8.981785049321614, 1.094242845092411, 2.906087432644374], [10.244076163312721, 12.951083111593809, 7.737223281717822], [8.774138787365665, 13.95467404331378, 2.3566892856378043]]
Attitude: [[0.0, 0.0, 0.0], [0.33286566125405836, 1.4553984883962245, 1.2600245384619229], [0.9742807908146971, 0.7810003410375207, 1.132615616664455], [1.0158144950798451, 0.5771097040965634, 1.4287893660504631]]
Save Location: maps/map2109/test.txt
