Path: 2343
Path Score: 4.148886801548369
Waypoints: [[1.0, 1.0, 1.0], [2.7823021602657514, 3.2626923788090734, 6.811174955232296], [19.150517884687012, 16.221567393022806, 9.065163787729501], [29.0, 29.0, 14.0]]
Velocity: [[0.0, 0.0, 0.0], [1.7823021602657514, 2.2626923788090734, 5.811174955232296], [16.368215724421262, 12.958875014213731, 2.253988832497205], [9.849482115312988, 12.778432606977194, 4.934836212270499]]
Attitude: [[0.0, 0.0, 0.0], [1.2924157480158258, 1.2144350237412072, 0.46016632051788314], [0.6769299457037388, 0.905696998840004, 1.4632479661836286], [0.9474095871230266, 0.7114898316461911, 1.2739640805957166]]
Save Location: maps/map1948/test.txt
