Path: 1889
Path Score: 4.126451877150052
Waypoints: [[1.0, 1.0, 1.0], [8.469661386104097, 5.59096684474812, 2.5279558793890997], [14.46706287539074, 21.68231868352074, 5.395598205098573], [29.0, 29.0, 14.0]]
Velocity: [[0.0, 0.0, 0.0], [7.469661386104097, 4.59096684474812, 1.5279558793890997], [5.997401489286643, 16.09135183877262, 2.8676423257094736], [14.53293712460926, 7.317681316479259, 8.604401794901428]]
Attitude: [[0.0, 0.0, 0.0], [0.5747996990566772, 1.0288000156137393, 1.3982583619310816], [1.2191207168814733, 0.391768594463737, 1.4053342626312315], [0.6606967282577116, 1.161934980212726, 1.0843680323639853]]
Save Location: maps/map2095/test.txt
