Path: 2214
Path Score: 4.142212620021451
Waypoints: [[1.0, 1.0, 1.0], [5.7591996310330025, 10.496060591014656, 1.1961851557501069], [15.326606466973086, 21.339557800606936, 5.709370475713641], [29.0, 29.0, 14.0]]
Velocity: [[0.0, 0.0, 0.0], [4.7591996310330025, 9.496060591014656, 0.19618515575010687], [9.567406835940083, 10.84349720959228, 4.513185319963534], [13.673393533026914, 7.660442199393064, 8.29062952428636]]
Attitude: [[0.0, 0.0, 0.0], [1.1062936554501903, 0.46492826404694765, 1.5523285842779897], [0.8872290363255307, 0.7730272411560815, 1.2682791645212934], [0.690120256163992, 1.1240390241586073, 1.0842390444713212]]
Save Location: maps/map1989/test.txt
