Path: 2135
Path Score: 4.314346429859225
Waypoints: [[1.0, 1.0, 1.0], [7.976694836660609, 10.929766397758005, 9.409001445334173], [17.10037516700489, 29.239729622642756, 11.903971497075933], [29.0, 29.0, 14.0]]
Velocity: [[0.0, 0.0, 0.0], [6.976694836660609, 9.929766397758005, 8.409001445334173], [9.123680330344282, 18.30996322488475, 2.4949700517417597], [11.899624832995109, -0.23972962264275566, 2.0960285029240673]]
Attitude: [[0.0, 0.0, 0.0], [1.0786293818483852, 0.8331465441750755, 0.9648405508336908], [1.112178984196813, 0.47682812155091003, 1.44943509001734], [0.17546746908711836, 1.5906342688103356, 1.396477078710701]]
Save Location: maps/map765/test.txt
