Path: 68
Path Score: 4.186979428863318
Waypoints: [[1.0, 1.0, 1.0], [6.844542921659472, 12.575654287568902, 0.7512941296865822], [15.326606466973086, 21.339557800606936, 5.709370475713641], [29.0, 29.0, 14.0]]
Velocity: [[0.0, 0.0, 0.0], [5.844542921659472, 11.575654287568902, -0.24870587031341784], [8.482063545313615, 8.763903513038034, 4.958076346027059], [13.673393533026914, 7.660442199393064, 8.29062952428636]]
Attitude: [[0.0, 0.0, 0.0], [1.103329579532339, 0.4679236243581791, 1.5899732357353402], [0.8707437881007166, 0.8424115860333755, 1.1846813231215676], [0.690120256163992, 1.1240390241586073, 1.0842390444713212]]
Save Location: maps/map1669/test.txt
