Path: 577
Path Score: 4.355874283555403
Waypoints: [[1.0, 1.0, 1.0], [8.077819295469498, 4.630177089274074, 13.001091877302175], [18.278593753428844, 13.542675969678093, 13.490985374955708], [29.0, 29.0, 14.0]]
Velocity: [[0.0, 0.0, 0.0], [7.077819295469498, 3.630177089274074, 12.001091877302175], [10.200774457959346, 8.91249888040402, 0.48989349765353296], [10.721406246571156, 15.457324030321907, 0.5090146250442924]]
Attitude: [[0.0, 0.0, 0.0], [1.0568857360289043, 1.315913356872022, 0.5853298029477871], [0.7188452718445641, 0.8532691987417418, 1.5346463447095826], [0.964623337542555, 0.6069540453552669, 1.5437444202820336]]
Save Location: maps/map550/test.txt
