Path: 1348
Path Score: 4.2299757648336005
Waypoints: [[1.0, 1.0, 1.0], [2.1166871798879825, 7.959406805005861, 2.641112218552253], [15.326606466973086, 21.339557800606936, 5.709370475713641], [29.0, 29.0, 14.0]]
Velocity: [[0.0, 0.0, 0.0], [1.1166871798879825, 6.959406805005861, 1.6411122185522529], [13.209919287085103, 13.380150995601076, 3.068258257161388], [13.673393533026914, 7.660442199393064, 8.29062952428636]]
Attitude: [[0.0, 0.0, 0.0], [1.4158739947349994, 0.27784815422419984, 1.3420381855188857], [0.8046078599854792, 0.7921318124998573, 1.4090377440733883], [0.690120256163992, 1.1240390241586073, 1.0842390444713212]]
Save Location: maps/map1338/test.txt
