Path: 732
Path Score: 4.113200303811942
Waypoints: [[1.0, 1.0, 1.0], [12.697608925444278, 6.8811022717284045, 6.207161753256], [24.417165918970664, 21.028566972505814, 13.862338142170172], [29.0, 29.0, 14.0]]
Velocity: [[0.0, 0.0, 0.0], [11.697608925444278, 5.8811022717284045, 5.207161753256], [11.719556993526385, 14.147464700777409, 7.655176388914172], [4.582834081029336, 7.971433027494186, 0.1376618578298281]]
Attitude: [[0.0, 0.0, 0.0], [0.5913478455125089, 1.1402281118229445, 1.1922640516212777], [0.9411546550201237, 0.780095096925443, 1.1759804004714225], [1.0490962265383572, 0.5219593966089846, 1.5558258939074248]]
Save Location: maps/map2179/test.txt
