Path: 1474
Path Score: 4.33162834471317
Waypoints: [[1.0, 1.0, 1.0], [1.5831056317866898, 11.289807463775418, 6.886569014408189], [6.351589522056588, 15.595530052506257, 9.804307665027011], [29.0, 29.0, 14.0]]
Velocity: [[0.0, 0.0, 0.0], [0.5831056317866898, 10.289807463775418, 5.886569014408189], [4.7684838902698985, 4.3057225887308395, 2.917738650618822], [22.64841047794341, 13.404469947493743, 4.195692334972989]]
Attitude: [[0.0, 0.0, 0.0], [1.5216478577442305, 0.5217422173051365, 1.0518517055369716], [0.828773804169164, 0.914485226375306, 1.1445058111323612], [0.5551154872057305, 1.0437555844404118, 1.4127030288890532]]
Save Location: maps/map674/test.txt
