Path: 533
Path Score: 4.156983898884036
Waypoints: [[1.0, 1.0, 1.0], [9.981785049321614, 2.094242845092411, 3.906087432644374], [19.70415101856637, 13.671074305937509, 12.81372080915123], [29.0, 29.0, 14.0]]
Velocity: [[0.0, 0.0, 0.0], [8.981785049321614, 1.094242845092411, 2.906087432644374], [9.722365969244757, 11.576831460845098, 8.907633376506855], [9.295848981433629, 15.328925694062491, 1.1862791908487704]]
Attitude: [[0.0, 0.0, 0.0], [0.33286566125405836, 1.4553984883962245, 1.2600245384619229], [0.9835399486342025, 0.85028976843783, 1.0383443434767454], [1.0269884977688475, 0.548718444626354, 1.5047210663746937]]
Save Location: maps/map1904/test.txt
