Path: 444
Path Score: 4.203539248203128
Waypoints: [[1.0, 1.0, 1.0], [11.29885047226655, 13.922680563011099, 6.0742347128672325], [15.44249175683154, 18.284183195920107, 9.161844399110448], [29.0, 29.0, 14.0]]
Velocity: [[0.0, 0.0, 0.0], [10.29885047226655, 12.922680563011099, 5.0742347128672325], [4.143641284564991, 4.3615026329090085, 3.0876096862432156], [13.55750824316846, 10.715816804079893, 4.838155600889552]]
Attitude: [[0.0, 0.0, 0.0], [0.932550665210745, 0.7263919285052141, 1.2728643435485965], [0.91122818322552, 0.8697812854508705, 1.0966196449233023], [0.714409075190648, 0.9308782745117469, 1.2978165450117953]]
Save Location: maps/map1529/test.txt
