Path: 84
Path Score: 4.3059657834648455
Waypoints: [[1.0, 1.0, 1.0], [6.844542921659472, 12.575654287568902, 0.7512941296865822], [11.667426656504041, 23.721439084724487, 3.039376091614793], [29.0, 29.0, 14.0]]
Velocity: [[0.0, 0.0, 0.0], [5.844542921659472, 11.575654287568902, -0.24870587031341784], [4.822883734844569, 11.145784797155585, 2.288081961928211], [17.33257334349596, 5.278560915275513, 10.960623908385207]]
Attitude: [[0.0, 0.0, 0.0], [1.103329579532339, 0.4679236243581791, 1.5899732357353402], [1.1698832928443033, 0.4466550428151315, 1.3845743647946944], [0.6119895361534354, 1.3188671578153384, 1.026752491502504]]
Save Location: maps/map825/test.txt
