Path: 1748
Path Score: 4.229925703606011
Waypoints: [[1.0, 1.0, 1.0], [10.805725952785512, 11.283487147150078, 0.7484718343695662], [26.38955246870181, 17.442107880007757, 6.309566030629197], [29.0, 29.0, 14.0]]
Velocity: [[0.0, 0.0, 0.0], [9.805725952785512, 10.283487147150078, -0.2515281656304338], [15.5838265159163, 6.158620732857679, 5.561094196259631], [2.6104475312981883, 11.557892119992243, 7.690433969370803]]
Attitude: [[0.0, 0.0, 0.0], [0.8093250089126587, 0.7617849255869302, 1.5884962164824006], [0.48928162602441505, 1.214478863652136, 1.250359303881723], [1.384929812396437, 0.6125168476528547, 0.995099526744653]]
Save Location: maps/map1340/test.txt
