Path: 683
Path Score: 4.302728852918781
Waypoints: [[1.0, 1.0, 1.0], [7.279071891786115, 11.99037003440958, 7.619831722996372], [26.287300151641748, 16.492398494138193, 13.77497605122596], [29.0, 29.0, 14.0]]
Velocity: [[0.0, 0.0, 0.0], [6.279071891786115, 10.99037003440958, 6.619831722996372], [19.008228259855635, 4.5020284597286135, 6.1551443282295875], [2.712699848358252, 12.507601505861807, 0.22502394877404086]]
Attitude: [[0.0, 0.0, 0.0], [1.115662030937802, 0.6928797362779866, 1.088924427386206], [0.3815304570062247, 1.3491704024252131, 1.2655468642316559], [1.3572535290988061, 0.21428765206758904, 1.553215933347118]]
Save Location: maps/map850/test.txt
