Path: 3
Path Score: 1.81742208700292
Waypoints: [[1.0, 1.0, 1.0], [8.002007136802213, 6.296703904094452, 4.217766226268532], [23.226284017065332, 11.509945345579446, 11.191428253866428], [29.0, 29.0, 14.0]]
Velocity: [[0.0, 0.0, 0.0], [7.002007136802213, 5.296703904094452, 3.217766226268532], [15.224276880263119, 5.213241441484994, 6.973662027597896], [5.773715982934668, 17.490054654420554, 2.8085717461335715]]
Attitude: [[0.0, 0.0, 0.0], [0.0, 0.0, 0.0], [0.0, 0.0, 0.0], [0.0, 0.0, 0.0]]
Save Location: maps/map3/test.txt
