Path: 1199
Path Score: 4.302824256714514
Waypoints: [[1.0, 1.0, 1.0], [10.98841998167141, 13.67984788740044, 4.669955467169109], [19.747287023046923, 29.82416487797133, 10.432454096489826], [29.0, 29.0, 14.0]]
Velocity: [[0.0, 0.0, 0.0], [9.98841998167141, 12.67984788740044, 3.6699554671691086], [8.758867041375513, 16.144316990570893, 5.762498629320717], [9.252712976953077, -0.8241648779713309, 3.567545903510174]]
Attitude: [[0.0, 0.0, 0.0], [0.9230317793050691, 0.698207449561829, 1.3472349331065676], [1.0984177077817194, 0.575968649382425, 1.266784638718694], [0.3768134483966241, 1.6537149137271474, 1.2041176775046736]]
Save Location: maps/map849/test.txt
