Path: 1643
Path Score: 4.074013352407764
Waypoints: [[1.0, 1.0, 1.0], [10.36013664890983, 5.847929453477029, 2.4421408215587084], [21.79639181727039, 14.477895924297679, 6.70148367285092], [29.0, 29.0, 14.0]]
Velocity: [[0.0, 0.0, 0.0], [9.36013664890983, 4.847929453477029, 1.4421408215587084], [11.43625516836056, 8.62996647082065, 4.259342851292212], [7.20360818272961, 14.522104075702321, 7.29851632714908]]
Attitude: [[0.0, 0.0, 0.0], [0.49541529610661705, 1.0976792558885609, 1.4348290922750935], [0.6995505408037691, 0.9552806806252114, 1.2818240764829352], [1.1535972127018381, 0.6148409412743631, 1.1477501781583583]]
Save Location: maps/map2353/test.txt
