Path: 930
Path Score: 4.334211500510111
Waypoints: [[1.0, 1.0, 1.0], [7.363766588778974, 0.518530266354752, 10.190548616200227], [24.882695815361128, 14.368288597070304, 12.113832918894575], [29.0, 29.0, 14.0]]
Velocity: [[0.0, 0.0, 0.0], [6.363766588778974, -0.48146973364524803, 9.190548616200227], [17.518929226582152, 13.849758330715552, 1.9232843026943485], [4.117304184638872, 14.631711402929696, 1.886167081105425]]
Attitude: [[0.0, 0.0, 0.0], [0.9658135015594402, 1.6138399388547588, 0.6069604064989591], [0.6736093763947987, 0.9047504655798616, 1.4848868566081312], [1.2986348105444985, 0.30016579609209537, 1.4473372730099068]]
Save Location: maps/map660/test.txt
