Path: 1111
Path Score: 4.099136821920508
Waypoints: [[1.0, 1.0, 1.0], [7.244355243304841, 4.686769508950413, 5.732290508395203], [17.495244973045097, 26.03561227858441, 12.515738341607829], [29.0, 29.0, 14.0]]
Velocity: [[0.0, 0.0, 0.0], [6.244355243304841, 3.6867695089504133, 4.732290508395203], [10.250889729740255, 21.348842769633997, 6.783447833212626], [11.504755026954903, 2.9643877214155907, 1.484261658392171]]
Attitude: [[0.0, 0.0, 0.0], [0.7653529368027897, 1.1309818444795048, 0.9925991767107255], [1.1416269107254864, 0.5224157253048177, 1.2918307413928594], [0.2805594303655102, 1.3206025270465491, 1.4465080099651364]]
Save Location: maps/map2253/test.txt
