Path: 1195
Path Score: 4.1780345132056045
Waypoints: [[1.0, 1.0, 1.0], [10.98841998167141, 13.67984788740044, 4.669955467169109], [19.150517884687012, 16.221567393022806, 9.065163787729501], [29.0, 29.0, 14.0]]
Velocity: [[0.0, 0.0, 0.0], [9.98841998167141, 12.67984788740044, 3.6699554671691086], [8.162097903015603, 2.541719505622366, 4.395208320560393], [9.849482115312988, 12.778432606977194, 4.934836212270499]]
Attitude: [[0.0, 0.0, 0.0], [0.9230317793050691, 0.698207449561829, 1.3472349331065676], [0.5564742777638355, 1.3031926285117834, 1.0959024364411802], [0.9474095871230266, 0.7114898316461911, 1.2739640805957166]]
Save Location: maps/map1739/test.txt
