Path: 2252
Path Score: 4.195279221302963
Waypoints: [[1.0, 1.0, 1.0], [5.7591996310330025, 10.496060591014656, 1.1961851557501069], [18.72403228769046, 27.04667286152992, 8.275372330418275], [29.0, 29.0, 14.0]]
Velocity: [[0.0, 0.0, 0.0], [4.7591996310330025, 9.496060591014656, 0.19618515575010687], [12.964832656657457, 16.550612270515266, 7.079187174668168], [10.27596771230954, 1.9533271384700797, 5.724627669581725]]
Attitude: [[0.0, 0.0, 0.0], [1.1062936554501903, 0.46492826404694765, 1.5523285842779897], [0.9466240358969518, 0.7286638066186807, 1.246001846252806], [0.5320146181463187, 1.4062402530460234, 1.0700368475848865]]
Save Location: maps/map1605/test.txt
