Path: 2350
Path Score: 4.2969822265413296
Waypoints: [[1.0, 1.0, 1.0], [2.7823021602657514, 3.2626923788090734, 6.811174955232296], [6.803540171460348, 14.986108967467457, 7.016293265321109], [29.0, 29.0, 14.0]]
Velocity: [[0.0, 0.0, 0.0], [1.7823021602657514, 2.2626923788090734, 5.811174955232296], [4.021238011194597, 11.723416588658385, 0.20511831008881298], [22.196459828539652, 14.013891032532543, 6.983706734678891]]
Attitude: [[0.0, 0.0, 0.0], [1.2924157480158258, 1.2144350237412072, 0.46016632051788314], [1.2404100129709825, 0.33083222609596924, 1.554247901941715], [0.6143483038191632, 1.0287232958415906, 1.3107752198016678]]
Save Location: maps/map892/test.txt
