Path: 835
Path Score: 4.216243501893473
Waypoints: [[1.0, 1.0, 1.0], [4.844954787942095, 14.493280729732227, 5.905721797057641], [12.704603846584774, 19.922199713463662, 8.33279809450805], [29.0, 29.0, 14.0]]
Velocity: [[0.0, 0.0, 0.0], [3.844954787942095, 13.493280729732227, 4.905721797057641], [7.859649058642679, 5.428918983731435, 2.4270762974504088], [16.295396153415226, 9.077800286536338, 5.66720190549195]]
Attitude: [[0.0, 0.0, 0.0], [1.3091332202726853, 0.43273101466224884, 1.2344339666278068], [0.647723204606153, 0.9874359386227103, 1.321979678918747], [0.5810873343497762, 1.0864359774071253, 1.2758411019683804]]
Save Location: maps/map1428/test.txt
