Path: 506
Path Score: 4.304415935879579
Waypoints: [[1.0, 1.0, 1.0], [11.29885047226655, 13.922680563011099, 6.0742347128672325], [13.095324436113561, 15.033365545267669, 6.706312039110363], [29.0, 29.0, 14.0]]
Velocity: [[0.0, 0.0, 0.0], [10.29885047226655, 12.922680563011099, 5.0742347128672325], [1.7964739638470117, 1.1106849822565703, 0.632077326243131], [15.904675563886439, 13.966634454732331, 7.293687960889637]]
Attitude: [[0.0, 0.0, 0.0], [0.932550665210745, 0.7263919285052141, 1.2728643435485965], [0.6183113794616301, 1.0428121880858032, 1.2800132841604963], [0.7807156099511975, 0.8971446612687055, 1.2389541045829986]]
Save Location: maps/map832/test.txt
