Path: 458
Path Score: 4.319659195050553
Waypoints: [[1.0, 1.0, 1.0], [11.29885047226655, 13.922680563011099, 6.0742347128672325], [16.0492409098564, 24.532128528212887, 5.259776536804952], [29.0, 29.0, 14.0]]
Velocity: [[0.0, 0.0, 0.0], [10.29885047226655, 12.922680563011099, 5.0742347128672325], [4.750390437589852, 10.609447965201788, -0.8144581760622804], [12.950759090143599, 4.467871471787113, 8.740223463195047]]
Attitude: [[0.0, 0.0, 0.0], [0.932550665210745, 0.7263919285052141, 1.2728643435485965], [1.1509089994295352, 0.42641094598593343, 1.6407465686876255], [0.6485671725677874, 1.2922699173049879, 1.0029155967308279]]
Save Location: maps/map738/test.txt
