Path: 298
Path Score: 4.163961168917833
Waypoints: [[1.0, 1.0, 1.0], [11.62421921707525, 9.637940007438962, 4.108292062461251], [26.76543196640594, 17.456646557356017, 7.05435308823407], [29.0, 29.0, 14.0]]
Velocity: [[0.0, 0.0, 0.0], [10.62421921707525, 8.637940007438962, 3.108292062461251], [15.141212749330691, 7.818706549917055, 2.946061025772819], [2.2345680335940585, 11.543353442643983, 6.94564691176593]]
Attitude: [[0.0, 0.0, 0.0], [0.7126112608988734, 0.9081638967287853, 1.3475745118170808], [0.5042445375402562, 1.1016598358676066, 1.3996055879898828], [1.4064235659655742, 0.5636700246717852, 1.0372176653267735]]
Save Location: maps/map1854/test.txt
