Path: 716
Path Score: 4.180475983309904
Waypoints: [[1.0, 1.0, 1.0], [7.279071891786115, 11.99037003440958, 7.619831722996372], [21.78645601699983, 26.938246068819566, 10.468055210066508], [29.0, 29.0, 14.0]]
Velocity: [[0.0, 0.0, 0.0], [6.279071891786115, 10.99037003440958, 6.619831722996372], [14.507384125213713, 14.947876034409987, 2.848223487070136], [7.2135439830001715, 2.0617539311804336, 3.531944789933492]]
Attitude: [[0.0, 0.0, 0.0], [1.115662030937802, 0.6928797362779866, 1.088924427386206], [0.809260657586103, 0.7798977634506133, 1.4349046816302156], [0.5157591343381982, 1.3195229300441227, 1.1308007241554319]]
Save Location: maps/map1720/test.txt
