Path: 1338
Path Score: 4.507780501000771
Waypoints: [[1.0, 1.0, 1.0], [3.4670120800623283, 8.98615020457587, 12.766320645476934], [14.31024281394206, 14.397341180730484, 10.344580509492056], [29.0, 29.0, 14.0]]
Velocity: [[0.0, 0.0, 0.0], [2.4670120800623283, 7.986150204575869, 11.766320645476934], [10.84323073387973, 5.411190976154614, -2.4217401359848783], [14.68975718605794, 14.602658819269516, 3.655419490507944]]
Attitude: [[0.0, 0.0, 0.0], [1.399024108228292, 0.9844440153430374, 0.6176559127637982], [0.5003342213427033, 1.1175708817908265, 1.7680372941178615], [0.7976180124622528, 0.8033878261380559, 1.3961151528842315]]
Save Location: maps/map106/test.txt
