Path: 1560
Path Score: 4.0109908941594
Waypoints: [[1.0, 1.0, 1.0], [5.1328300726842055, 6.167067988359742, 4.338023583503114], [18.987168424161545, 21.350324413129044, 10.434584031210562], [29.0, 29.0, 14.0]]
Velocity: [[0.0, 0.0, 0.0], [4.1328300726842055, 5.167067988359742, 3.338023583503114], [13.85433835147734, 15.183256424769302, 6.096560447707448], [10.012831575838455, 7.649675586870956, 3.565415968789438]]
Attitude: [[0.0, 0.0, 0.0], [0.9792202736645594, 0.799275207152919, 1.1035589735254734], [0.8681841955811355, 0.7838528983628236, 1.2824530715151046], [0.7003550436294252, 0.9469578898565721, 1.2950479413160163]]
Save Location: maps/map2490/test.txt
