Path: 1973
Path Score: 4.368239322856949
Waypoints: [[1.0, 1.0, 1.0], [7.908661902969909, 13.249370598681029, 5.122888052721978], [10.367468260299423, 27.216463727164182, 9.296135061442213], [29.0, 29.0, 14.0]]
Velocity: [[0.0, 0.0, 0.0], [6.908661902969909, 12.249370598681029, 4.122888052721978], [2.4588063573295145, 13.967093128483153, 4.173247008720235], [18.632531739700575, 1.7835362728358177, 4.703864938557787]]
Attitude: [[0.0, 0.0, 0.0], [1.0799032623057099, 0.5811391675180452, 1.2856207472042467], [1.4036947797788353, 0.3338174934405398, 1.2846080225385141], [0.26370469337935265, 1.4782516615946064, 1.3245891179026303]]
Save Location: maps/map475/test.txt
