Path: 689
Path Score: 4.2736775498901
Waypoints: [[1.0, 1.0, 1.0], [7.279071891786115, 11.99037003440958, 7.619831722996372], [19.70415101856637, 13.671074305937509, 12.81372080915123], [29.0, 29.0, 14.0]]
Velocity: [[0.0, 0.0, 0.0], [6.279071891786115, 10.99037003440958, 6.619831722996372], [12.425079126780256, 1.6807042715279294, 5.193889086154858], [9.295848981433629, 15.328925694062491, 1.1862791908487704]]
Attitude: [[0.0, 0.0, 0.0], [1.115662030937802, 0.6928797362779866, 1.088924427386206], [0.4139684916965375, 1.446636259011232, 1.1780712573429482], [1.0269884977688475, 0.548718444626354, 1.5047210663746937]]
Save Location: maps/map1031/test.txt
