Path: 2128
Path Score: 4.170816076063442
Waypoints: [[1.0, 1.0, 1.0], [7.976694836660609, 10.929766397758005, 9.409001445334173], [19.778926106740936, 25.028774492325528, 13.753258473645548], [29.0, 29.0, 14.0]]
Velocity: [[0.0, 0.0, 0.0], [6.976694836660609, 9.929766397758005, 8.409001445334173], [11.802231270080327, 14.099008094567523, 4.344257028311375], [9.221073893259064, 3.971225507674472, 0.24674152635445168]]
Attitude: [[0.0, 0.0, 0.0], [1.0786293818483852, 0.8331465441750755, 0.9648405508336908], [0.8960663806380831, 0.7283799881387858, 1.338780863084592], [0.40736238913210576, 1.1642642704118822, 1.54622508670751]]
Save Location: maps/map1798/test.txt
