Path: 888
Path Score: 4.229981457400902
Waypoints: [[1.0, 1.0, 1.0], [13.622214221490246, 10.560085107867, 6.307093757900562], [18.72403228769046, 27.04667286152992, 8.275372330418275], [29.0, 29.0, 14.0]]
Velocity: [[0.0, 0.0, 0.0], [12.622214221490246, 9.560085107867, 5.307093757900562], [5.101818066200213, 16.48658775366292, 1.968278572517713], [10.27596771230954, 1.9533271384700797, 5.724627669581725]]
Attitude: [[0.0, 0.0, 0.0], [0.7138698155414545, 0.9612815674177257, 1.2473929819737224], [1.2726826812436194, 0.3202651933100257, 1.4572363297287965], [0.5320146181463187, 1.4062402530460234, 1.0700368475848865]]
Save Location: maps/map1337/test.txt
