Path: 2490
Path Score: 4.280571549621393
Waypoints: [[1.0, 1.0, 1.0], [12.386106231445222, 1.1077460717588705, 7.4490524792482224], [20.852071857601725, 15.195208825034904, 7.612944235060696], [29.0, 29.0, 14.0]]
Velocity: [[0.0, 0.0, 0.0], [11.386106231445222, 0.10774607175887052, 6.4490524792482224], [8.465965626156503, 14.087462753276032, 0.1638917558124735], [8.147928142398275, 13.804791174965096, 6.387055764939304]]
Attitude: [[0.0, 0.0, 0.0], [0.5154044449224107, 1.562562589250552, 1.0554709245652716], [1.0297029958750015, 0.5412059260377284, 1.5608249078576357], [1.0790221355094318, 0.643470475899189, 1.1916321938329075]]
Save Location: maps/map987/test.txt
