Path: 777
Path Score: 4.388755428497665
Waypoints: [[1.0, 1.0, 1.0], [4.844954787942095, 14.493280729732227, 5.905721797057641], [9.819009657944365, 26.458488254841598, 6.998443824486842], [29.0, 29.0, 14.0]]
Velocity: [[0.0, 0.0, 0.0], [3.844954787942095, 13.493280729732227, 4.905721797057641], [4.97405487000227, 11.96520752510937, 1.0927220274292013], [19.180990342055637, 2.5415117451584024, 7.001556175513158]]
Attitude: [[0.0, 0.0, 0.0], [1.3091332202726853, 0.43273101466224884, 1.2344339666278068], [1.1782905772360688, 0.40239822113348916, 1.4866667984932924], [0.37040607604266484, 1.4469647015513123, 1.2235924194666596]]
Save Location: maps/map400/test.txt
