Path: 2201
Path Score: 4.1135058672619484
Waypoints: [[1.0, 1.0, 1.0], [5.839689469355285, 6.231079992564079, 1.4400139470819306], [21.78645601699983, 26.938246068819566, 10.468055210066508], [29.0, 29.0, 14.0]]
Velocity: [[0.0, 0.0, 0.0], [4.839689469355285, 5.231079992564079, 0.44001394708193065], [15.946766547644543, 20.707166076255486, 9.028041262984576], [7.2135439830001715, 2.0617539311804336, 3.531944789933492]]
Attitude: [[0.0, 0.0, 0.0], [0.8259996858182699, 0.748605830934555, 1.5091311358387776], [0.9560999371220552, 0.7244423833266588, 1.2382015754993234], [0.5157591343381982, 1.3195229300441227, 1.1308007241554319]]
Save Location: maps/map2177/test.txt
