Path: 1464
Path Score: 4.413481384442342
Waypoints: [[1.0, 1.0, 1.0], [1.5831056317866898, 11.289807463775418, 6.886569014408189], [6.938039822185598, 21.090386253324894, 12.519590149875834], [29.0, 29.0, 14.0]]
Velocity: [[0.0, 0.0, 0.0], [0.5831056317866898, 10.289807463775418, 5.886569014408189], [5.354934190398907, 9.800578789549476, 5.6330211354676445], [22.061960177814402, 7.909613746675106, 1.4804098501241665]]
Attitude: [[0.0, 0.0, 0.0], [1.5216478577442305, 0.5217422173051365, 1.0518517055369716], [1.1283954436490755, 0.6704760056718371, 1.1036472784942328], [0.3497487223204723, 1.2272661765835426, 1.5077145816114603]]
Save Location: maps/map317/test.txt
