Path: 1604
Path Score: 4.129923679773942
Waypoints: [[1.0, 1.0, 1.0], [10.36013664890983, 5.847929453477029, 2.4421408215587084], [15.44249175683154, 18.284183195920107, 9.161844399110448], [29.0, 29.0, 14.0]]
Velocity: [[0.0, 0.0, 0.0], [9.36013664890983, 4.847929453477029, 1.4421408215587084], [5.08235510792171, 12.436253742443078, 6.71970357755174], [13.55750824316846, 10.715816804079893, 4.838155600889552]]
Attitude: [[0.0, 0.0, 0.0], [0.49541529610661705, 1.0976792558885609, 1.4348290922750935], [1.2256451408920692, 0.5954476734272274, 1.1070081090711625], [0.714409075190648, 0.9308782745117469, 1.2978165450117953]]
Save Location: maps/map2080/test.txt
