Path: 1666
Path Score: 4.3664560514447945
Waypoints: [[1.0, 1.0, 1.0], [1.4862613186235762, 5.302297197202417, 9.54279168299124], [14.43692874246404, 21.36894668574859, 11.322509376936443], [29.0, 29.0, 14.0]]
Velocity: [[0.0, 0.0, 0.0], [0.48626131862357624, 4.302297197202417, 8.54279168299124], [12.950667423840464, 16.066649488546172, 1.7797176939452033], [14.56307125753596, 7.63105331425141, 2.677490623063557]]
Attitude: [[0.0, 0.0, 0.0], [1.520002440634727, 1.1049085373684124, 0.46909167611999897], [0.8953492002269824, 0.6829996229893713, 1.4847671129186655], [0.5069175043207065, 1.0949344880442036, 1.4093618733327953]]
Save Location: maps/map487/test.txt
