Path: 2069
Path Score: 4.263663074242947
Waypoints: [[1.0, 1.0, 1.0], [2.1051801977178286, 12.705542697858661, 1.33533427386211], [10.81745541664519, 17.765990078921153, 6.9670533080542265], [29.0, 29.0, 14.0]]
Velocity: [[0.0, 0.0, 0.0], [1.1051801977178286, 11.705542697858661, 0.3353342738621099], [8.712275218927362, 5.060447381062492, 5.631719034192116], [18.18254458335481, 11.234009921078847, 7.0329466919457735]]
Attitude: [[0.0, 0.0, 0.0], [1.4766986395106851, 0.09834724994807642, 1.5422834159518], [0.7154425642765121, 1.1169556976857096, 1.0610982674715266], [0.6298821484480811, 1.0480294904711909, 1.2528998172006138]]
Save Location: maps/map1101/test.txt
