Path: 2374
Path Score: 4.181964240988632
Waypoints: [[1.0, 1.0, 1.0], [2.7823021602657514, 3.2626923788090734, 6.811174955232296], [13.095324436113561, 15.033365545267669, 6.706312039110363], [29.0, 29.0, 14.0]]
Velocity: [[0.0, 0.0, 0.0], [1.7823021602657514, 2.2626923788090734, 5.811174955232296], [10.31302227584781, 11.770673166458597, -0.10486291612193277], [15.904675563886439, 13.966634454732331, 7.293687960889637]]
Attitude: [[0.0, 0.0, 0.0], [1.2924157480158258, 1.2144350237412072, 0.46016632051788314], [0.8513279754406301, 0.7195136418179875, 1.5774969419680485], [0.7807156099511975, 0.8971446612687055, 1.2389541045829986]]
Save Location: maps/map1709/test.txt
