Path: 2074
Path Score: 4.295478274357247
Waypoints: [[1.0, 1.0, 1.0], [2.1051801977178286, 12.705542697858661, 1.33533427386211], [14.43692874246404, 21.36894668574859, 11.322509376936443], [29.0, 29.0, 14.0]]
Velocity: [[0.0, 0.0, 0.0], [1.1051801977178286, 11.705542697858661, 0.3353342738621099], [12.331748544746212, 8.663403987889929, 9.987175103074334], [14.56307125753596, 7.63105331425141, 2.677490623063557]]
Attitude: [[0.0, 0.0, 0.0], [1.4766986395106851, 0.09834724994807642, 1.5422834159518], [0.8201895860944995, 1.0710733534709342, 0.9855537044182128], [0.5069175043207065, 1.0949344880442036, 1.4093618733327953]]
Save Location: maps/map901/test.txt
