Path: 632
Path Score: 4.35756843812811
Waypoints: [[1.0, 1.0, 1.0], [12.65259495451803, 15.504691539838976, 1.3902173466937446], [26.76543196640594, 17.456646557356017, 7.05435308823407], [29.0, 29.0, 14.0]]
Velocity: [[0.0, 0.0, 0.0], [11.65259495451803, 14.504691539838976, 0.39021734669374464], [14.112837011887912, 1.9519550175170401, 5.664135741540325], [2.2345680335940585, 11.543353442643983, 6.94564691176593]]
Attitude: [[0.0, 0.0, 0.0], [0.8941821376993422, 0.6770644370273821, 1.5498263094141658], [0.40145552247841554, 1.4431358857456313, 1.1923936725408422], [1.4064235659655742, 0.5636700246717852, 1.0372176653267735]]
Save Location: maps/map537/test.txt
