Path: 1793
Path Score: 4.34109316572728
Waypoints: [[1.0, 1.0, 1.0], [5.8300877579373775, 12.986927175779844, 2.2883830638241456], [8.962504318780672, 19.70715034496878, 6.76140850408924], [29.0, 29.0, 14.0]]
Velocity: [[0.0, 0.0, 0.0], [4.8300877579373775, 11.986927175779844, 1.2883830638241456], [3.1324165608432946, 6.720223169188937, 4.473025440265094], [20.037495681219326, 9.292849655031219, 7.23859149591076]]
Attitude: [[0.0, 0.0, 0.0], [1.1897394258126446, 0.3951048953544142, 1.471431398260883], [1.200657142990385, 0.6823691622087934, 1.027962429274536], [0.5314510518725527, 1.159491135048408, 1.2541033357169327]]
Save Location: maps/map623/test.txt
