Path: 1765
Path Score: 4.130226369180872
Waypoints: [[1.0, 1.0, 1.0], [10.805725952785512, 11.283487147150078, 0.7484718343695662], [24.631670230844907, 23.32534168126198, 7.202000853365213], [29.0, 29.0, 14.0]]
Velocity: [[0.0, 0.0, 0.0], [9.805725952785512, 10.283487147150078, -0.2515281656304338], [13.825944278059396, 12.0418545341119, 6.453529018995647], [4.368329769155093, 5.674658318738022, 6.797999146634787]]
Attitude: [[0.0, 0.0, 0.0], [0.8093250089126587, 0.7617849255869302, 1.5884962164824006], [0.779439438068567, 0.9026639291821804, 1.2323555569929014], [1.112517585562311, 0.9585535715963122, 0.8114172061667323]]
Save Location: maps/map2076/test.txt
