Path: 527
Path Score: 4.105089016696062
Waypoints: [[1.0, 1.0, 1.0], [9.981785049321614, 2.094242845092411, 3.906087432644374], [22.16101751903432, 21.88131243389526, 7.844034735289933], [29.0, 29.0, 14.0]]
Velocity: [[0.0, 0.0, 0.0], [8.981785049321614, 1.094242845092411, 2.906087432644374], [12.179232469712707, 19.78706958880285, 3.9379473026455587], [6.838982480965679, 7.1186875661047395, 6.155965264710067]]
Attitude: [[0.0, 0.0, 0.0], [0.33286566125405836, 1.4553984883962245, 1.2600245384619229], [1.027678433295639, 0.574185350438297, 1.4029077624349844], [0.9423867443913255, 0.9123337917118957, 1.0131992799999519]]
Save Location: maps/map2224/test.txt
