Path: 1395
Path Score: 4.20309285173084
Waypoints: [[1.0, 1.0, 1.0], [2.1166871798879825, 7.959406805005861, 2.641112218552253], [14.31024281394206, 14.397341180730484, 10.344580509492056], [29.0, 29.0, 14.0]]
Velocity: [[0.0, 0.0, 0.0], [1.1166871798879825, 6.959406805005861, 1.6411122185522529], [12.193555634054077, 6.437934375724623, 7.703468290939803], [14.68975718605794, 14.602658819269516, 3.655419490507944]]
Attitude: [[0.0, 0.0, 0.0], [1.4158739947349994, 0.27784815422419984, 1.3420381855188857], [0.6888115729461557, 1.1509716319778864, 1.0613153234697654], [0.7976180124622528, 0.8033878261380559, 1.3961151528842315]]
Save Location: maps/map1536/test.txt
