Path: 1700
Path Score: 4.398186156798976
Waypoints: [[1.0, 1.0, 1.0], [1.4862613186235762, 5.302297197202417, 9.54279168299124], [17.142077840697404, 12.866671640253438, 8.671369517017055], [29.0, 29.0, 14.0]]
Velocity: [[0.0, 0.0, 0.0], [0.48626131862357624, 4.302297197202417, 8.54279168299124], [15.655816522073827, 7.564374443051021, -0.8714221659741845], [11.857922159302596, 16.133328359746564, 5.328630482982945]]
Attitude: [[0.0, 0.0, 0.0], [1.520002440634727, 1.1049085373684124, 0.46909167611999897], [0.45267827135454836, 1.121311124579696, 1.6208722325357678], [0.9614723836846367, 0.6782653453057865, 1.3106912242211473]]
Save Location: maps/map366/test.txt
