Path: 1727
Path Score: 4.280195663131969
Waypoints: [[1.0, 1.0, 1.0], [10.805725952785512, 11.283487147150078, 0.7484718343695662], [14.201298455250685, 22.98387750158817, 5.257885864403107], [29.0, 29.0, 14.0]]
Velocity: [[0.0, 0.0, 0.0], [9.805725952785512, 10.283487147150078, -0.2515281656304338], [3.395572502465173, 11.700390354438094, 4.5094140300335415], [14.798701544749315, 6.0161224984118284, 8.742114135596893]]
Attitude: [[0.0, 0.0, 0.0], [0.8093250089126587, 0.7617849255869302, 1.5884962164824006], [1.306344119976575, 0.4495114946808309, 1.2162972880530116], [0.622111751572226, 1.2341041498642775, 1.070072352441417]]
Save Location: maps/map990/test.txt
