Path: 2435
Path Score: 4.188256056458049
Waypoints: [[1.0, 1.0, 1.0], [12.422424952449036, 7.364456284222653, 4.120550879483655], [25.79209058027837, 11.910847199982666, 9.017382596249654], [29.0, 29.0, 14.0]]
Velocity: [[0.0, 0.0, 0.0], [11.422424952449036, 6.364456284222653, 3.1205508794836554], [13.369665627829333, 4.546390915760012, 4.896831716765998], [3.2079094197216307, 17.089152800017334, 4.982617403750346]]
Attitude: [[0.0, 0.0, 0.0], [0.5554007765856399, 1.0776065097557235, 1.3365284239372268], [0.4634758809071045, 1.2617203857927906, 1.2370076889378379], [1.3924977157249556, 0.3337927357398629, 1.2917140564701521]]
Save Location: maps/map1659/test.txt
