Path: 2041
Path Score: 4.162374771856987
Waypoints: [[1.0, 1.0, 1.0], [1.6574939373145603, 7.640942564656317, 6.853106441814953], [14.31024281394206, 14.397341180730484, 10.344580509492056], [29.0, 29.0, 14.0]]
Velocity: [[0.0, 0.0, 0.0], [0.6574939373145603, 6.640942564656317, 5.853106441814953], [12.652748876627498, 6.756398616074167, 3.491474067677103], [14.68975718605794, 14.602658819269516, 3.655419490507944]]
Attitude: [[0.0, 0.0, 0.0], [1.4966576018134188, 0.7255359120981532, 0.8507902510389312], [0.5412075442585356, 1.0954199710335082, 1.3320242744269735], [0.7976180124622528, 0.8033878261380559, 1.3961151528842315]]
Save Location: maps/map1870/test.txt
