Path: 1809
Path Score: 4.229456621141937
Waypoints: [[1.0, 1.0, 1.0], [5.8300877579373775, 12.986927175779844, 2.2883830638241456], [12.16882105369413, 22.5703746743433, 7.023400396976081], [29.0, 29.0, 14.0]]
Velocity: [[0.0, 0.0, 0.0], [4.8300877579373775, 11.986927175779844, 1.2883830638241456], [6.338733295756752, 9.583447498563455, 4.735017333151935], [16.83117894630587, 6.429625325656701, 6.976599603023919]]
Attitude: [[0.0, 0.0, 0.0], [1.1897394258126446, 0.3951048953544142, 1.471431398260883], [1.035544582578751, 0.6901518261877362, 1.1799060411064177], [0.5132908177846113, 1.2315474594293268, 1.2013612558293933]]
Save Location: maps/map1345/test.txt
