Path: 1152
Path Score: 4.206691139508078
Waypoints: [[1.0, 1.0, 1.0], [7.244355243304841, 4.686769508950413, 5.732290508395203], [10.752760318917543, 18.75992942067851, 14.80087523764835], [29.0, 29.0, 14.0]]
Velocity: [[0.0, 0.0, 0.0], [6.244355243304841, 3.6867695089504133, 4.732290508395203], [3.5084050756127025, 14.073159911728098, 9.068584729253146], [18.247239681082455, 10.24007057932149, -0.8008752376483503]]
Attitude: [[0.0, 0.0, 0.0], [0.7653529368027897, 1.1309818444795048, 0.9925991767107255], [1.3642278183125403, 0.6046136164638983, 1.0120157977447313], [0.5126920098124623, 1.0598172007710935, 1.6090527819834075]]
Save Location: maps/map1494/test.txt
