Path: 1078
Path Score: 4.131453231581403
Waypoints: [[1.0, 1.0, 1.0], [5.124139793286082, 11.529276214212281, 3.1169525438428494], [13.095324436113561, 15.033365545267669, 6.706312039110363], [29.0, 29.0, 14.0]]
Velocity: [[0.0, 0.0, 0.0], [4.124139793286082, 10.529276214212281, 2.1169525438428494], [7.971184642827479, 3.504089331055388, 3.589359495267514], [15.904675563886439, 13.966634454732331, 7.293687960889637]]
Attitude: [[0.0, 0.0, 0.0], [1.2041596665548568, 0.4147337109116922, 1.3857324418142094], [0.5616784362246973, 1.1895729702903415, 1.1797996379658808], [0.7807156099511975, 0.8971446612687055, 1.2389541045829986]]
Save Location: maps/map2066/test.txt
