# Note +ve X is north
# Note +ve Y is West
# x, y, height
# waypoints
G: (11.0,-17.0,15)
G: (13.985630623353114,-16.61734792602074,15)
G: (17.31545174686911,-17.705815182845274,15)
G: (19.58959138186457,-19.694252301341002,15)
G: (23.518050983451474,-20.149341954938663,15)
G: (26.95364978056222,-19.288206394048643,15)
G: (29.0,-17.0,15)


# wall segments
# x1, y1, x2, y2, z
W: (40.0,-14.6,32.0,-20.6,3)
W: (32.0,-20.6,14.0,-18.6,3)
W: (14.0,-18.6,2.0,-14.6,3)
W: (2.0,-14.6,0.0,-14.6,3)
W: (0.0,-7.399999999999999,16.0,-9.399999999999999,3)
W: (16.0,-9.399999999999999,24.0,-13.4,3)
W: (24.0,-13.4,40.0,-7.399999999999999,3)


# environment settings
R: (0)
D: (1)
