Path: 1734
Path Score: 4.139432092067662
Waypoints: [[1.0, 1.0, 1.0], [10.805725952785512, 11.283487147150078, 0.7484718343695662], [22.48463544099993, 22.910796544751268, 5.995441400636155], [29.0, 29.0, 14.0]]
Velocity: [[0.0, 0.0, 0.0], [9.805725952785512, 10.283487147150078, -0.2515281656304338], [11.678909488214419, 11.62730939760119, 5.246969566266589], [6.515364559000069, 6.089203455248732, 8.004558599363845]]
Attitude: [[0.0, 0.0, 0.0], [0.8093250089126587, 0.7617849255869302, 1.5884962164824006], [0.8294641390873552, 0.8335017319906124, 1.2625603458085024], [0.9959567092637175, 1.0377754035517597, 0.8393162236524304]]
Save Location: maps/map2004/test.txt
