Path: 1514
Path Score: 4.604558977408667
Waypoints: [[1.0, 1.0, 1.0], [0.8300875511549277, 1.6500330013832676, 11.560854587793756], [8.326355677599059, 21.007879601570398, 11.349606769497015], [29.0, 29.0, 14.0]]
Velocity: [[0.0, 0.0, 0.0], [-0.16991244884507228, 0.6500330013832676, 10.560854587793756], [7.496268126444131, 19.35784660018713, -0.21124781829674077], [20.67364432240094, 7.992120398429602, 2.650393230502985]]
Attitude: [[0.0, 0.0, 0.0], [1.5868534482018404, 1.5093306408644638, 0.06353355267918272], [1.2013520719931516, 0.36959798287588846, 1.5809723663008344], [0.3867733775955384, 1.2046409482682174, 1.4517841548325077]]
Save Location: maps/map20/test.txt
