Path: 1887
Path Score: 4.018209694637701
Waypoints: [[1.0, 1.0, 1.0], [8.469661386104097, 5.59096684474812, 2.5279558793890997], [22.16101751903432, 21.88131243389526, 7.844034735289933], [29.0, 29.0, 14.0]]
Velocity: [[0.0, 0.0, 0.0], [7.469661386104097, 4.59096684474812, 1.5279558793890997], [13.691356132930224, 16.29034558914714, 5.316078855900833], [6.838982480965679, 7.1186875661047395, 6.155965264710067]]
Attitude: [[0.0, 0.0, 0.0], [0.5747996990566772, 1.0288000156137393, 1.3982583619310816], [0.8966710543971619, 0.7336925273322348, 1.3259885499519442], [0.9423867443913255, 0.9123337917118957, 1.0131992799999519]]
Save Location: maps/map2483/test.txt
