# waypoints
G: (11.0,-17.0,15)
G: (14.218604861985924,-16.316409551691166,15)
G: (16.831685535725953,-13.846183890552558,15)
G: (20.411679325325654,-13.071433143062249,15)
G: (23.86303675305727,-13.213884125328322,15)
G: (26.818696425822356,-14.269285302630431,15)
G: (29.0,-17.0,15)


# wall segments
W: (30.0,-18.8,26.2,-17.0,3)
W: (26.2,-17.0,24.0,-14.8,3)
W: (24.0,-14.8,16.0,-16.8,3)
W: (16.0,-16.8,10.0,-18.8,3)
W: (10.0,-15.2,17.2,-12.0,3)
W: (17.2,-12.0,26.8,-12.0,3)
W: (26.8,-12.0,30.0,-15.2,3)


# environment settings
R: (0)
D: (1)
