Path: 337
Path Score: 4.1194732052799665
Waypoints: [[1.0, 1.0, 1.0], [11.62421921707525, 9.637940007438962, 4.108292062461251], [18.441097262136424, 17.537267266708554, 6.281086639361177], [29.0, 29.0, 14.0]]
Velocity: [[0.0, 0.0, 0.0], [10.62421921707525, 8.637940007438962, 3.108292062461251], [6.8168780450611735, 7.899327259269592, 2.1727945768999257], [10.558902737863576, 11.462732733291446, 7.718913360638823]]
Attitude: [[0.0, 0.0, 0.0], [0.7126112608988734, 0.9081638967287853, 1.3475745118170808], [0.8768059347619569, 0.735980280146809, 1.36548946974869], [0.9183550643402842, 0.8511782172620342, 1.1109269665548651]]
Save Location: maps/map2138/test.txt
