Path: 29
Path Score: 4.112657856701827
Waypoints: [[1.0, 1.0, 1.0], [8.883832853990807, 7.619820070167713, 5.821889119101872], [19.778926106740936, 25.028774492325528, 13.753258473645548], [29.0, 29.0, 14.0]]
Velocity: [[0.0, 0.0, 0.0], [7.883832853990807, 6.619820070167713, 4.821889119101872], [10.89509325275013, 17.408954422157816, 7.931369354543676], [9.221073893259064, 3.971225507674472, 0.24674152635445168]]
Attitude: [[0.0, 0.0, 0.0], [0.8044304960935175, 0.9492050844908356, 1.1327513067607105], [1.0530958128323233, 0.6587472498486847, 1.2022462060234214], [0.40736238913210576, 1.1642642704118822, 1.54622508670751]]
Save Location: maps/map2182/test.txt
