Path: 550
Path Score: 4.098229928580213
Waypoints: [[1.0, 1.0, 1.0], [9.981785049321614, 2.094242845092411, 3.906087432644374], [22.31107341157168, 20.857103800923483, 7.836819148340205], [29.0, 29.0, 14.0]]
Velocity: [[0.0, 0.0, 0.0], [8.981785049321614, 1.094242845092411, 2.906087432644374], [12.329288362250066, 18.762860955831073, 3.9307317156958312], [6.68892658842832, 8.142896199076517, 6.163180851659795]]
Attitude: [[0.0, 0.0, 0.0], [0.33286566125405836, 1.4553984883962245, 1.2600245384619229], [0.9992520078792828, 0.6037784792610122, 1.3974740789663482], [0.9909241630968201, 0.8405978425021317, 1.041586930795209]]
Save Location: maps/map2259/test.txt
