Path: 47
Path Score: 4.066537058731223
Waypoints: [[1.0, 1.0, 1.0], [8.883832853990807, 7.619820070167713, 5.821889119101872], [20.852071857601725, 15.195208825034904, 7.612944235060696], [29.0, 29.0, 14.0]]
Velocity: [[0.0, 0.0, 0.0], [7.883832853990807, 6.619820070167713, 4.821889119101872], [11.968239003610918, 7.57538875486719, 1.791055115958824], [8.147928142398275, 13.804791174965096, 6.387055764939304]]
Attitude: [[0.0, 0.0, 0.0], [0.8044304960935175, 0.9492050844908356, 1.1327513067607105], [0.5766620835686219, 1.0114876464096036, 1.445014666267596], [1.0790221355094318, 0.643470475899189, 1.1916321938329075]]
Save Location: maps/map2377/test.txt
