Path: 991
Path Score: 4.283425115168171
Waypoints: [[1.0, 1.0, 1.0], [7.03200889148945, 11.212381035806049, 2.4091861245466912], [9.662916602314, 22.21326367479614, 9.15459432162151], [29.0, 29.0, 14.0]]
Velocity: [[0.0, 0.0, 0.0], [6.03200889148945, 10.212381035806049, 1.4091861245466912], [2.630907710824551, 11.00088263899009, 6.745408197074818], [19.337083397686, 6.7867363252038615, 4.845405678378491]]
Attitude: [[0.0, 0.0, 0.0], [1.0413956223611207, 0.5452295055399751, 1.4525400011168248], [1.3696737646702917, 0.5820887853628913, 1.033062964582084], [0.40714433808387096, 1.242659214067075, 1.3386234911715096]]
Save Location: maps/map971/test.txt
