Path: 1248
Path Score: 4.3028767179635246
Waypoints: [[1.0, 1.0, 1.0], [11.681123338592288, 14.089788280863255, 4.111381059339743], [16.702169176436314, 28.43696480624766, 9.763844081040961], [29.0, 29.0, 14.0]]
Velocity: [[0.0, 0.0, 0.0], [10.681123338592288, 13.089788280863255, 3.1113810593397426], [5.021045837844026, 14.347176525384404, 5.652463021701219], [12.297830823563686, 0.5630351937523415, 4.236155918959039]]
Attitude: [[0.0, 0.0, 0.0], [0.8998039769895753, 0.7044384319041941, 1.3886732407031834], [1.2560141560669493, 0.4849886516514206, 1.2147790798779994], [0.3344395960989817, 1.5275361923898203, 1.2393843932691453]]
Save Location: maps/map847/test.txt
