Path: 165
Path Score: 4.426372298247122
Waypoints: [[1.0, 1.0, 1.0], [0.8689948832512862, 4.64282219210965, 7.776103442790986], [6.803540171460348, 14.986108967467457, 7.016293265321109], [29.0, 29.0, 14.0]]
Velocity: [[0.0, 0.0, 0.0], [-0.13100511674871385, 3.6428221921096497, 6.776103442790986], [5.934545288209062, 10.343286775357807, -0.7598101774698769], [22.196459828539652, 14.013891032532543, 6.983706734678891]]
Attitude: [[0.0, 0.0, 0.0], [1.5878233126910848, 1.077602275761293, 0.4935415452562085], [1.051056563747519, 0.5244168968103279, 1.634426769749169], [0.6143483038191632, 1.0287232958415906, 1.3107752198016678]]
Save Location: maps/map280/test.txt
