Path: 2455
Path Score: 4.1508512682337395
Waypoints: [[1.0, 1.0, 1.0], [12.422424952449036, 7.364456284222653, 4.120550879483655], [17.142077840697404, 12.866671640253438, 8.671369517017055], [29.0, 29.0, 14.0]]
Velocity: [[0.0, 0.0, 0.0], [11.422424952449036, 6.364456284222653, 3.1205508794836554], [4.719652888248367, 5.502215356030785, 4.5508186375334], [11.857922159302596, 16.133328359746564, 5.328630482982945]]
Attitude: [[0.0, 0.0, 0.0], [0.5554007765856399, 1.0776065097557235, 1.3365284239372268], [0.9867373768778894, 0.872590682119158, 1.0102027200614545], [0.9614723836846367, 0.6782653453057865, 1.3106912242211473]]
Save Location: maps/map1939/test.txt
