Path: 1726
Path Score: 4.243584332533142
Waypoints: [[1.0, 1.0, 1.0], [10.805725952785512, 11.283487147150078, 0.7484718343695662], [16.562231948918217, 23.36225528971405, 10.468909590942717], [29.0, 29.0, 14.0]]
Velocity: [[0.0, 0.0, 0.0], [9.805725952785512, 10.283487147150078, -0.2515281656304338], [5.756505996132706, 12.078768142563971, 9.720437756573151], [12.437768051081783, 5.637744710285951, 3.531090409057283]]
Attitude: [[0.0, 0.0, 0.0], [0.8093250089126587, 0.7617849255869302, 1.5884962164824006], [1.2152872263977306, 0.7519711272640198, 0.9425248514882845], [0.4911333101171544, 1.159608420333512, 1.31776151037235]]
Save Location: maps/map1239/test.txt
