Path: 730
Path Score: 4.173430654391009
Waypoints: [[1.0, 1.0, 1.0], [12.697608925444278, 6.8811022717284045, 6.207161753256], [16.060622627406442, 22.284008548073043, 8.655570821620126], [29.0, 29.0, 14.0]]
Velocity: [[0.0, 0.0, 0.0], [11.697608925444278, 5.8811022717284045, 5.207161753256], [3.3630137019621635, 15.402906276344638, 2.4484090683641258], [12.939377372593558, 6.715991451926957, 5.344429178379874]]
Attitude: [[0.0, 0.0, 0.0], [0.5913478455125089, 1.1402281118229445, 1.1922640516212777], [1.358418942682083, 0.2637778683100535, 1.4167279713519623], [0.5856835745155158, 1.123499545747589, 1.2194127759243851]]
Save Location: maps/map1777/test.txt
