Path: 20
Path Score: 4.104500098736145
Waypoints: [[1.0, 1.0, 1.0], [8.883832853990807, 7.619820070167713, 5.821889119101872], [16.562231948918217, 23.36225528971405, 10.468909590942717], [29.0, 29.0, 14.0]]
Velocity: [[0.0, 0.0, 0.0], [7.883832853990807, 6.619820070167713, 4.821889119101872], [7.678399094927411, 15.742435219546337, 4.647020471840845], [12.437768051081783, 5.637744710285951, 3.531090409057283]]
Attitude: [[0.0, 0.0, 0.0], [0.8044304960935175, 0.9492050844908356, 1.1327513067607105], [1.1332421834206174, 0.5181607038127878, 1.3114575510005961], [0.4911333101171544, 1.159608420333512, 1.31776151037235]]
Save Location: maps/map2225/test.txt
