Path: 906
Path Score: 4.130843084761637
Waypoints: [[1.0, 1.0, 1.0], [13.622214221490246, 10.560085107867, 6.307093757900562], [24.539485932888955, 19.73672816277327, 8.00225603479158], [29.0, 29.0, 14.0]]
Velocity: [[0.0, 0.0, 0.0], [12.622214221490246, 9.560085107867, 5.307093757900562], [10.917271711398708, 9.176643054906272, 1.6951622768910184], [4.4605140671110455, 9.263271837226728, 5.99774396520842]]
Attitude: [[0.0, 0.0, 0.0], [0.7138698155414545, 0.9612815674177257, 1.2473929819737224], [0.7072643750684126, 0.877668215550578, 1.4524906559198432], [1.1866756395694507, 0.678936129498745, 1.0426972103159322]]
Save Location: maps/map2073/test.txt
