Path: 2182
Path Score: 4.101841842575304
Waypoints: [[1.0, 1.0, 1.0], [5.839689469355285, 6.231079992564079, 1.4400139470819306], [22.610660907061256, 12.829583706462888, 7.646387831785042], [29.0, 29.0, 14.0]]
Velocity: [[0.0, 0.0, 0.0], [4.839689469355285, 5.231079992564079, 0.44001394708193065], [16.77097143770597, 6.5985037138988085, 6.206373884703112], [6.389339092938744, 16.170416293537112, 6.353612168214958]]
Attitude: [[0.0, 0.0, 0.0], [0.8259996858182699, 0.748605830934555, 1.5091311358387776], [0.4952410902446095, 1.2173034921801227, 1.2391453223161093], [1.2183916059253201, 0.5083781419888332, 1.2204471921007194]]
Save Location: maps/map2241/test.txt
