Path: 933
Path Score: 4.52555340782314
Waypoints: [[1.0, 1.0, 1.0], [7.363766588778974, 0.518530266354752, 10.190548616200227], [7.2422472543241465, 15.760615466297706, 13.658007264698963], [29.0, 29.0, 14.0]]
Velocity: [[0.0, 0.0, 0.0], [6.363766588778974, -0.48146973364524803, 9.190548616200227], [-0.12151933445482754, 15.242085199942954, 3.467458648498736], [21.75775274567585, 13.239384533702294, 0.34199273530103724]]
Attitude: [[0.0, 0.0, 0.0], [0.9658135015594402, 1.6138399388547588, 0.6069604064989591], [1.5785701634565097, 0.2238182648686181, 1.347117719631994], [0.5467872106274848, 1.0242120818809008, 1.5573694452781284]]
Save Location: maps/map75/test.txt
