Path: 2276
Path Score: 4.262112339349389
Waypoints: [[1.0, 1.0, 1.0], [5.7591996310330025, 10.496060591014656, 1.1961851557501069], [24.22349256074267, 28.430817726704724, 6.498472538272287], [29.0, 29.0, 14.0]]
Velocity: [[0.0, 0.0, 0.0], [4.7591996310330025, 9.496060591014656, 0.19618515575010687], [18.464292929709668, 17.93475713569007, 5.30228738252218], [4.77650743925733, 0.5691822732952758, 7.501527461727713]]
Attitude: [[0.0, 0.0, 0.0], [1.1062936554501903, 0.46492826404694765, 1.5523285842779897], [0.791797392073498, 0.819730085913271, 1.367649607567285], [1.005100316943389, 1.506881106585688, 0.5701943732992484]]
Save Location: maps/map1119/test.txt
