Path: 785
Path Score: 4.301094242107611
Waypoints: [[1.0, 1.0, 1.0], [4.844954787942095, 14.493280729732227, 5.905721797057641], [16.596716632096093, 19.215720704642216, 5.13918037419731], [29.0, 29.0, 14.0]]
Velocity: [[0.0, 0.0, 0.0], [3.844954787942095, 13.493280729732227, 4.905721797057641], [11.751761844153998, 4.722439974909989, -0.7665414228603309], [12.403283367903907, 9.784279295357784, 8.86081962580269]]
Attitude: [[0.0, 0.0, 0.0], [1.3091332202726853, 0.43273101466224884, 1.2344339666278068], [0.3866197324773044, 1.189430434356465, 1.6312463896867466], [0.816514821634672, 1.0001521739681158, 1.059633768091095]]
Save Location: maps/map860/test.txt
