Path: 1597
Path Score: 4.037718490510906
Waypoints: [[1.0, 1.0, 1.0], [5.1328300726842055, 6.167067988359742, 4.338023583503114], [14.68158349565293, 13.843237883893032, 6.016948201033536], [29.0, 29.0, 14.0]]
Velocity: [[0.0, 0.0, 0.0], [4.1328300726842055, 5.167067988359742, 3.338023583503114], [9.548753422968725, 7.67616989553329, 1.6789246175304218], [14.31841650434707, 15.156762116106968, 7.983051798966464]]
Attitude: [[0.0, 0.0, 0.0], [0.9792202736645594, 0.799275207152919, 1.1035589735254734], [0.6885468646553637, 0.9011079472385652, 1.4346076896125233], [0.8745806038813252, 0.824576452033356, 1.2051434100274334]]
Save Location: maps/map2449/test.txt
