Path: 2246
Path Score: 4.183544486891832
Waypoints: [[1.0, 1.0, 1.0], [5.7591996310330025, 10.496060591014656, 1.1961851557501069], [11.681123338592288, 14.089788280863255, 4.111381059339743], [29.0, 29.0, 14.0]]
Velocity: [[0.0, 0.0, 0.0], [4.7591996310330025, 9.496060591014656, 0.19618515575010687], [5.921923707559285, 3.593727689848599, 2.9151959035896358], [17.318876661407714, 14.910211719136745, 9.888618940660258]]
Attitude: [[0.0, 0.0, 0.0], [1.1062936554501903, 0.46492826404694765, 1.5523285842779897], [0.6633017601215989, 1.0722187140606332, 1.1724526614486974], [0.8016545124622462, 0.92880948410089, 1.1624165959922155]]
Save Location: maps/map1699/test.txt
