Path: 448
Path Score: 4.224872770079287
Waypoints: [[1.0, 1.0, 1.0], [11.29885047226655, 13.922680563011099, 6.0742347128672325], [17.495244973045097, 26.03561227858441, 12.515738341607829], [29.0, 29.0, 14.0]]
Velocity: [[0.0, 0.0, 0.0], [10.29885047226655, 12.922680563011099, 5.0742347128672325], [6.196394500778547, 12.11293171557331, 6.4415036287405965], [11.504755026954903, 2.9643877214155907, 1.484261658392171]]
Attitude: [[0.0, 0.0, 0.0], [0.932550665210745, 0.7263919285052141, 1.2728643435485965], [1.1465636102809846, 0.6357062391908191, 1.1286238139669744], [0.2805594303655102, 1.3206025270465491, 1.4465080099651364]]
Save Location: maps/map1378/test.txt
