Path: 295
Path Score: 4.223029130223418
Waypoints: [[1.0, 1.0, 1.0], [11.62421921707525, 9.637940007438962, 4.108292062461251], [15.326606466973086, 21.339557800606936, 5.709370475713641], [29.0, 29.0, 14.0]]
Velocity: [[0.0, 0.0, 0.0], [10.62421921707525, 8.637940007438962, 3.108292062461251], [3.7023872498978356, 11.701617793167975, 1.6010784132523899], [13.673393533026914, 7.660442199393064, 8.29062952428636]]
Attitude: [[0.0, 0.0, 0.0], [0.7126112608988734, 0.9081638967287853, 1.3475745118170808], [1.2670199311099841, 0.331960743147883, 1.4410774067182897], [0.690120256163992, 1.1240390241586073, 1.0842390444713212]]
Save Location: maps/map1388/test.txt
