Path: 194
Path Score: 4.436825087116193
Waypoints: [[1.0, 1.0, 1.0], [0.1034748464100077, 6.396090427855569, 9.25430405624771], [10.81745541664519, 17.765990078921153, 6.9670533080542265], [29.0, 29.0, 14.0]]
Velocity: [[0.0, 0.0, 0.0], [-0.8965251535899923, 5.396090427855569, 8.25430405624771], [10.713980570235183, 11.369899651065584, -2.2872507481934834], [18.18254458335481, 11.234009921078847, 7.0329466919457735]]
Attitude: [[0.0, 0.0, 0.0], [1.6614577493511176, 0.9944855483118206, 0.5852456997051783], [0.8249844511554475, 0.7668341534364096, 1.7161705245093393], [0.6298821484480811, 1.0480294904711909, 1.2528998172006138]]
Save Location: maps/map241/test.txt
