Path: 2332
Path Score: 4.172825592487984
Waypoints: [[1.0, 1.0, 1.0], [2.7823021602657514, 3.2626923788090734, 6.811174955232296], [16.72641038031882, 15.264827052821502, 13.846194206338602], [29.0, 29.0, 14.0]]
Velocity: [[0.0, 0.0, 0.0], [1.7823021602657514, 2.2626923788090734, 5.811174955232296], [13.94410822005307, 12.002134674012428, 7.035019251106306], [12.273589619681179, 13.735172947178498, 0.15380579366139813]]
Attitude: [[0.0, 0.0, 0.0], [1.2924157480158258, 1.2144350237412072, 0.46016632051788314], [0.7842442118991984, 0.915579631081003, 1.2055731203427342], [0.8415660736191315, 0.7293004114667039, 1.5624465811421142]]
Save Location: maps/map1782/test.txt
