Path: 338
Path Score: 4.5286793032751795
Waypoints: [[1.0, 1.0, 1.0], [11.62421921707525, 9.637940007438962, 4.108292062461251], [10.752760318917543, 18.75992942067851, 14.80087523764835], [29.0, 29.0, 14.0]]
Velocity: [[0.0, 0.0, 0.0], [10.62421921707525, 8.637940007438962, 3.108292062461251], [-0.8714588981577069, 9.121989413239548, 10.6925831751871], [18.247239681082455, 10.24007057932149, -0.8008752376483503]]
Attitude: [[0.0, 0.0, 0.0], [0.7126112608988734, 0.9081638967287853, 1.3475745118170808], [1.6327206887970267, 0.8661313881356493, 0.7085427272130344], [0.5126920098124623, 1.0598172007710935, 1.6090527819834075]]
Save Location: maps/map69/test.txt
