Path: 922
Path Score: 4.315602490806645
Waypoints: [[1.0, 1.0, 1.0], [7.363766588778974, 0.518530266354752, 10.190548616200227], [18.278593753428844, 13.542675969678093, 13.490985374955708], [29.0, 29.0, 14.0]]
Velocity: [[0.0, 0.0, 0.0], [6.363766588778974, -0.48146973364524803, 9.190548616200227], [10.91482716464987, 13.024145703323342, 3.300436758755481], [10.721406246571156, 15.457324030321907, 0.5090146250442924]]
Attitude: [[0.0, 0.0, 0.0], [0.9658135015594402, 1.6138399388547588, 0.6069604064989591], [0.8885594179786076, 0.719124828409705, 1.3789613205472917], [0.964623337542555, 0.6069540453552669, 1.5437444202820336]]
Save Location: maps/map756/test.txt
