Path: 1442
Path Score: 4.413136208490881
Waypoints: [[1.0, 1.0, 1.0], [10.074445050749116, 1.0357225832720962, 9.412027835082272], [12.699318080032214, 19.485873547121262, 13.643108962855027], [29.0, 29.0, 14.0]]
Velocity: [[0.0, 0.0, 0.0], [9.074445050749116, 0.03572258327209621, 8.412027835082272], [2.6248730292830977, 18.450150963849165, 4.231081127772756], [16.300681919967786, 9.514126452878738, 0.3568910371449725]]
Attitude: [[0.0, 0.0, 0.0], [0.7475390695972799, 1.5679093516700198, 0.8232656157544957], [1.4330062310695433, 0.2635914168269231, 1.3475421195852029], [0.5286275051045267, 1.042579273198718, 1.5518895222311728]]
Save Location: maps/map322/test.txt
