Path: 1431
Path Score: 4.265687835798542
Waypoints: [[1.0, 1.0, 1.0], [10.074445050749116, 1.0357225832720962, 9.412027835082272], [21.391366360934747, 19.016584990160858, 9.132275513596717], [29.0, 29.0, 14.0]]
Velocity: [[0.0, 0.0, 0.0], [9.074445050749116, 0.03572258327209621, 8.412027835082272], [11.31692131018563, 17.98086240688876, -0.27975232148555484], [7.608633639065253, 9.983415009839142, 4.867724486403283]]
Attitude: [[0.0, 0.0, 0.0], [0.7475390695972799, 1.5679093516700198, 0.8232656157544957], [1.0091030763948294, 0.5618855090894491, 1.5839629820063803], [0.9701837951063373, 0.7354334851728955, 1.20085483013767]]
Save Location: maps/map1085/test.txt
