Path: 1802
Path Score: 4.358662638372062
Waypoints: [[1.0, 1.0, 1.0], [5.8300877579373775, 12.986927175779844, 2.2883830638241456], [22.610660907061256, 12.829583706462888, 7.646387831785042], [29.0, 29.0, 14.0]]
Velocity: [[0.0, 0.0, 0.0], [4.8300877579373775, 11.986927175779844, 1.2883830638241456], [16.780573149123878, -0.15734346931695598, 5.358004767960897], [6.389339092938744, 16.170416293537112, 6.353612168214958]]
Attitude: [[0.0, 0.0, 0.0], [1.1897394258126446, 0.3951048953544142, 1.471431398260883], [0.3091910001861708, 1.5797283365423511, 1.261742969699469], [1.2183916059253201, 0.5083781419888332, 1.2204471921007194]]
Save Location: maps/map527/test.txt
