Path: 74
Path Score: 4.321785081376302
Waypoints: [[1.0, 1.0, 1.0], [6.844542921659472, 12.575654287568902, 0.7512941296865822], [10.81745541664519, 17.765990078921153, 6.9670533080542265], [29.0, 29.0, 14.0]]
Velocity: [[0.0, 0.0, 0.0], [5.844542921659472, 11.575654287568902, -0.24870587031341784], [3.972912494985718, 5.1903357913522505, 6.2157591783676445], [18.18254458335481, 11.234009921078847, 7.0329466919457735]]
Attitude: [[0.0, 0.0, 0.0], [1.103329579532339, 0.4679236243581791, 1.5899732357353402], [1.1146864986077825, 0.9576674744301975, 0.8105316155268054], [0.6298821484480811, 1.0480294904711909, 1.2528998172006138]]
Save Location: maps/map727/test.txt
