Path: 487
Path Score: 4.220908717846482
Waypoints: [[1.0, 1.0, 1.0], [11.29885047226655, 13.922680563011099, 6.0742347128672325], [18.72403228769046, 27.04667286152992, 8.275372330418275], [29.0, 29.0, 14.0]]
Velocity: [[0.0, 0.0, 0.0], [10.29885047226655, 12.922680563011099, 5.0742347128672325], [7.42518181542391, 13.123992298518822, 2.2011376175510424], [10.27596771230954, 1.9533271384700797, 5.724627669581725]]
Attitude: [[0.0, 0.0, 0.0], [0.932550665210745, 0.7263919285052141, 1.2728643435485965], [1.06184848240578, 0.533113938978472, 1.425845198859866], [0.5320146181463187, 1.4062402530460234, 1.0700368475848865]]
Save Location: maps/map1403/test.txt
