Path: 2218
Path Score: 4.289307251666083
Waypoints: [[1.0, 1.0, 1.0], [5.7591996310330025, 10.496060591014656, 1.1961851557501069], [16.099219207665964, 27.89490647639769, 5.59854808283707], [29.0, 29.0, 14.0]]
Velocity: [[0.0, 0.0, 0.0], [4.7591996310330025, 9.496060591014656, 0.19618515575010687], [10.340019576632962, 17.398845885383032, 4.402362927086963], [12.900780792334036, 1.10509352360231, 8.40145191716293]]
Attitude: [[0.0, 0.0, 0.0], [1.1062936554501903, 0.46492826404694765, 1.5523285842779897], [1.0481081784001272, 0.5734985408384353, 1.3566186535683373], [0.5811724924217351, 1.4991378965241768, 0.9952231590134955]]
Save Location: maps/map936/test.txt
