Path: 1034
Path Score: 4.14594451318832
Waypoints: [[1.0, 1.0, 1.0], [5.124139793286082, 11.529276214212281, 3.1169525438428494], [17.427868364228836, 16.4750747584921, 4.825948732556496], [29.0, 29.0, 14.0]]
Velocity: [[0.0, 0.0, 0.0], [4.124139793286082, 10.529276214212281, 2.1169525438428494], [12.303728570942754, 4.945798544279818, 1.7089961887136464], [11.572131635771164, 12.524925241507901, 9.174051267443504]]
Attitude: [[0.0, 0.0, 0.0], [1.2041596665548568, 0.4147337109116922, 1.3857324418142094], [0.40212241463761644, 1.1918831389110085, 1.4426247802075758], [0.930265420446883, 0.8673805595008431, 1.0772217983493675]]
Save Location: maps/map1968/test.txt
