Path: 1579
Path Score: 4.121264000041388
Waypoints: [[1.0, 1.0, 1.0], [5.1328300726842055, 6.167067988359742, 4.338023583503114], [18.295648198935922, 21.67677091998945, 14.790388562251113], [29.0, 29.0, 14.0]]
Velocity: [[0.0, 0.0, 0.0], [4.1328300726842055, 5.167067988359742, 3.338023583503114], [13.162818126251716, 15.50970293162971, 10.452364978748], [10.704351801064078, 7.323229080010549, -0.7903885622511133]]
Attitude: [[0.0, 0.0, 0.0], [0.9792202736645594, 0.799275207152919, 1.1035589735254734], [0.9575376191404734, 0.8255520253251486, 1.09615139546849], [0.6027006201753293, 0.9720633967168617, 1.6316622645059446]]
Save Location: maps/map2123/test.txt
