Path: 1971
Path Score: 4.4280869280397965
Waypoints: [[1.0, 1.0, 1.0], [7.908661902969909, 13.249370598681029, 5.122888052721978], [10.752760318917543, 18.75992942067851, 14.80087523764835], [29.0, 29.0, 14.0]]
Velocity: [[0.0, 0.0, 0.0], [6.908661902969909, 12.249370598681029, 4.122888052721978], [2.8440984159476344, 5.510558821997481, 9.677987184926373], [18.247239681082455, 10.24007057932149, -0.8008752376483503]]
Attitude: [[0.0, 0.0, 0.0], [1.0799032623057099, 0.5811391675180452, 1.2856207472042467], [1.3207633939631092, 1.070805745618371, 0.5698488639613037], [0.5126920098124623, 1.0598172007710935, 1.6090527819834075]]
Save Location: maps/map274/test.txt
