Path: 2352
Path Score: 4.160819057461164
Waypoints: [[1.0, 1.0, 1.0], [2.7823021602657514, 3.2626923788090734, 6.811174955232296], [20.225861212634335, 15.04532595668622, 11.643310714362196], [29.0, 29.0, 14.0]]
Velocity: [[0.0, 0.0, 0.0], [1.7823021602657514, 2.2626923788090734, 5.811174955232296], [17.443559052368585, 11.782633577877146, 4.8321357591298995], [8.774138787365665, 13.95467404331378, 2.3566892856378043]]
Attitude: [[0.0, 0.0, 0.0], [1.2924157480158258, 1.2144350237412072, 0.46016632051788314], [0.6306223593709106, 0.9937486024275145, 1.3451518904380957], [1.0158144950798451, 0.5771097040965634, 1.4287893660504631]]
Save Location: maps/map1877/test.txt
