Path: 1098
Path Score: 4.290049031578189
Waypoints: [[1.0, 1.0, 1.0], [6.277705044557794, 0.35330246109405494, 2.6825947684151497], [22.610660907061256, 12.829583706462888, 7.646387831785042], [29.0, 29.0, 14.0]]
Velocity: [[0.0, 0.0, 0.0], [5.277705044557794, -0.6466975389059451, 1.6825947684151497], [16.33295586250346, 12.476281245368833, 4.963793063369893], [6.389339092938744, 16.170416293537112, 6.353612168214958]]
Attitude: [[0.0, 0.0, 0.0], [0.32912608513099045, 1.687014641004876, 1.264321452563771], [0.6880772510791209, 0.9396548150093511, 1.3338215789476187], [1.2183916059253201, 0.5083781419888332, 1.2204471921007194]]
Save Location: maps/map932/test.txt
