Path: 2327
Path Score: 4.231249605118155
Waypoints: [[1.0, 1.0, 1.0], [4.608820246079843, 7.120273707001329, 9.286680001717013], [20.24894541404868, 13.704934531749169, 10.28792228211892], [29.0, 29.0, 14.0]]
Velocity: [[0.0, 0.0, 0.0], [3.6088202460798433, 6.120273707001329, 8.286680001717013], [15.640125167968836, 6.58466082474784, 1.0012422804019074], [8.75105458595132, 15.295065468250831, 3.7120777178810798]]
Attitude: [[0.0, 0.0, 0.0], [1.233845257898589, 0.9755770124671417, 0.7087760394342274], [0.4025904582294681, 1.1730402480525548, 1.5118629399535966], [1.0633520659267364, 0.5560751825583984, 1.3631766434720947]]
Save Location: maps/map1331/test.txt
