Path: 1240
Path Score: 4.133668256752315
Waypoints: [[1.0, 1.0, 1.0], [10.98841998167141, 13.67984788740044, 4.669955467169109], [21.78645601699983, 26.938246068819566, 10.468055210066508], [29.0, 29.0, 14.0]]
Velocity: [[0.0, 0.0, 0.0], [9.98841998167141, 12.67984788740044, 3.6699554671691086], [10.798036035328419, 13.258398181419127, 5.798099742897399], [7.2135439830001715, 2.0617539311804336, 3.531944789933492]]
Attitude: [[0.0, 0.0, 0.0], [0.9230317793050691, 0.698207449561829, 1.3472349331065676], [0.929733873296448, 0.7461407752402633, 1.24387734983023], [0.5157591343381982, 1.3195229300441227, 1.1308007241554319]]
Save Location: maps/map2051/test.txt
