Path: 1650
Path Score: 4.255113384174777
Waypoints: [[1.0, 1.0, 1.0], [10.36013664890983, 5.847929453477029, 2.4421408215587084], [13.095324436113561, 15.033365545267669, 6.706312039110363], [29.0, 29.0, 14.0]]
Velocity: [[0.0, 0.0, 0.0], [9.36013664890983, 4.847929453477029, 1.4421408215587084], [2.7351877872037313, 9.18543609179064, 4.264171217551655], [15.904675563886439, 13.966634454732331, 7.293687960889637]]
Attitude: [[0.0, 0.0, 0.0], [0.49541529610661705, 1.0976792558885609, 1.4348290922750935], [1.3070009609713507, 0.5040139109655569, 1.1521707818668816], [0.7807156099511975, 0.8971446612687055, 1.2389541045829986]]
Save Location: maps/map1166/test.txt
