Path: 1500
Path Score: 4.274027493956822
Waypoints: [[1.0, 1.0, 1.0], [1.5831056317866898, 11.289807463775418, 6.886569014408189], [12.699318080032214, 19.485873547121262, 13.643108962855027], [29.0, 29.0, 14.0]]
Velocity: [[0.0, 0.0, 0.0], [0.5831056317866898, 10.289807463775418, 5.886569014408189], [11.116212448245523, 8.196066083345844, 6.7565399484468385], [16.300681919967786, 9.514126452878738, 0.3568910371449725]]
Attitude: [[0.0, 0.0, 0.0], [1.5216478577442305, 0.5217422173051365, 1.0518517055369716], [0.7626661231255183, 1.0085703709628557, 1.1158164005243896], [0.5286275051045267, 1.042579273198718, 1.5518895222311728]]
Save Location: maps/map1029/test.txt
