Path: 2126
Path Score: 4.379460143174844
Waypoints: [[1.0, 1.0, 1.0], [7.976694836660609, 10.929766397758005, 9.409001445334173], [24.548396690958242, 11.577212241638717, 14.392801991557022], [29.0, 29.0, 14.0]]
Velocity: [[0.0, 0.0, 0.0], [6.976694836660609, 9.929766397758005, 8.409001445334173], [16.571701854297633, 0.6474458438807122, 4.983800546222849], [4.451603309041758, 17.42278775836128, -0.3928019915570218]]
Attitude: [[0.0, 0.0, 0.0], [1.0786293818483852, 0.8331465441750755, 0.9648405508336908], [0.29445295152096407, 1.533399751806392, 1.2788695442814537], [1.3207044969365416, 0.251084454734688, 1.5926364233314274]]
Save Location: maps/map431/test.txt
