Path: 1813
Path Score: 4.28947806361515
Waypoints: [[1.0, 1.0, 1.0], [5.8300877579373775, 12.986927175779844, 2.2883830638241456], [9.662916602314, 22.21326367479614, 9.15459432162151], [29.0, 29.0, 14.0]]
Velocity: [[0.0, 0.0, 0.0], [4.8300877579373775, 11.986927175779844, 1.2883830638241456], [3.832828844376623, 9.226336499016295, 6.866211257797364], [19.337083397686, 6.7867363252038615, 4.845405678378491]]
Attitude: [[0.0, 0.0, 0.0], [1.1897394258126446, 0.3951048953544142, 1.471431398260883], [1.249108095450993, 0.7058243263131969, 0.9686759329544793], [0.40714433808387096, 1.242659214067075, 1.3386234911715096]]
Save Location: maps/map935/test.txt
