Path: 737
Path Score: 4.256442593041861
Waypoints: [[1.0, 1.0, 1.0], [12.697608925444278, 6.8811022717284045, 6.207161753256], [14.43692874246404, 21.36894668574859, 11.322509376936443], [29.0, 29.0, 14.0]]
Velocity: [[0.0, 0.0, 0.0], [11.697608925444278, 5.8811022717284045, 5.207161753256], [1.7393198170197621, 14.487844414020184, 5.115347623680443], [14.56307125753596, 7.63105331425141, 2.677490623063557]]
Attitude: [[0.0, 0.0, 0.0], [0.5913478455125089, 1.1402281118229445, 1.1922640516212777], [1.4580715977773138, 0.3569553506400791, 1.233621531151856], [0.5069175043207065, 1.0949344880442036, 1.4093618733327953]]
Save Location: maps/map1155/test.txt
