Path: 2410
Path Score: 4.1523515013599415
Waypoints: [[1.0, 1.0, 1.0], [12.422424952449036, 7.364456284222653, 4.120550879483655], [16.562231948918217, 23.36225528971405, 10.468909590942717], [29.0, 29.0, 14.0]]
Velocity: [[0.0, 0.0, 0.0], [11.422424952449036, 6.364456284222653, 3.1205508794836554], [4.139806996469181, 15.997799005491396, 6.348358711459062], [12.437768051081783, 5.637744710285951, 3.531090409057283]]
Attitude: [[0.0, 0.0, 0.0], [0.5554007765856399, 1.0776065097557235, 1.3365284239372268], [1.3347526690665446, 0.44242481188171356, 1.204008271223508], [0.4911333101171544, 1.159608420333512, 1.31776151037235]]
Save Location: maps/map1930/test.txt
