# waypoints
G: (11.0,-17.0,15)
G: (14.218604861985924,-16.316409551691166,15)
G: (16.960447005310066,-14.812265907646228,15)
G: (19.42034995441395,-12.968044771444875,15)
G: (23.319041966716583,-12.791118552129424,15)
G: (26.754620267003276,-14.588027034351162,15)
G: (29.0,-17.0,15)


# wall segments
W: (30.0,-18.8,26.0,-16.8,3)
W: (26.0,-16.8,20.0,-14.8,3)
W: (20.0,-14.8,12.0,-18.8,3)
W: (12.0,-18.8,10.0,-18.8,3)
W: (10.0,-15.2,17.0,-12.2,3)
W: (17.0,-12.2,25.0,-11.2,3)
W: (25.0,-11.2,30.0,-15.2,3)


# environment settings
R: (0)
D: (1)
