Path: 1679
Path Score: 4.430850138929439
Waypoints: [[1.0, 1.0, 1.0], [1.4862613186235762, 5.302297197202417, 9.54279168299124], [18.441097262136424, 17.537267266708554, 6.281086639361177], [29.0, 29.0, 14.0]]
Velocity: [[0.0, 0.0, 0.0], [0.48626131862357624, 4.302297197202417, 8.54279168299124], [16.954835943512848, 12.234970069506137, -3.261705043630063], [10.558902737863576, 11.462732733291446, 7.718913360638823]]
Attitude: [[0.0, 0.0, 0.0], [1.520002440634727, 1.1049085373684124, 0.46909167611999897], [0.641465245778613, 0.9543033729428396, 1.7255488084992985], [0.9183550643402842, 0.8511782172620342, 1.1109269665548651]]
Save Location: maps/map266/test.txt
