Path: 2173
Path Score: 4.051789754632255
Waypoints: [[1.0, 1.0, 1.0], [5.839689469355285, 6.231079992564079, 1.4400139470819306], [18.987168424161545, 21.350324413129044, 10.434584031210562], [29.0, 29.0, 14.0]]
Velocity: [[0.0, 0.0, 0.0], [4.839689469355285, 5.231079992564079, 0.44001394708193065], [13.14747895480626, 15.119244420564964, 8.994570084128632], [10.012831575838455, 7.649675586870956, 3.565415968789438]]
Attitude: [[0.0, 0.0, 0.0], [0.8259996858182699, 0.748605830934555, 1.5091311358387776], [0.9290017251202387, 0.8114978548138023, 1.1488435256444673], [0.7003550436294252, 0.9469578898565721, 1.2950479413160163]]
Save Location: maps/map2420/test.txt
