Path: 648
Path Score: 4.316773750600446
Waypoints: [[1.0, 1.0, 1.0], [12.65259495451803, 15.504691539838976, 1.3902173466937446], [18.72403228769046, 27.04667286152992, 8.275372330418275], [29.0, 29.0, 14.0]]
Velocity: [[0.0, 0.0, 0.0], [11.65259495451803, 14.504691539838976, 0.39021734669374464], [6.07143733317243, 11.541981321690944, 6.88515498372453], [10.27596771230954, 1.9533271384700797, 5.724627669581725]]
Attitude: [[0.0, 0.0, 0.0], [0.8941821376993422, 0.6770644370273821, 1.5498263094141658], [1.1464818324344512, 0.6718901017349586, 1.0850445745426318], [0.5320146181463187, 1.4062402530460234, 1.0700368475848865]]
Save Location: maps/map748/test.txt
