Path: 46
Path Score: 4.10729210452495
Waypoints: [[1.0, 1.0, 1.0], [8.883832853990807, 7.619820070167713, 5.821889119101872], [21.79639181727039, 14.477895924297679, 6.70148367285092], [29.0, 29.0, 14.0]]
Velocity: [[0.0, 0.0, 0.0], [7.883832853990807, 6.619820070167713, 4.821889119101872], [12.912558963279583, 6.858075854129965, 0.8795945537490484], [7.20360818272961, 14.522104075702321, 7.29851632714908]]
Attitude: [[0.0, 0.0, 0.0], [0.8044304960935175, 0.9492050844908356, 1.1327513067607105], [0.49161722613801084, 1.0835246206548261, 1.5107081973275602], [1.1535972127018381, 0.6148409412743631, 1.1477501781583583]]
Save Location: maps/map2213/test.txt
