Path: 12
Path Score: 4.0723223168339615
Waypoints: [[1.0, 1.0, 1.0], [8.883832853990807, 7.619820070167713, 5.821889119101872], [24.417165918970664, 21.028566972505814, 13.862338142170172], [29.0, 29.0, 14.0]]
Velocity: [[0.0, 0.0, 0.0], [7.883832853990807, 6.619820070167713, 4.821889119101872], [15.533333064979857, 13.408746902338102, 8.0404490230683], [4.582834081029336, 7.971433027494186, 0.1376618578298281]]
Attitude: [[0.0, 0.0, 0.0], [0.8044304960935175, 0.9492050844908356, 1.1327513067607105], [0.788649882228359, 0.9167488831091777, 1.1973521584738842], [1.0490962265383572, 0.5219593966089846, 1.5558258939074248]]
Save Location: maps/map2363/test.txt
