Path: 2030
Path Score: 4.173716308488615
Waypoints: [[1.0, 1.0, 1.0], [1.6574939373145603, 7.640942564656317, 6.853106441814953], [21.391366360934747, 19.016584990160858, 9.132275513596717], [29.0, 29.0, 14.0]]
Velocity: [[0.0, 0.0, 0.0], [0.6574939373145603, 6.640942564656317, 5.853106441814953], [19.733872423620188, 11.375642425504541, 2.279169071781764], [7.608633639065253, 9.983415009839142, 4.867724486403283]]
Attitude: [[0.0, 0.0, 0.0], [1.4966576018134188, 0.7255359120981532, 0.8507902510389312], [0.5314814847297303, 1.0507329680817616, 1.4710675611224417], [0.9701837951063373, 0.7354334851728955, 1.20085483013767]]
Save Location: maps/map1772/test.txt
