Path: 507
Path Score: 4.315055292325716
Waypoints: [[1.0, 1.0, 1.0], [11.29885047226655, 13.922680563011099, 6.0742347128672325], [12.613060744395664, 17.548051480031873, 8.080005726347148], [29.0, 29.0, 14.0]]
Velocity: [[0.0, 0.0, 0.0], [10.29885047226655, 12.922680563011099, 5.0742347128672325], [1.314210272129115, 3.625370917020774, 2.005771013479915], [16.386939255604336, 11.451948519968127, 5.919994273652852]]
Attitude: [[0.0, 0.0, 0.0], [0.932550665210745, 0.7263919285052141, 1.2728643435485965], [1.2636408872293974, 0.584376537405064, 1.091167920643775], [0.6665783723714116, 0.989326980912511, 1.28290425102486]]
Save Location: maps/map761/test.txt
