Path: 1295
Path Score: 4.172247310078815
Waypoints: [[1.0, 1.0, 1.0], [11.681123338592288, 14.089788280863255, 4.111381059339743], [21.595430679697905, 24.032909211980147, 6.078853224688489], [29.0, 29.0, 14.0]]
Velocity: [[0.0, 0.0, 0.0], [10.681123338592288, 13.089788280863255, 3.1113810593397426], [9.914307341105618, 9.943120931116892, 1.9674721653487461], [7.404569320302095, 4.967090788019853, 7.921146775311511]]
Attitude: [[0.0, 0.0, 0.0], [0.8998039769895753, 0.7044384319041941, 1.3886732407031834], [0.7964499226562094, 0.7936032310446771, 1.4315826920060106], [0.9009774146927041, 1.1412360805544841, 0.8444306588818015]]
Save Location: maps/map1787/test.txt
