Path: 1522
Path Score: 4.555006685767642
Waypoints: [[1.0, 1.0, 1.0], [0.8300875511549277, 1.6500330013832676, 11.560854587793756], [10.752760318917543, 18.75992942067851, 14.80087523764835], [29.0, 29.0, 14.0]]
Velocity: [[0.0, 0.0, 0.0], [-0.16991244884507228, 0.6500330013832676, 10.560854587793756], [9.922672767762617, 17.109896419295243, 3.2400206498545945], [18.247239681082455, 10.24007057932149, -0.8008752376483503]]
Attitude: [[0.0, 0.0, 0.0], [1.5868534482018404, 1.5093306408644638, 0.06353355267918272], [1.052870370296297, 0.5477919041086846, 1.4084271006758635], [0.5126920098124623, 1.0598172007710935, 1.6090527819834075]]
Save Location: maps/map48/test.txt
