Path: 816
Path Score: 4.300775488846941
Waypoints: [[1.0, 1.0, 1.0], [4.844954787942095, 14.493280729732227, 5.905721797057641], [16.883025564776037, 28.590923589761672, 8.346739006746619], [29.0, 29.0, 14.0]]
Velocity: [[0.0, 0.0, 0.0], [3.844954787942095, 13.493280729732227, 4.905721797057641], [12.038070776833942, 14.097642860029445, 2.4410172096889777], [12.116974435223963, 0.4090764102383275, 5.653260993253381]]
Attitude: [[0.0, 0.0, 0.0], [1.3091332202726853, 0.43273101466224884, 1.2344339666278068], [0.8713239143612496, 0.7167221055149114, 1.4398733653153308], [0.43753856464082885, 1.5402112905645133, 1.134477297818289]]
Save Location: maps/map863/test.txt
