Path: 2393
Path Score: 4.1475227294314605
Waypoints: [[1.0, 1.0, 1.0], [12.422424952449036, 7.364456284222653, 4.120550879483655], [26.76543196640594, 17.456646557356017, 7.05435308823407], [29.0, 29.0, 14.0]]
Velocity: [[0.0, 0.0, 0.0], [11.422424952449036, 6.364456284222653, 3.1205508794836554], [14.343007013956905, 10.092190273133363, 2.9338022087504143], [2.2345680335940585, 11.543353442643983, 6.94564691176593]]
Attitude: [[0.0, 0.0, 0.0], [0.5554007765856399, 1.0776065097557235, 1.3365284239372268], [0.6323754303528345, 0.9672483068310603, 1.4050464962164222], [1.4064235659655742, 0.5636700246717852, 1.0372176653267735]]
Save Location: maps/map1959/test.txt
