Path: 2507
Path Score: 4.704071851157059
Waypoints: [[1.0, 1.0, 1.0], [1.327818985938627, 0.12165432475222393, 2.009587905737008], [7.976694836660609, 10.929766397758005, 9.409001445334173], [29.0, 29.0, 14.0]]
Velocity: [[0.0, 0.0, 0.0], [0.3278189859386269, -0.8783456752477761, 1.0095879057370079], [6.648875850721982, 10.80811207300578, 7.399413539597165], [21.02330516333939, 18.070233602241995, 4.590998554665827]]
Attitude: [[0.0, 0.0, 0.0], [1.3305559476771869, 2.2620673328650165, 0.7484058480919805], [1.1010777131846852, 0.7439732300322085, 1.0428854466512332], [0.7254969031588144, 0.8722868357785716, 1.4066777616859754]]
Save Location: maps/map4/test.txt
