Path: 843
Path Score: 4.309600314591411
Waypoints: [[1.0, 1.0, 1.0], [4.844954787942095, 14.493280729732227, 5.905721797057641], [11.717608255286521, 26.086366361922085, 10.100298251227693], [29.0, 29.0, 14.0]]
Velocity: [[0.0, 0.0, 0.0], [3.844954787942095, 13.493280729732227, 4.905721797057641], [6.872653467344426, 11.593085632189858, 4.194576454170052], [17.28239174471348, 2.913633638077915, 3.8997017487723067]]
Attitude: [[0.0, 0.0, 0.0], [1.3091332202726853, 0.43273101466224884, 1.2344339666278068], [1.062246299141985, 0.6070353630273246, 1.2690628215651445], [0.27455761083990476, 1.4078003124714065, 1.351856955162436]]
Save Location: maps/map798/test.txt
