Path: 1468
Path Score: 4.35017617099378
Waypoints: [[1.0, 1.0, 1.0], [1.5831056317866898, 11.289807463775418, 6.886569014408189], [8.962504318780672, 19.70715034496878, 6.76140850408924], [29.0, 29.0, 14.0]]
Velocity: [[0.0, 0.0, 0.0], [0.5831056317866898, 10.289807463775418, 5.886569014408189], [7.379398686993982, 8.417342881193363, -0.12516051031894904], [20.037495681219326, 9.292849655031219, 7.23859149591076]]
Attitude: [[0.0, 0.0, 0.0], [1.5216478577442305, 0.5217422173051365, 1.0518517055369716], [0.8510648635019886, 0.7198575453911766, 1.5819768271487515], [0.5314510518725527, 1.159491135048408, 1.2541033357169327]]
Save Location: maps/map582/test.txt
