Path: 2412
Path Score: 4.5238527694137805
Waypoints: [[1.0, 1.0, 1.0], [12.422424952449036, 7.364456284222653, 4.120550879483655], [9.057942771808293, 22.483164120725405, 13.633419250864584], [29.0, 29.0, 14.0]]
Velocity: [[0.0, 0.0, 0.0], [11.422424952449036, 6.364456284222653, 3.1205508794836554], [-3.364482180640744, 15.118707836502752, 9.512868371380929], [19.942057228191707, 6.516835879274595, 0.36658074913541583]]
Attitude: [[0.0, 0.0, 0.0], [0.5554007765856399, 1.0776065097557235, 1.3365284239372268], [1.756969314723228, 0.5885140970810411, 1.020010250818093], [0.3163154151017467, 1.2549974740262801, 1.5533251264663486]]
Save Location: maps/map76/test.txt
