Path: 585
Path Score: 4.4742681199971805
Waypoints: [[1.0, 1.0, 1.0], [8.077819295469498, 4.630177089274074, 13.001091877302175], [20.852071857601725, 15.195208825034904, 7.612944235060696], [29.0, 29.0, 14.0]]
Velocity: [[0.0, 0.0, 0.0], [7.077819295469498, 3.630177089274074, 12.001091877302175], [12.774252562132228, 10.56503173576083, -5.388147642241479], [8.147928142398275, 13.804791174965096, 6.387055764939304]]
Attitude: [[0.0, 0.0, 0.0], [1.0568857360289043, 1.315913356872022, 0.5853298029477871], [0.7482887093762026, 0.9196330346943009, 1.8850597933820257], [1.0790221355094318, 0.643470475899189, 1.1916321938329075]]
Save Location: maps/map168/test.txt
