Path: 852
Path Score: 4.363709289620301
Waypoints: [[1.0, 1.0, 1.0], [13.622214221490246, 10.560085107867, 6.307093757900562], [16.72641038031882, 15.264827052821502, 13.846194206338602], [29.0, 29.0, 14.0]]
Velocity: [[0.0, 0.0, 0.0], [12.622214221490246, 9.560085107867, 5.307093757900562], [3.104196158828575, 4.7047419449545025, 7.53910044843804], [12.273589619681179, 13.735172947178498, 0.15380579366139813]]
Attitude: [[0.0, 0.0, 0.0], [0.7138698155414545, 0.9612815674177257, 1.2473929819737224], [1.2347364598803814, 1.0474265412125718, 0.6419899452339143], [0.8415660736191315, 0.7293004114667039, 1.5624465811421142]]
Save Location: maps/map499/test.txt
