Path: 625
Path Score: 4.3631740147517455
Waypoints: [[1.0, 1.0, 1.0], [1.9869655009534015, 2.3470905443897805, 9.726710653669548], [9.833184348662794, 7.49990030059201, 14.292253637188676], [29.0, 29.0, 14.0]]
Velocity: [[0.0, 0.0, 0.0], [0.9869655009534015, 1.3470905443897805, 8.726710653669548], [7.846218847709393, 5.152809756202229, 4.565542983519128], [19.166815651337206, 21.50009969940799, -0.2922536371886757]]
Attitude: [[0.0, 0.0, 0.0], [1.4594850995761104, 1.4185963426785977, 0.18907565762625306], [0.7202003559009744, 1.0545225500017543, 1.118110492400396], [0.8427567005134493, 0.7281432487926576, 1.5809425666442078]]
Save Location: maps/map504/test.txt
