Path: 1114
Path Score: 4.236866154078038
Waypoints: [[1.0, 1.0, 1.0], [7.244355243304841, 4.686769508950413, 5.732290508395203], [10.035552414872543, 14.727385926720864, 12.424650413075828], [29.0, 29.0, 14.0]]
Velocity: [[0.0, 0.0, 0.0], [6.244355243304841, 3.6867695089504133, 4.732290508395203], [2.7911971715677018, 10.040616417770451, 6.692359904680624], [18.96444758512746, 14.272614073279136, 1.5753495869241725]]
Attitude: [[0.0, 0.0, 0.0], [0.7653529368027897, 1.1309818444795048, 0.9925991767107255], [1.343477567646186, 0.6254552247786243, 0.9999401347833384], [0.6480734763088719, 0.9272854822750475, 1.5045215484811172]]
Save Location: maps/map1284/test.txt
