Path: 2142
Path Score: 4.22745982725827
Waypoints: [[1.0, 1.0, 1.0], [7.976694836660609, 10.929766397758005, 9.409001445334173], [27.392959345270903, 23.005156066345783, 14.43568391042985], [29.0, 29.0, 14.0]]
Velocity: [[0.0, 0.0, 0.0], [6.976694836660609, 9.929766397758005, 8.409001445334173], [19.416264508610293, 12.075389668587778, 5.026682465095677], [1.6070406547290972, 5.9948439336542165, -0.4356839104298498]]
Attitude: [[0.0, 0.0, 0.0], [1.0786293818483852, 0.8331465441750755, 0.9648405508336908], [0.5928247347235371, 1.0288547788416815, 1.3543965621930971], [1.309541788024109, 0.27091869121991397, 1.6408792813009851]]
Save Location: maps/map1354/test.txt
