Path: 2399
Path Score: 4.1512924798192055
Waypoints: [[1.0, 1.0, 1.0], [12.422424952449036, 7.364456284222653, 4.120550879483655], [17.89500835598713, 12.238417992478578, 7.134004137824853], [29.0, 29.0, 14.0]]
Velocity: [[0.0, 0.0, 0.0], [11.422424952449036, 6.364456284222653, 3.1205508794836554], [5.472583403538094, 4.873961708255925, 3.0134532583411975], [11.10499164401287, 16.761582007521422, 6.865995862175147]]
Attitude: [[0.0, 0.0, 0.0], [0.5554007765856399, 1.0776065097557235, 1.3365284239372268], [0.8083990903641474, 0.9082719363333104, 1.1806679107739502], [1.0208116603536068, 0.6617621353055158, 1.2417305692240037]]
Save Location: maps/map1935/test.txt
