Path: 564
Path Score: 4.358825488399434
Waypoints: [[1.0, 1.0, 1.0], [8.077819295469498, 4.630177089274074, 13.001091877302175], [25.428707168258946, 19.405189246924685, 11.09112041789754], [29.0, 29.0, 14.0]]
Velocity: [[0.0, 0.0, 0.0], [7.077819295469498, 3.630177089274074, 12.001091877302175], [17.35088787278945, 14.775012157650611, -1.909971459404634], [3.5712928317410544, 9.594810753075315, 2.9088795821024593]]
Attitude: [[0.0, 0.0, 0.0], [1.0568857360289043, 1.315913356872022, 0.5853298029477871], [0.7094815827825749, 0.8683788892384379, 1.6544107609106191], [1.228608075856676, 0.4475659367165343, 1.29396325921033]]
Save Location: maps/map526/test.txt
