Path: 1366
Path Score: 4.243203567575213
Waypoints: [[1.0, 1.0, 1.0], [2.1166871798879825, 7.959406805005861, 2.641112218552253], [14.46706287539074, 21.68231868352074, 5.395598205098573], [29.0, 29.0, 14.0]]
Velocity: [[0.0, 0.0, 0.0], [1.1166871798879825, 6.959406805005861, 1.6411122185522529], [12.350375695502757, 13.72291187851488, 2.7544859865463205], [14.53293712460926, 7.317681316479259, 8.604401794901428]]
Attitude: [[0.0, 0.0, 0.0], [1.4158739947349994, 0.27784815422419984, 1.3420381855188857], [0.8478003947220943, 0.7448884169234141, 1.4226922149726227], [0.6606967282577116, 1.161934980212726, 1.0843680323639853]]
Save Location: maps/map1244/test.txt
