Path: 1473
Path Score: 4.292949272006578
Waypoints: [[1.0, 1.0, 1.0], [1.5831056317866898, 11.289807463775418, 6.886569014408189], [11.40378861351021, 23.288761880938765, 11.804403224732908], [29.0, 29.0, 14.0]]
Velocity: [[0.0, 0.0, 0.0], [0.5831056317866898, 10.289807463775418, 5.886569014408189], [9.82068298172352, 11.998954417163347, 4.9178342103247195], [17.59621138648979, 5.711238119061235, 2.1955967752670915]]
Attitude: [[0.0, 0.0, 0.0], [1.5216478577442305, 0.5217422173051365, 1.0518517055369716], [0.9226258398635464, 0.7412298454648649, 1.2636653780638345], [0.33465120952432154, 1.2592127196021017, 1.4526670982553629]]
Save Location: maps/map910/test.txt
