Path: 2019
Path Score: 4.250971029800408
Waypoints: [[1.0, 1.0, 1.0], [1.6574939373145603, 7.640942564656317, 6.853106441814953], [14.46706287539074, 21.68231868352074, 5.395598205098573], [29.0, 29.0, 14.0]]
Velocity: [[0.0, 0.0, 0.0], [0.6574939373145603, 6.640942564656317, 5.853106441814953], [12.809568938076179, 14.041376118864424, -1.4575082367163796], [14.53293712460926, 7.317681316479259, 8.604401794901428]]
Attitude: [[0.0, 0.0, 0.0], [1.4966576018134188, 0.7255359120981532, 0.8507902510389312], [0.8339090990925798, 0.7427578290094133, 1.647331448345507], [0.6606967282577116, 1.161934980212726, 1.0843680323639853]]
Save Location: maps/map1186/test.txt
