Path: 978
Path Score: 4.08822691731655
Waypoints: [[1.0, 1.0, 1.0], [7.03200889148945, 11.212381035806049, 2.4091861245466912], [21.391366360934747, 19.016584990160858, 9.132275513596717], [29.0, 29.0, 14.0]]
Velocity: [[0.0, 0.0, 0.0], [6.03200889148945, 10.212381035806049, 1.4091861245466912], [14.359357469445296, 7.80420395435481, 6.723089389050026], [7.608633639065253, 9.983415009839142, 4.867724486403283]]
Attitude: [[0.0, 0.0, 0.0], [1.0413956223611207, 0.5452295055399751, 1.4525400011168248], [0.6222787637011107, 1.1133971528743636, 1.1805252191700393], [0.9701837951063373, 0.7354334851728955, 1.20085483013767]]
Save Location: maps/map2295/test.txt
