Path: 590
Path Score: 4.410284102052873
Waypoints: [[1.0, 1.0, 1.0], [8.077819295469498, 4.630177089274074, 13.001091877302175], [20.24894541404868, 13.704934531749169, 10.28792228211892], [29.0, 29.0, 14.0]]
Velocity: [[0.0, 0.0, 0.0], [7.077819295469498, 3.630177089274074, 12.001091877302175], [12.171126118579183, 9.074757442475095, -2.7131695951832544], [8.75105458595132, 15.295065468250831, 3.7120777178810798]]
Attitude: [[0.0, 0.0, 0.0], [1.0568857360289043, 1.315913356872022, 0.5853298029477871], [0.6613112355505318, 0.9416978457924432, 1.7476412100349943], [1.0633520659267364, 0.5560751825583984, 1.3631766434720947]]
Save Location: maps/map332/test.txt
