Path: 1812
Path Score: 4.202353674448359
Waypoints: [[1.0, 1.0, 1.0], [5.8300877579373775, 12.986927175779844, 2.2883830638241456], [11.922439956495857, 17.336683693731057, 5.215453288665816], [29.0, 29.0, 14.0]]
Velocity: [[0.0, 0.0, 0.0], [4.8300877579373775, 11.986927175779844, 1.2883830638241456], [6.09235219855848, 4.349756517951214, 2.9270702248416702], [17.077560043504143, 11.663316306268943, 8.784546711334183]]
Attitude: [[0.0, 0.0, 0.0], [1.1897394258126446, 0.3951048953544142, 1.471431398260883], [0.7106000903811545, 0.9989705964526365, 1.1980581858011365], [0.7073929618515384, 1.0250094498144648, 1.169113814241912]]
Save Location: maps/map1544/test.txt
