Path: 2
Path Total Score: 2.3599160869622
Waypoints: [[0.1, 0.1, 0.1], [2.6957780817240162, 7.150464716327347, 0.04774771848488568], [0.4964915816319271, 3.1869154923797205, 0.2303075326058951], [4.566505034908102, 9.636111228804015, 0.8745581464398422], [0.2841396755017489, 4.669607975645372, 0.21461432815076342], [4.59288598376618, 8.742426471761839, 0.5775381211613612], [0.1285716489489308, 4.212731719772572, 0.38769836541104774], [4.480464753258806, 8.937809909215307, 0.8405653211049907], [0.7017267325726095, 4.23518089928622, 0.4451114246207033], [5.0, 5.0, 2.5]]
Velocity: [[0.0, 0.0, 0.0], [2.595778081724016, 7.0504647163273475, -0.052252281515114324], [-2.1992865000920894, -3.9635492239476267, 0.1825598141210094], [4.070013453276174, 6.449195736424295, 0.6442506138339471], [-4.282365359406352, -4.966503253158644, -0.6599438182890788], [4.308746308264432, 4.072818496116467, 0.36292379301059774], [-4.464314334817249, -4.5296947519892665, -0.18983975575031342], [4.351893104309875, 4.725078189442735, 0.452866955693943], [-3.7787380206861965, -4.702629009929087, -0.3954538964842874], [4.2982732674273905, 0.7648191007137797, 2.0548885753792967]]
Attitude: [[0.0, 0.0, 0.0], [0.0, 0.0, 0.0], [0.0, 0.0, 0.0], [0.0, 0.0, 0.0], [0.0, 0.0, 0.0], [0.0, 0.0, 0.0], [0.0, 0.0, 0.0], [0.0, 0.0, 0.0], [0.0, 0.0, 0.0], [0.0, 0.0, 0.0]]
Save Location: maps/map7/test.txt
