Path: 279
Path Score: 4.215786112466024
Waypoints: [[1.0, 1.0, 1.0], [10.236205802881091, 6.726958385030271, 8.616461550781413], [14.31024281394206, 14.397341180730484, 10.344580509492056], [29.0, 29.0, 14.0]]
Velocity: [[0.0, 0.0, 0.0], [9.236205802881091, 5.726958385030271, 7.616461550781413], [4.074037011060968, 7.670382795700212, 1.7281189587106436], [14.68975718605794, 14.602658819269516, 3.655419490507944]]
Attitude: [[0.0, 0.0, 0.0], [0.801018365502451, 1.1245932303302049, 0.9595076706588436], [1.0927335563042446, 0.5232959294664257, 1.3743884208683965], [0.7976180124622528, 0.8033878261380559, 1.3961151528842315]]
Save Location: maps/map1431/test.txt
