Path: 2443
Path Score: 4.154557675942035
Waypoints: [[1.0, 1.0, 1.0], [12.422424952449036, 7.364456284222653, 4.120550879483655], [27.392959345270903, 23.005156066345783, 14.43568391042985], [29.0, 29.0, 14.0]]
Velocity: [[0.0, 0.0, 0.0], [11.422424952449036, 6.364456284222653, 3.1205508794836554], [14.970534392821866, 15.64069978212313, 10.315133030946194], [1.6070406547290972, 5.9948439336542165, -0.4356839104298498]]
Attitude: [[0.0, 0.0, 0.0], [0.5554007765856399, 1.0776065097557235, 1.3365284239372268], [0.8966471716382604, 0.8603436389220852, 1.1261766654663123], [1.309541788024109, 0.27091869121991397, 1.6408792813009851]]
Save Location: maps/map1920/test.txt
