Path: 1296
Path Score: 4.303639472577281
Waypoints: [[1.0, 1.0, 1.0], [11.681123338592288, 14.089788280863255, 4.111381059339743], [21.79639181727039, 14.477895924297679, 6.70148367285092], [29.0, 29.0, 14.0]]
Velocity: [[0.0, 0.0, 0.0], [10.681123338592288, 13.089788280863255, 3.1113810593397426], [10.115268478678102, 0.3881076434344237, 2.5901026135111778], [7.20360818272961, 14.522104075702321, 7.29851632714908]]
Attitude: [[0.0, 0.0, 0.0], [0.8998039769895753, 0.7044384319041941, 1.3886732407031834], [0.2533537145853898, 1.5336441119171877, 1.3203002189421946], [1.1535972127018381, 0.6148409412743631, 1.1477501781583583]]
Save Location: maps/map836/test.txt
