Path: 938
Path Score: 4.121031529040051
Waypoints: [[1.0, 1.0, 1.0], [7.03200889148945, 11.212381035806049, 2.4091861245466912], [15.44249175683154, 18.284183195920107, 9.161844399110448], [29.0, 29.0, 14.0]]
Velocity: [[0.0, 0.0, 0.0], [6.03200889148945, 10.212381035806049, 1.4091861245466912], [8.41048286534209, 7.071802160114059, 6.752658274563757], [13.55750824316846, 10.715816804079893, 4.838155600889552]]
Attitude: [[0.0, 0.0, 0.0], [1.0413956223611207, 0.5452295055399751, 1.4525400011168248], [0.860441547076765, 0.9904557188738108, 1.01976739496706], [0.714409075190648, 0.9308782745117469, 1.2978165450117953]]
Save Location: maps/map2126/test.txt
