Path: 1860
Path Score: 4.244601063573327
Waypoints: [[1.0, 1.0, 1.0], [5.142904841761517, 4.732071187514425, 9.090826078056057], [18.295648198935922, 21.67677091998945, 14.790388562251113], [29.0, 29.0, 14.0]]
Velocity: [[0.0, 0.0, 0.0], [4.142904841761517, 3.732071187514425, 8.090826078056057], [13.152743357174405, 16.944699732475026, 5.699562484195056], [10.704351801064078, 7.323229080010549, -0.7903885622511133]]
Attitude: [[0.0, 0.0, 0.0], [1.1355654236864037, 1.1812058528805445, 0.6034260736599171], [0.9365026670664064, 0.7021447774848089, 1.3110877349531775], [0.6027006201753293, 0.9720633967168617, 1.6316622645059446]]
Save Location: maps/map1228/test.txt
