Path: 642
Path Score: 4.201548787602155
Waypoints: [[1.0, 1.0, 1.0], [12.65259495451803, 15.504691539838976, 1.3902173466937446], [22.48463544099993, 22.910796544751268, 5.995441400636155], [29.0, 29.0, 14.0]]
Velocity: [[0.0, 0.0, 0.0], [11.65259495451803, 14.504691539838976, 0.39021734669374464], [9.832040486481901, 7.406105004912291, 4.60522405394241], [6.515364559000069, 6.089203455248732, 8.004558599363845]]
Attitude: [[0.0, 0.0, 0.0], [0.8941821376993422, 0.6770644370273821, 1.5498263094141658], [0.7255936568149647, 0.972156049767214, 1.2127930781215877], [0.9959567092637175, 1.0377754035517597, 0.8393162236524304]]
Save Location: maps/map1552/test.txt
