Path: 1713
Path Score: 4.29260119917433
Waypoints: [[1.0, 1.0, 1.0], [10.805725952785512, 11.283487147150078, 0.7484718343695662], [17.89500835598713, 12.238417992478578, 7.134004137824853], [29.0, 29.0, 14.0]]
Velocity: [[0.0, 0.0, 0.0], [9.805725952785512, 10.283487147150078, -0.2515281656304338], [7.089282403201619, 0.9549308453284997, 6.385532303455287], [11.10499164401287, 16.761582007521422, 6.865995862175147]]
Attitude: [[0.0, 0.0, 0.0], [0.8093250089126587, 0.7617849255869302, 1.5884962164824006], [0.7387208763509124, 1.471042689435482, 0.8420466204674336], [1.0208116603536068, 0.6617621353055158, 1.2417305692240037]]
Save Location: maps/map914/test.txt
