Path: 65
Path Score: 4.477202370940745
Waypoints: [[1.0, 1.0, 1.0], [6.844542921659472, 12.575654287568902, 0.7512941296865822], [8.771088292754062, 26.539304194177095, 7.14949085870386], [29.0, 29.0, 14.0]]
Velocity: [[0.0, 0.0, 0.0], [5.844542921659472, 11.575654287568902, -0.24870587031341784], [1.9265453710945897, 13.963649906608193, 6.398196729017278], [20.22891170724594, 2.4606958058229047, 6.85050914129614]]
Attitude: [[0.0, 0.0, 0.0], [1.103329579532339, 0.4679236243581791, 1.5899732357353402], [1.4460193820306702, 0.4463203496777505, 1.1447005737495473], [0.3454083995920205, 1.4560869507378023, 1.2464936894313159]]
Save Location: maps/map159/test.txt
