Path: 399
Path Score: 4.212406333679191
Waypoints: [[1.0, 1.0, 1.0], [8.23561037690084, 4.511685430060676, 8.33124458240136], [17.89500835598713, 12.238417992478578, 7.134004137824853], [29.0, 29.0, 14.0]]
Velocity: [[0.0, 0.0, 0.0], [7.235610376900841, 3.511685430060676, 7.331244582401361], [9.65939797908629, 7.726732562417902, -1.197240444576508], [11.10499164401287, 16.761582007521422, 6.865995862175147]]
Attitude: [[0.0, 0.0, 0.0], [0.8434728410597166, 1.2422312953632766, 0.8316455994328315], [0.6804852416884805, 0.8998202318270426, 1.6672849095267817], [1.0208116603536068, 0.6617621353055158, 1.2417305692240037]]
Save Location: maps/map1452/test.txt
