Path: 1595
Path Score: 4.040858930012748
Waypoints: [[1.0, 1.0, 1.0], [5.1328300726842055, 6.167067988359742, 4.338023583503114], [13.095324436113561, 15.033365545267669, 6.706312039110363], [29.0, 29.0, 14.0]]
Velocity: [[0.0, 0.0, 0.0], [4.1328300726842055, 5.167067988359742, 3.338023583503114], [7.9624943634293555, 8.866297556907927, 2.3682884556072494], [15.904675563886439, 13.966634454732331, 7.293687960889637]]
Attitude: [[0.0, 0.0, 0.0], [0.9792202736645594, 0.799275207152919, 1.1035589735254734], [0.8561478978673172, 0.752855756144482, 1.374618782952524], [0.7807156099511975, 0.8971446612687055, 1.2389541045829986]]
Save Location: maps/map2442/test.txt
