Path: 421
Path Score: 4.125977672351283
Waypoints: [[1.0, 1.0, 1.0], [8.23561037690084, 4.511685430060676, 8.33124458240136], [24.29282605726432, 17.273783965333514, 9.528106741585457], [29.0, 29.0, 14.0]]
Velocity: [[0.0, 0.0, 0.0], [7.235610376900841, 3.511685430060676, 7.331244582401361], [16.05721568036348, 12.762098535272838, 1.1968621591840964], [4.707173942735679, 11.726216034666486, 4.471893258414543]]
Attitude: [[0.0, 0.0, 0.0], [0.8434728410597166, 1.2422312953632766, 0.8316455994328315], [0.6736891487865013, 0.9005898434189918, 1.512510503384925], [1.2119605623526288, 0.5056733733733509, 1.2306436859371142]]
Save Location: maps/map2100/test.txt
