Path: 1699
Path Score: 4.402202985678526
Waypoints: [[1.0, 1.0, 1.0], [1.4862613186235762, 5.302297197202417, 9.54279168299124], [9.833184348662794, 7.49990030059201, 14.292253637188676], [29.0, 29.0, 14.0]]
Velocity: [[0.0, 0.0, 0.0], [0.48626131862357624, 4.302297197202417, 8.54279168299124], [8.346923030039218, 2.197603103389593, 4.749461954197436], [19.166815651337206, 21.50009969940799, -0.2922536371886757]]
Attitude: [[0.0, 0.0, 0.0], [1.520002440634727, 1.1049085373684124, 0.46909167611999897], [0.5600124710196279, 1.345837588521723, 1.067756796962792], [0.8427567005134493, 0.7281432487926576, 1.5809425666442078]]
Save Location: maps/map355/test.txt
