Path: 521
Path Score: 4.1795465938591425
Waypoints: [[1.0, 1.0, 1.0], [9.981785049321614, 2.094242845092411, 3.906087432644374], [17.21982023619961, 8.006705393204069, 10.081471535117235], [29.0, 29.0, 14.0]]
Velocity: [[0.0, 0.0, 0.0], [8.981785049321614, 1.094242845092411, 2.906087432644374], [7.238035186877996, 5.912462548111657, 6.175384102472861], [11.78017976380039, 20.99329460679593, 3.9185284648827654]]
Attitude: [[0.0, 0.0, 0.0], [0.33286566125405836, 1.4553984883962245, 1.2600245384619229], [0.8682728965813, 1.0147754792314267, 0.986896430298483], [1.0667154657863167, 0.5340499258370055, 1.4094321512942536]]
Save Location: maps/map1730/test.txt
