Path: 1630
Path Score: 4.175571744275475
Waypoints: [[1.0, 1.0, 1.0], [10.36013664890983, 5.847929453477029, 2.4421408215587084], [25.752844741997475, 11.22365858767903, 10.0403064910286], [29.0, 29.0, 14.0]]
Velocity: [[0.0, 0.0, 0.0], [9.36013664890983, 4.847929453477029, 1.4421408215587084], [15.392708093087645, 5.375729134202, 7.598165669469892], [3.2471552580025254, 17.77634141232097, 3.9596935089714]]
Attitude: [[0.0, 0.0, 0.0], [0.49541529610661705, 1.0976792558885609, 1.4348290922750935], [0.5438484612090194, 1.2673070644624431, 1.13470120175699], [1.39435302498806, 0.28047766201905855, 1.355080829085384]]
Save Location: maps/map1762/test.txt
