Path: 1917
Path Score: 4.086190503437077
Waypoints: [[1.0, 1.0, 1.0], [8.469661386104097, 5.59096684474812, 2.5279558793890997], [14.68158349565293, 13.843237883893032, 6.016948201033536], [29.0, 29.0, 14.0]]
Velocity: [[0.0, 0.0, 0.0], [7.469661386104097, 4.59096684474812, 1.5279558793890997], [6.2119221095488335, 8.252271039144912, 3.488992321644436], [14.31841650434707, 15.156762116106968, 7.983051798966464]]
Attitude: [[0.0, 0.0, 0.0], [0.5747996990566772, 1.0288000156137393, 1.3982583619310816], [0.9645596832721147, 0.7121991260995093, 1.245043268099401], [0.8745806038813252, 0.824576452033356, 1.2051434100274334]]
Save Location: maps/map2304/test.txt
