Path: 2280
Path Score: 4.203948724532621
Waypoints: [[1.0, 1.0, 1.0], [4.608820246079843, 7.120273707001329, 9.286680001717013], [15.44249175683154, 18.284183195920107, 9.161844399110448], [29.0, 29.0, 14.0]]
Velocity: [[0.0, 0.0, 0.0], [3.6088202460798433, 6.120273707001329, 8.286680001717013], [10.833671510751696, 11.16390948891878, -0.12483560260656468], [13.55750824316846, 10.715816804079893, 4.838155600889552]]
Attitude: [[0.0, 0.0, 0.0], [1.233845257898589, 0.9755770124671417, 0.7087760394342274], [0.8004407472163239, 0.7704200005052279, 1.5788208692377694], [0.714409075190648, 0.9308782745117469, 1.2978165450117953]]
Save Location: maps/map1526/test.txt
