Path: 1747
Path Score: 4.321888811031998
Waypoints: [[1.0, 1.0, 1.0], [10.805725952785512, 11.283487147150078, 0.7484718343695662], [15.400672772919897, 26.69900395650807, 5.879479941270359], [29.0, 29.0, 14.0]]
Velocity: [[0.0, 0.0, 0.0], [9.805725952785512, 10.283487147150078, -0.2515281656304338], [4.5949468201343855, 15.41551680935799, 5.131008106900794], [13.599327227080103, 2.3009960434919314, 8.12052005872964]]
Attitude: [[0.0, 0.0, 0.0], [0.8093250089126587, 0.7617849255869302, 1.5884962164824006], [1.295176446831448, 0.4201936148063188, 1.2620204795579644], [0.5554547236335042, 1.4265344991304623, 1.0386836664292136]]
Save Location: maps/map726/test.txt
