Path: 470
Path Score: 4.361397625217444
Waypoints: [[1.0, 1.0, 1.0], [11.29885047226655, 13.922680563011099, 6.0742347128672325], [14.201298455250685, 22.98387750158817, 5.257885864403107], [29.0, 29.0, 14.0]]
Velocity: [[0.0, 0.0, 0.0], [10.29885047226655, 12.922680563011099, 5.0742347128672325], [2.9024479829841354, 9.061196938577073, -0.8163488484641253], [14.798701544749315, 6.0161224984118284, 8.742114135596893]]
Attitude: [[0.0, 0.0, 0.0], [0.932550665210745, 0.7263919285052141, 1.2728643435485965], [1.261978899839153, 0.321220875958456, 1.6563854243390017], [0.622111751572226, 1.2341041498642775, 1.070072352441417]]
Save Location: maps/map516/test.txt
