Path: 245
Path Score: 4.172004926218303
Waypoints: [[1.0, 1.0, 1.0], [10.236205802881091, 6.726958385030271, 8.616461550781413], [16.72641038031882, 15.264827052821502, 13.846194206338602], [29.0, 29.0, 14.0]]
Velocity: [[0.0, 0.0, 0.0], [9.236205802881091, 5.726958385030271, 7.616461550781413], [6.49020457743773, 8.53786866779123, 5.229732655557189], [12.273589619681179, 13.735172947178498, 0.15380579366139813]]
Attitude: [[0.0, 0.0, 0.0], [0.801018365502451, 1.1245932303302049, 0.9595076706588436], [0.9956693024130936, 0.7733776583704367, 1.1170879316129445], [0.8415660736191315, 0.7293004114667039, 1.5624465811421142]]
Save Location: maps/map1792/test.txt
