Path: 804
Path Score: 4.171986978647359
Waypoints: [[1.0, 1.0, 1.0], [4.844954787942095, 14.493280729732227, 5.905721797057641], [16.562231948918217, 23.36225528971405, 10.468909590942717], [29.0, 29.0, 14.0]]
Velocity: [[0.0, 0.0, 0.0], [3.844954787942095, 13.493280729732227, 4.905721797057641], [11.717277160976122, 8.868974559981822, 4.563187793885076], [12.437768051081783, 5.637744710285951, 3.531090409057283]]
Attitude: [[0.0, 0.0, 0.0], [1.3091332202726853, 0.43273101466224884, 1.2344339666278068], [0.7052046453711381, 0.956511454489684, 1.269717068253976], [0.4911333101171544, 1.159608420333512, 1.31776151037235]]
Save Location: maps/map1793/test.txt
