Path: 1390
Path Score: 4.5258684057736875
Waypoints: [[1.0, 1.0, 1.0], [2.1166871798879825, 7.959406805005861, 2.641112218552253], [5.252787028354166, 24.72506301632065, 12.334564606653116], [29.0, 29.0, 14.0]]
Velocity: [[0.0, 0.0, 0.0], [1.1166871798879825, 6.959406805005861, 1.6411122185522529], [3.1360998484661833, 16.76565621131479, 9.693452388100862], [23.747212971645833, 4.27493698367935, 1.6654353933468844]]
Attitude: [[0.0, 0.0, 0.0], [1.4158739947349994, 0.27784815422419984, 1.3420381855188857], [1.410253326962913, 0.546046704333542, 1.053999704521482], [0.19084584368162924, 1.3931127658368567, 1.5018832732734082]]
Save Location: maps/map74/test.txt
