Path: 2174
Path Score: 4.093317933935298
Waypoints: [[1.0, 1.0, 1.0], [5.839689469355285, 6.231079992564079, 1.4400139470819306], [24.80078989068509, 16.52228778449424, 8.560347909072977], [29.0, 29.0, 14.0]]
Velocity: [[0.0, 0.0, 0.0], [4.839689469355285, 5.231079992564079, 0.44001394708193065], [18.961100421329803, 10.291207791930159, 7.120333961991046], [4.199210109314912, 12.477712215505761, 5.439652090927023]]
Attitude: [[0.0, 0.0, 0.0], [0.8259996858182699, 0.748605830934555, 1.5091311358387776], [0.5833726420303631, 1.1006828335924144, 1.252008904128079], [1.2715632840353657, 0.5034073100322944, 1.1789804677621314]]
Save Location: maps/map2278/test.txt
