Path: 1405
Path Score: 4.479395970155895
Waypoints: [[1.0, 1.0, 1.0], [2.1166871798879825, 7.959406805005861, 2.641112218552253], [6.182946964185052, 24.399637540719603, 12.353833088001682], [29.0, 29.0, 14.0]]
Velocity: [[0.0, 0.0, 0.0], [1.1166871798879825, 6.959406805005861, 1.6411122185522529], [4.06625978429707, 16.44023073571374, 9.712720869449429], [22.817053035814947, 4.600362459280397, 1.6461669119983178]]
Attitude: [[0.0, 0.0, 0.0], [1.4158739947349994, 0.27784815422419984, 1.3420381855188857], [1.3609811918284644, 0.5696497848553491, 1.050084046369461], [0.2109530550983087, 1.3723463749952485, 1.5001906908246303]]
Save Location: maps/map154/test.txt
