Path: 1443
Path Score: 4.458013518208328
Waypoints: [[1.0, 1.0, 1.0], [10.074445050749116, 1.0357225832720962, 9.412027835082272], [13.095324436113561, 15.033365545267669, 6.706312039110363], [29.0, 29.0, 14.0]]
Velocity: [[0.0, 0.0, 0.0], [9.074445050749116, 0.03572258327209621, 8.412027835082272], [3.020879385364445, 13.997642961995574, -2.7057157959719085], [15.904675563886439, 13.966634454732331, 7.293687960889637]]
Attitude: [[0.0, 0.0, 0.0], [0.7475390695972799, 1.5679093516700198, 0.8232656157544957], [1.3619935277248683, 0.2820020852848294, 1.7575426044317342], [0.7807156099511975, 0.8971446612687055, 1.2389541045829986]]
Save Location: maps/map199/test.txt
