Path: 1922
Path Score: 4.051261954307724
Waypoints: [[1.0, 1.0, 1.0], [8.469661386104097, 5.59096684474812, 2.5279558793890997], [17.142077840697404, 12.866671640253438, 8.671369517017055], [29.0, 29.0, 14.0]]
Velocity: [[0.0, 0.0, 0.0], [7.469661386104097, 4.59096684474812, 1.5279558793890997], [8.672416454593307, 7.275704795505318, 6.143413637627956], [11.857922159302596, 16.133328359746564, 5.328630482982945]]
Attitude: [[0.0, 0.0, 0.0], [0.5747996990566772, 1.0288000156137393, 1.3982583619310816], [0.8320835170993937, 0.9704910084857096, 1.0735786188851288], [0.9614723836846367, 0.6782653453057865, 1.3106912242211473]]
Save Location: maps/map2422/test.txt
