Path: 919
Path Score: 4.3113527596940076
Waypoints: [[1.0, 1.0, 1.0], [7.363766588778974, 0.518530266354752, 10.190548616200227], [19.70415101856637, 13.671074305937509, 12.81372080915123], [29.0, 29.0, 14.0]]
Velocity: [[0.0, 0.0, 0.0], [6.363766588778974, -0.48146973364524803, 9.190548616200227], [12.340384429787397, 13.152544039582757, 2.623172192951003], [9.295848981433629, 15.328925694062491, 1.1862791908487704]]
Attitude: [[0.0, 0.0, 0.0], [0.9658135015594402, 1.6138399388547588, 0.6069604064989591], [0.8269708086071588, 0.7645836858470225, 1.4263631144489686], [1.0269884977688475, 0.548718444626354, 1.5047210663746937]]
Save Location: maps/map789/test.txt
