Path: 1987
Path Score: 4.133486948904308
Waypoints: [[1.0, 1.0, 1.0], [7.908661902969909, 13.249370598681029, 5.122888052721978], [22.31107341157168, 20.857103800923483, 7.836819148340205], [29.0, 29.0, 14.0]]
Velocity: [[0.0, 0.0, 0.0], [6.908661902969909, 12.249370598681029, 4.122888052721978], [14.402411508601771, 7.6077332022424535, 2.7139310956182277], [6.68892658842832, 8.142896199076517, 6.163180851659795]]
Attitude: [[0.0, 0.0, 0.0], [1.0799032623057099, 0.5811391675180452, 1.2856207472042467], [0.5111205361431969, 1.0919929998345377, 1.4056940697228275], [0.9909241630968201, 0.8405978425021317, 1.041586930795209]]
Save Location: maps/map2053/test.txt
