Path: 1105
Path Score: 4.311894275861992
Waypoints: [[1.0, 1.0, 1.0], [6.277705044557794, 0.35330246109405494, 2.6825947684151497], [21.37719602368912, 9.949716679064863, 4.7913485664080095], [29.0, 29.0, 14.0]]
Velocity: [[0.0, 0.0, 0.0], [5.277705044557794, -0.6466975389059451, 1.6825947684151497], [15.099490979131325, 9.596414217970809, 2.10875379799286], [7.62280397631088, 19.050283320935137, 9.20865143359199]]
Attitude: [[0.0, 0.0, 0.0], [0.32912608513099045, 1.687014641004876, 1.264321452563771], [0.5768735269117063, 1.0090128138069114, 1.453470529202162], [1.2250112780670668, 0.5604061128902759, 1.1489479963675138]]
Save Location: maps/map784/test.txt
