Path: 2426
Path Score: 4.057609758742867
Waypoints: [[1.0, 1.0, 1.0], [12.422424952449036, 7.364456284222653, 4.120550879483655], [21.391366360934747, 19.016584990160858, 9.132275513596717], [29.0, 29.0, 14.0]]
Velocity: [[0.0, 0.0, 0.0], [11.422424952449036, 6.364456284222653, 3.1205508794836554], [8.96894140848571, 11.652128705938205, 5.011724634113062], [7.608633639065253, 9.983415009839142, 4.867724486403283]]
Attitude: [[0.0, 0.0, 0.0], [0.5554007765856399, 1.0776065097557235, 1.3365284239372268], [0.9553249206798151, 0.7226373847610931, 1.2423087636655268], [0.9701837951063373, 0.7354334851728955, 1.20085483013767]]
Save Location: maps/map2405/test.txt
