Path: 19
Path Score: 4.123692464387126
Waypoints: [[1.0, 1.0, 1.0], [8.883832853990807, 7.619820070167713, 5.821889119101872], [26.287300151641748, 16.492398494138193, 13.77497605122596], [29.0, 29.0, 14.0]]
Velocity: [[0.0, 0.0, 0.0], [7.883832853990807, 6.619820070167713, 4.821889119101872], [17.40346729765094, 8.87257842397048, 7.953086932124087], [2.712699848358252, 12.507601505861807, 0.22502394877404086]]
Attitude: [[0.0, 0.0, 0.0], [0.8044304960935175, 0.9492050844908356, 1.1327513067607105], [0.6003499014307632, 1.1366135591052593, 1.1841613232473467], [1.3572535290988061, 0.21428765206758904, 1.553215933347118]]
Save Location: maps/map2110/test.txt
