Path: 1709
Path Score: 4.352208572262882
Waypoints: [[1.0, 1.0, 1.0], [10.805725952785512, 11.283487147150078, 0.7484718343695662], [16.099219207665964, 27.89490647639769, 5.59854808283707], [29.0, 29.0, 14.0]]
Velocity: [[0.0, 0.0, 0.0], [9.805725952785512, 10.283487147150078, -0.2515281656304338], [5.2934932548804525, 16.61141932924761, 4.850076248467504], [12.900780792334036, 1.10509352360231, 8.40145191716293]]
Attitude: [[0.0, 0.0, 0.0], [0.8093250089126587, 0.7617849255869302, 1.5884962164824006], [1.273940881474718, 0.4079523184270723, 1.299467654269029], [0.5811724924217351, 1.4991378965241768, 0.9952231590134955]]
Save Location: maps/map569/test.txt
