Path: 1730
Path Score: 4.157993678892437
Waypoints: [[1.0, 1.0, 1.0], [10.805725952785512, 11.283487147150078, 0.7484718343695662], [22.592720703848663, 25.526803242435573, 12.228206346267022], [29.0, 29.0, 14.0]]
Velocity: [[0.0, 0.0, 0.0], [9.805725952785512, 10.283487147150078, -0.2515281656304338], [11.786994751063151, 14.243316095285495, 11.479734511897457], [6.407279296151337, 3.473196757564427, 1.7717936537329777]]
Attitude: [[0.0, 0.0, 0.0], [0.8093250089126587, 0.7617849255869302, 1.5884962164824006], [0.9984224138854394, 0.857274456151724, 1.0151293084240374], [0.5466676487799201, 1.0893405550292934, 1.3323147563268598]]
Save Location: maps/map1893/test.txt
