Path: 1409
Path Score: 4.355187227060595
Waypoints: [[1.0, 1.0, 1.0], [10.074445050749116, 1.0357225832720962, 9.412027835082272], [17.189475107527144, 6.123320838397045, 11.315568873473534], [29.0, 29.0, 14.0]]
Velocity: [[0.0, 0.0, 0.0], [9.074445050749116, 0.03572258327209621, 8.412027835082272], [7.1150300567780285, 5.087598255124949, 1.9035410383912623], [11.810524892472856, 22.876679161602954, 2.6844311265264658]]
Attitude: [[0.0, 0.0, 0.0], [0.7475390695972799, 1.5679093516700198, 0.8232656157544957], [0.6520604647711946, 0.9663015889227907, 1.3565115485488903], [1.0969999474799046, 0.4869188424541576, 1.4669037812398578]]
Save Location: maps/map552/test.txt
