Path: 322
Path Score: 4.137649914821222
Waypoints: [[1.0, 1.0, 1.0], [11.62421921707525, 9.637940007438962, 4.108292062461251], [20.225861212634335, 15.04532595668622, 11.643310714362196], [29.0, 29.0, 14.0]]
Velocity: [[0.0, 0.0, 0.0], [10.62421921707525, 8.637940007438962, 3.108292062461251], [8.601641995559085, 5.407385949247258, 7.535018651900945], [8.774138787365665, 13.95467404331378, 2.3566892856378043]]
Attitude: [[0.0, 0.0, 0.0], [0.7126112608988734, 0.9081638967287853, 1.3475745118170808], [0.823020341949178, 1.1290870816800167, 0.9326756201809523], [1.0158144950798451, 0.5771097040965634, 1.4287893660504631]]
Save Location: maps/map2017/test.txt
