Path: 876
Path Score: 4.2438998184306
Waypoints: [[1.0, 1.0, 1.0], [13.622214221490246, 10.560085107867, 6.307093757900562], [19.70415101856637, 13.671074305937509, 12.81372080915123], [29.0, 29.0, 14.0]]
Velocity: [[0.0, 0.0, 0.0], [12.622214221490246, 9.560085107867, 5.307093757900562], [6.081936797076125, 3.1109891980705093, 6.506627051250668], [9.295848981433629, 15.328925694062491, 1.1862791908487704]]
Attitude: [[0.0, 0.0, 0.0], [0.7138698155414545, 0.9612815674177257, 1.2473929819737224], [0.8702073377685055, 1.2347511818276267, 0.8097437317231444], [1.0269884977688475, 0.548718444626354, 1.5047210663746937]]
Save Location: maps/map1236/test.txt
