Path: 1352
Path Score: 4.471469484869839
Waypoints: [[1.0, 1.0, 1.0], [2.1166871798879825, 7.959406805005861, 2.641112218552253], [5.476426590449544, 24.792019982761524, 11.928629304707748], [29.0, 29.0, 14.0]]
Velocity: [[0.0, 0.0, 0.0], [1.1166871798879825, 6.959406805005861, 1.6411122185522529], [3.359739410561562, 16.83261317775566, 9.287517086155495], [23.523573409550455, 4.2079800172384765, 2.071370695292252]]
Attitude: [[0.0, 0.0, 0.0], [1.4158739947349994, 0.27784815422419984, 1.3420381855188857], [1.3977833007954925, 0.5306195751015954, 1.0748238412451037], [0.19680087071921654, 1.3944532215503482, 1.4843332485331382]]
Save Location: maps/map173/test.txt
