Path: 158
Path Score: 4.3907871854502964
Waypoints: [[1.0, 1.0, 1.0], [0.8689948832512862, 4.64282219210965, 7.776103442790986], [7.279071891786115, 11.99037003440958, 7.619831722996372], [29.0, 29.0, 14.0]]
Velocity: [[0.0, 0.0, 0.0], [-0.13100511674871385, 3.6428221921096497, 6.776103442790986], [6.410077008534829, 7.34754784229993, -0.1562717197946144], [21.720928108213883, 17.00962996559042, 6.380168277003628]]
Attitude: [[0.0, 0.0, 0.0], [1.5878233126910848, 1.077602275761293, 0.4935415452562085], [0.8535469134302816, 0.7175085993383806, 1.5868217237718414], [0.6965306287146221, 0.9264280075600023, 1.343529922060246]]
Save Location: maps/map391/test.txt
