Path: 2171
Path Score: 4.0816418685459865
Waypoints: [[1.0, 1.0, 1.0], [5.839689469355285, 6.231079992564079, 1.4400139470819306], [13.622214221490246, 10.560085107867, 6.307093757900562], [29.0, 29.0, 14.0]]
Velocity: [[0.0, 0.0, 0.0], [4.839689469355285, 5.231079992564079, 0.44001394708193065], [7.782524752134961, 4.3290051153029205, 4.867079810818631], [15.377785778509754, 18.439914892133, 7.692906242099438]]
Attitude: [[0.0, 0.0, 0.0], [0.8259996858182699, 0.748605830934555, 1.5091311358387776], [0.6968803560351614, 1.1301137651277762, 1.0706249768373262], [0.914838330820967, 0.7504678954034324, 1.2607334357451414]]
Save Location: maps/map2317/test.txt
