Path: 1774
Path Score: 4.162810123112568
Waypoints: [[1.0, 1.0, 1.0], [5.8300877579373775, 12.986927175779844, 2.2883830638241456], [16.596716632096093, 19.215720704642216, 5.13918037419731], [29.0, 29.0, 14.0]]
Velocity: [[0.0, 0.0, 0.0], [4.8300877579373775, 11.986927175779844, 1.2883830638241456], [10.766628874158716, 6.228793528862372, 2.8507973103731645], [12.403283367903907, 9.784279295357784, 8.86081962580269]]
Attitude: [[0.0, 0.0, 0.0], [1.1897394258126446, 0.3951048953544142, 1.471431398260883], [0.566642287420293, 1.0608750079186828, 1.3454973679817603], [0.816514821634672, 1.0001521739681158, 1.059633768091095]]
Save Location: maps/map1866/test.txt
