Path: 1789
Path Score: 4.1855693121165825
Waypoints: [[1.0, 1.0, 1.0], [5.8300877579373775, 12.986927175779844, 2.2883830638241456], [14.46706287539074, 21.68231868352074, 5.395598205098573], [29.0, 29.0, 14.0]]
Velocity: [[0.0, 0.0, 0.0], [4.8300877579373775, 11.986927175779844, 1.2883830638241456], [8.636975117453362, 8.695391507740897, 3.1072151412744278], [14.53293712460926, 7.317681316479259, 8.604401794901428]]
Attitude: [[0.0, 0.0, 0.0], [1.1897394258126446, 0.3951048953544142, 1.471431398260883], [0.8187870086162861, 0.8124418294016414, 1.3224999273389262], [0.6606967282577116, 1.161934980212726, 1.0843680323639853]]
Save Location: maps/map1682/test.txt
