Path: 955
Path Score: 4.134012237483402
Waypoints: [[1.0, 1.0, 1.0], [7.03200889148945, 11.212381035806049, 2.4091861245466912], [25.82242157098592, 26.583335307071817, 8.735195019153062], [29.0, 29.0, 14.0]]
Velocity: [[0.0, 0.0, 0.0], [6.03200889148945, 10.212381035806049, 1.4091861245466912], [18.79041267949647, 15.370954271265768, 6.326008894606371], [3.17757842901408, 2.416664692928183, 5.264804980846938]]
Attitude: [[0.0, 0.0, 0.0], [1.0413956223611207, 0.5452295055399751, 1.4525400011168248], [0.7242357758605846, 0.91132045495636, 1.3158830443972651], [1.0690872565574958, 1.1963461847155972, 0.6487738662809521]]
Save Location: maps/map2048/test.txt
