Path: 1006
Path Score: 4.117029713618493
Waypoints: [[1.0, 1.0, 1.0], [7.03200889148945, 11.212381035806049, 2.4091861245466912], [24.631670230844907, 23.32534168126198, 7.202000853365213], [29.0, 29.0, 14.0]]
Velocity: [[0.0, 0.0, 0.0], [6.03200889148945, 10.212381035806049, 1.4091861245466912], [17.599661339355457, 12.11296064545593, 4.792814728818522], [4.368329769155093, 5.674658318738022, 6.797999146634787]]
Attitude: [[0.0, 0.0, 0.0], [1.0413956223611207, 0.5452295055399751, 1.4525400011168248], [0.6371786163678451, 0.9845961759646695, 1.3501215291573], [1.112517585562311, 0.9585535715963122, 0.8114172061667323]]
Save Location: maps/map2153/test.txt
