Path: 607
Path Score: 4.357727503956614
Waypoints: [[1.0, 1.0, 1.0], [1.9869655009534015, 2.3470905443897805, 9.726710653669548], [19.70415101856637, 13.671074305937509, 12.81372080915123], [29.0, 29.0, 14.0]]
Velocity: [[0.0, 0.0, 0.0], [0.9869655009534015, 1.3470905443897805, 8.726710653669548], [17.71718551761297, 11.323983761547728, 3.087010155481682], [9.295848981433629, 15.328925694062491, 1.1862791908487704]]
Attitude: [[0.0, 0.0, 0.0], [1.4594850995761104, 1.4185963426785977, 0.18907565762625306], [0.5850959872932417, 1.0088487308878338, 1.4250253828340218], [1.0269884977688475, 0.548718444626354, 1.5047210663746937]]
Save Location: maps/map534/test.txt
