Path: 1262
Path Score: 4.144186133628911
Waypoints: [[1.0, 1.0, 1.0], [11.681123338592288, 14.089788280863255, 4.111381059339743], [27.54896392543646, 23.68501668390871, 10.359708634880405], [29.0, 29.0, 14.0]]
Velocity: [[0.0, 0.0, 0.0], [10.681123338592288, 13.089788280863255, 3.1113810593397426], [15.867840586844173, 9.595228403045455, 6.248327575540663], [1.4510360745635396, 5.31498331609129, 3.6402913651195945]]
Attitude: [[0.0, 0.0, 0.0], [0.8998039769895753, 0.7044384319041941, 1.3886732407031834], [0.6250798893130471, 1.0582954657044363, 1.2457876663413687], [1.3492511805320635, 0.6353347243649624, 0.9869147846242055]]
Save Location: maps/map1978/test.txt
