Path: 206
Path Score: 4.399491653160856
Waypoints: [[1.0, 1.0, 1.0], [0.1034748464100077, 6.396090427855569, 9.25430405624771], [10.752760318917543, 18.75992942067851, 14.80087523764835], [29.0, 29.0, 14.0]]
Velocity: [[0.0, 0.0, 0.0], [-0.8965251535899923, 5.396090427855569, 8.25430405624771], [10.649285472507536, 12.363838992822942, 5.54657118140064], [18.247239681082455, 10.24007057932149, -0.8008752376483503]]
Attitude: [[0.0, 0.0, 0.0], [1.6614577493511176, 0.9944855483118206, 0.5852456997051783], [0.9047317542883674, 0.7707635471565225, 1.243139853388617], [0.5126920098124623, 1.0598172007710935, 1.6090527819834075]]
Save Location: maps/map362/test.txt
