Path: 1837
Path Score: 4.257378547900087
Waypoints: [[1.0, 1.0, 1.0], [5.142904841761517, 4.732071187514425, 9.090826078056057], [26.70124871286478, 19.147010920760337, 12.70089468843873], [29.0, 29.0, 14.0]]
Velocity: [[0.0, 0.0, 0.0], [4.142904841761517, 3.732071187514425, 8.090826078056057], [21.55834387110326, 14.414939733245912, 3.6100686103826725], [2.2987512871352216, 9.852989079239663, 1.29910531156127]]
Attitude: [[0.0, 0.0, 0.0], [1.1355654236864037, 1.1812058528805445, 0.6034260736599171], [0.603507052065935, 0.9877956790231097, 1.4324809839486183], [1.3434906352786418, 0.26183169500923487, 1.4430944105763563]]
Save Location: maps/map1147/test.txt
