Path: 1383
Path Score: 4.210255568203691
Waypoints: [[1.0, 1.0, 1.0], [2.1166871798879825, 7.959406805005861, 2.641112218552253], [18.441097262136424, 17.537267266708554, 6.281086639361177], [29.0, 29.0, 14.0]]
Velocity: [[0.0, 0.0, 0.0], [1.1166871798879825, 6.959406805005861, 1.6411122185522529], [16.32441008224844, 9.577860461702693, 3.6399744208089237], [10.558902737863576, 11.462732733291446, 7.718913360638823]]
Attitude: [[0.0, 0.0, 0.0], [1.4158739947349994, 0.27784815422419984, 1.3420381855188857], [0.5605112017388061, 1.0507247322736701, 1.3807970710511823], [0.9183550643402842, 0.8511782172620342, 1.1109269665548651]]
Save Location: maps/map1471/test.txt
