Path: 1463
Path Score: 4.233200313553347
Waypoints: [[1.0, 1.0, 1.0], [1.5831056317866898, 11.289807463775418, 6.886569014408189], [14.43692874246404, 21.36894668574859, 11.322509376936443], [29.0, 29.0, 14.0]]
Velocity: [[0.0, 0.0, 0.0], [0.5831056317866898, 10.289807463775418, 5.886569014408189], [12.85382311067735, 10.079139221973172, 4.435940362528254], [14.56307125753596, 7.63105331425141, 2.677490623063557]]
Attitude: [[0.0, 0.0, 0.0], [1.5216478577442305, 0.5217422173051365, 1.0518517055369716], [0.7083817758781634, 0.9329273291944982, 1.3056199976963558], [0.5069175043207065, 1.0949344880442036, 1.4093618733327953]]
Save Location: maps/map1314/test.txt
