Path: 218
Path Score: 4.356011759622168
Waypoints: [[1.0, 1.0, 1.0], [0.1034748464100077, 6.396090427855569, 9.25430405624771], [12.699318080032214, 19.485873547121262, 13.643108962855027], [29.0, 29.0, 14.0]]
Velocity: [[0.0, 0.0, 0.0], [-0.8965251535899923, 5.396090427855569, 8.25430405624771], [12.595843233622206, 13.089783119265693, 4.388804906607318], [16.300681919967786, 9.514126452878738, 0.3568910371449725]]
Attitude: [[0.0, 0.0, 0.0], [1.6614577493511176, 0.9944855483118206, 0.5852456997051783], [0.8312000784966687, 0.7948107138207382, 1.3337422450497038], [0.5286275051045267, 1.042579273198718, 1.5518895222311728]]
Save Location: maps/map548/test.txt
