Path: 2301
Path Score: 4.199910104841624
Waypoints: [[1.0, 1.0, 1.0], [4.608820246079843, 7.120273707001329, 9.286680001717013], [20.225861212634335, 15.04532595668622, 11.643310714362196], [29.0, 29.0, 14.0]]
Velocity: [[0.0, 0.0, 0.0], [3.6088202460798433, 6.120273707001329, 8.286680001717013], [15.617040966554491, 7.925052249684891, 2.356630712645183], [8.774138787365665, 13.95467404331378, 2.3566892856378043]]
Attitude: [[0.0, 0.0, 0.0], [1.233845257898589, 0.9755770124671417, 0.7087760394342274], [0.4869079938874667, 1.1057249970087983, 1.437033727553795], [1.0158144950798451, 0.5771097040965634, 1.4287893660504631]]
Save Location: maps/map1562/test.txt
