Path: 1843
Path Score: 4.279450920324527
Waypoints: [[1.0, 1.0, 1.0], [5.142904841761517, 4.732071187514425, 9.090826078056057], [26.287300151641748, 16.492398494138193, 13.77497605122596], [29.0, 29.0, 14.0]]
Velocity: [[0.0, 0.0, 0.0], [4.142904841761517, 3.732071187514425, 8.090826078056057], [21.14439530988023, 11.760327306623768, 4.684149973169902], [2.712699848358252, 12.507601505861807, 0.22502394877404086]]
Attitude: [[0.0, 0.0, 0.0], [1.1355654236864037, 1.1812058528805445, 0.6034260736599171], [0.539452748069045, 1.0733232017690895, 1.3795610398666394], [1.3572535290988061, 0.21428765206758904, 1.553215933347118]]
Save Location: maps/map999/test.txt
