Path: 2283
Path Score: 4.318958165634424
Waypoints: [[1.0, 1.0, 1.0], [4.608820246079843, 7.120273707001329, 9.286680001717013], [16.596716632096093, 19.215720704642216, 5.13918037419731], [29.0, 29.0, 14.0]]
Velocity: [[0.0, 0.0, 0.0], [3.6088202460798433, 6.120273707001329, 8.286680001717013], [11.98789638601625, 12.095446997640888, -4.147499627519703], [12.403283367903907, 9.784279295357784, 8.86081962580269]]
Attitude: [[0.0, 0.0, 0.0], [1.233845257898589, 0.9755770124671417, 0.7087760394342274], [0.8176327384074392, 0.8091881276752544, 1.8096910733051887], [0.816514821634672, 1.0001521739681158, 1.059633768091095]]
Save Location: maps/map741/test.txt
