Path: 1624
Path Score: 4.11110286276349
Waypoints: [[1.0, 1.0, 1.0], [10.36013664890983, 5.847929453477029, 2.4421408215587084], [20.225861212634335, 15.04532595668622, 11.643310714362196], [29.0, 29.0, 14.0]]
Velocity: [[0.0, 0.0, 0.0], [9.36013664890983, 4.847929453477029, 1.4421408215587084], [9.865724563724505, 9.197396503209191, 9.201169892803488], [8.774138787365665, 13.95467404331378, 2.3566892856378043]]
Attitude: [[0.0, 0.0, 0.0], [0.49541529610661705, 1.0976792558885609, 1.4348290922750935], [0.9219833553884037, 0.9724120086973655, 0.9721322752001812], [1.0158144950798451, 0.5771097040965634, 1.4287893660504631]]
Save Location: maps/map2193/test.txt
