Path: 511
Path Score: 4.312617906637027
Waypoints: [[1.0, 1.0, 1.0], [11.29885047226655, 13.922680563011099, 6.0742347128672325], [20.24894541404868, 13.704934531749169, 10.28792228211892], [29.0, 29.0, 14.0]]
Velocity: [[0.0, 0.0, 0.0], [10.29885047226655, 12.922680563011099, 5.0742347128672325], [8.950094941782131, -0.21774603126192993, 4.213687569251688], [8.75105458595132, 15.295065468250831, 3.7120777178810798]]
Attitude: [[0.0, 0.0, 0.0], [0.932550665210745, 0.7263919285052141, 1.2728643435485965], [0.44052846251501676, 1.5928042434488427, 1.1308959611340075], [1.0633520659267364, 0.5560751825583984, 1.3631766434720947]]
Save Location: maps/map779/test.txt
