Path: 290
Path Score: 4.2057282158794544
Waypoints: [[1.0, 1.0, 1.0], [10.236205802881091, 6.726958385030271, 8.616461550781413], [17.142077840697404, 12.866671640253438, 8.671369517017055], [29.0, 29.0, 14.0]]
Velocity: [[0.0, 0.0, 0.0], [9.236205802881091, 5.726958385030271, 7.616461550781413], [6.905872037816312, 6.139713255223167, 0.05490796623564265], [11.857922159302596, 16.133328359746564, 5.328630482982945]]
Attitude: [[0.0, 0.0, 0.0], [0.801018365502451, 1.1245932303302049, 0.9595076706588436], [0.7267560494365696, 0.844075828909778, 1.564854308371899], [0.9614723836846367, 0.6782653453057865, 1.3106912242211473]]
Save Location: maps/map1505/test.txt
