Path: 1117
Path Score: 4.113751477605802
Waypoints: [[1.0, 1.0, 1.0], [7.244355243304841, 4.686769508950413, 5.732290508395203], [22.909069045040045, 10.835196024953614, 13.228528156939884], [29.0, 29.0, 14.0]]
Velocity: [[0.0, 0.0, 0.0], [6.244355243304841, 3.6867695089504133, 4.732290508395203], [15.664713801735203, 6.148426516003201, 7.496237648544681], [6.090930954959955, 18.164803975046386, 0.771471843060116]]
Attitude: [[0.0, 0.0, 0.0], [0.7653529368027897, 1.1309818444795048, 0.9925991767107255], [0.5542145954208795, 1.2305177681445378, 1.1517256178766604], [1.2475348540835867, 0.325939212643112, 1.5305508334281337]]
Save Location: maps/map2172/test.txt
