Path: 2091
Path Score: 4.565616218783222
Waypoints: [[1.0, 1.0, 1.0], [2.1051801977178286, 12.705542697858661, 1.33533427386211], [5.252787028354166, 24.72506301632065, 12.334564606653116], [29.0, 29.0, 14.0]]
Velocity: [[0.0, 0.0, 0.0], [1.1051801977178286, 11.705542697858661, 0.3353342738621099], [3.147606830636337, 12.01952031846199, 10.999230332791006], [23.747212971645833, 4.27493698367935, 1.6654353933468844]]
Attitude: [[0.0, 0.0, 0.0], [1.4766986395106851, 0.09834724994807642, 1.5422834159518], [1.3799560983334076, 0.7607324307991788, 0.8461835066407771], [0.19084584368162924, 1.3931127658368567, 1.5018832732734082]]
Save Location: maps/map40/test.txt
