Path: 2195
Path Score: 4.068275689276234
Waypoints: [[1.0, 1.0, 1.0], [5.839689469355285, 6.231079992564079, 1.4400139470819306], [21.79639181727039, 14.477895924297679, 6.70148367285092], [29.0, 29.0, 14.0]]
Velocity: [[0.0, 0.0, 0.0], [4.839689469355285, 5.231079992564079, 0.44001394708193065], [15.956702347915105, 8.2468159317336, 5.26146972576899], [7.20360818272961, 14.522104075702321, 7.29851632714908]]
Attitude: [[0.0, 0.0, 0.0], [0.8259996858182699, 0.748605830934555, 1.5091311358387776], [0.5499610270191037, 1.1145113973812395, 1.285842471718297], [1.1535972127018381, 0.6148409412743631, 1.1477501781583583]]
Save Location: maps/map2370/test.txt
