Path: 1194
Path Score: 4.137478367669057
Waypoints: [[1.0, 1.0, 1.0], [10.98841998167141, 13.67984788740044, 4.669955467169109], [27.54896392543646, 23.68501668390871, 10.359708634880405], [29.0, 29.0, 14.0]]
Velocity: [[0.0, 0.0, 0.0], [9.98841998167141, 12.67984788740044, 3.6699554671691086], [16.56054394376505, 10.00516879650827, 5.689753167711297], [1.4510360745635396, 5.31498331609129, 3.6402913651195945]]
Attitude: [[0.0, 0.0, 0.0], [0.9230317793050691, 0.698207449561829, 1.3472349331065676], [0.60737352725197, 1.0516911227089758, 1.2847881937938677], [1.3492511805320635, 0.6353347243649624, 0.9869147846242055]]
Save Location: maps/map2019/test.txt
