Path: 1715
Path Score: 4.225502497018242
Waypoints: [[1.0, 1.0, 1.0], [10.805725952785512, 11.283487147150078, 0.7484718343695662], [26.70124871286478, 19.147010920760337, 12.70089468843873], [29.0, 29.0, 14.0]]
Velocity: [[0.0, 0.0, 0.0], [9.805725952785512, 10.283487147150078, -0.2515281656304338], [15.895522760079267, 7.863523773610259, 11.952422854069164], [2.2987512871352216, 9.852989079239663, 1.29910531156127]]
Attitude: [[0.0, 0.0, 0.0], [0.8093250089126587, 0.7617849255869302, 1.5884962164824006], [0.7328571624340537, 1.1942681300711577, 0.9777511518924088], [1.3434906352786418, 0.26183169500923487, 1.4430944105763563]]
Save Location: maps/map1372/test.txt
