Path: 9
Path Score: 4.240822052804273
Waypoints: [[1.0, 1.0, 1.0], [8.883832853990807, 7.619820070167713, 5.821889119101872], [10.81745541664519, 17.765990078921153, 6.9670533080542265], [29.0, 29.0, 14.0]]
Velocity: [[0.0, 0.0, 0.0], [7.883832853990807, 6.619820070167713, 4.821889119101872], [1.9336225626543833, 10.14617000875344, 1.1451641889523545], [18.18254458335481, 11.234009921078847, 7.0329466919457735]]
Attitude: [[0.0, 0.0, 0.0], [0.8044304960935175, 0.9492050844908356, 1.1327513067607105], [1.3836384380696403, 0.2179721481449108, 1.4603760838792874], [0.6298821484480811, 1.0480294904711909, 1.2528998172006138]]
Save Location: maps/map1257/test.txt
