Path: 475
Path Score: 4.260331384248632
Waypoints: [[1.0, 1.0, 1.0], [11.29885047226655, 13.922680563011099, 6.0742347128672325], [20.225861212634335, 15.04532595668622, 11.643310714362196], [29.0, 29.0, 14.0]]
Velocity: [[0.0, 0.0, 0.0], [10.29885047226655, 12.922680563011099, 5.0742347128672325], [8.927010740367786, 1.1226453936751213, 5.569076001494963], [8.774138787365665, 13.95467404331378, 2.3566892856378043]]
Attitude: [[0.0, 0.0, 0.0], [0.932550665210745, 0.7263919285052141, 1.2728643435485965], [0.5667514436759323, 1.4645003644626557, 1.0165447966989405], [1.0158144950798451, 0.5771097040965634, 1.4287893660504631]]
Save Location: maps/map1134/test.txt
