Path: 1698
Path Score: 4.394730171333297
Waypoints: [[1.0, 1.0, 1.0], [1.4862613186235762, 5.302297197202417, 9.54279168299124], [20.24894541404868, 13.704934531749169, 10.28792228211892], [29.0, 29.0, 14.0]]
Velocity: [[0.0, 0.0, 0.0], [0.48626131862357624, 4.302297197202417, 8.54279168299124], [18.762684095425104, 8.402637334546752, 0.7451305991276804], [8.75105458595132, 15.295065468250831, 3.7120777178810798]]
Attitude: [[0.0, 0.0, 0.0], [1.520002440634727, 1.1049085373684124, 0.46909167611999897], [0.4225171695967935, 1.150035873657236, 1.534567382283869], [1.0633520659267364, 0.5560751825583984, 1.3631766434720947]]
Save Location: maps/map377/test.txt
