Path: 1067
Path Score: 4.112192188927226
Waypoints: [[1.0, 1.0, 1.0], [5.124139793286082, 11.529276214212281, 3.1169525438428494], [21.595430679697905, 24.032909211980147, 6.078853224688489], [29.0, 29.0, 14.0]]
Velocity: [[0.0, 0.0, 0.0], [4.124139793286082, 10.529276214212281, 2.1169525438428494], [16.471290886411822, 12.503632997767866, 2.9619006808456394], [7.404569320302095, 4.967090788019853, 7.921146775311511]]
Attitude: [[0.0, 0.0, 0.0], [1.2041596665548568, 0.4147337109116922, 1.3857324418142094], [0.6625036867507843, 0.9291324756912026, 1.428535450482671], [0.9009774146927041, 1.1412360805544841, 0.8444306588818015]]
Save Location: maps/map2184/test.txt
