Path: 50
Path Score: 4.126850047865858
Waypoints: [[1.0, 1.0, 1.0], [8.883832853990807, 7.619820070167713, 5.821889119101872], [27.392959345270903, 23.005156066345783, 14.43568391042985], [29.0, 29.0, 14.0]]
Velocity: [[0.0, 0.0, 0.0], [7.883832853990807, 6.619820070167713, 4.821889119101872], [18.509126491280096, 15.385335996178071, 8.613794791327978], [1.6070406547290972, 5.9948439336542165, -0.4356839104298498]]
Attitude: [[0.0, 0.0, 0.0], [0.8044304960935175, 0.9492050844908356, 1.1327513067607105], [0.7611483821585278, 0.924984197587791, 1.2271138854149921], [1.309541788024109, 0.27091869121991397, 1.6408792813009851]]
Save Location: maps/map2093/test.txt
