Path: 34
Path Score: 4.125261093163482
Waypoints: [[1.0, 1.0, 1.0], [8.883832853990807, 7.619820070167713, 5.821889119101872], [22.610660907061256, 12.829583706462888, 7.646387831785042], [29.0, 29.0, 14.0]]
Velocity: [[0.0, 0.0, 0.0], [7.883832853990807, 6.619820070167713, 4.821889119101872], [13.726828053070449, 5.2097636362951745, 1.8244987126831704], [6.389339092938744, 16.170416293537112, 6.353612168214958]]
Attitude: [[0.0, 0.0, 0.0], [0.8044304960935175, 0.9492050844908356, 1.1327513067607105], [0.3823433411138517, 1.210954037232361, 1.4471642024578033], [1.2183916059253201, 0.5083781419888332, 1.2204471921007194]]
Save Location: maps/map2102/test.txt
