Path: 740
Path Score: 4.084051334689792
Waypoints: [[1.0, 1.0, 1.0], [12.697608925444278, 6.8811022717284045, 6.207161753256], [18.987168424161545, 21.350324413129044, 10.434584031210562], [29.0, 29.0, 14.0]]
Velocity: [[0.0, 0.0, 0.0], [11.697608925444278, 5.8811022717284045, 5.207161753256], [6.289559498717267, 14.469222141400639, 4.227422277954562], [10.012831575838455, 7.649675586870956, 3.565415968789438]]
Attitude: [[0.0, 0.0, 0.0], [0.5913478455125089, 1.1402281118229445, 1.1922640516212777], [1.1755151920721798, 0.4824655390182989, 1.3089992729326558], [0.7003550436294252, 0.9469578898565721, 1.2950479413160163]]
Save Location: maps/map2309/test.txt
