Path: 1379
Path Score: 4.329254496131068
Waypoints: [[1.0, 1.0, 1.0], [2.1166871798879825, 7.959406805005861, 2.641112218552253], [18.278593753428844, 13.542675969678093, 13.490985374955708], [29.0, 29.0, 14.0]]
Velocity: [[0.0, 0.0, 0.0], [1.1166871798879825, 6.959406805005861, 1.6411122185522529], [16.16190657354086, 5.583269164672233, 10.849873156403454], [10.721406246571156, 15.457324030321907, 0.5090146250442924]]
Attitude: [[0.0, 0.0, 0.0], [1.4158739947349994, 0.27784815422419984, 1.3420381855188857], [0.6466901971975293, 1.2914738638086964, 1.0053747880883064], [0.964623337542555, 0.6069540453552669, 1.5437444202820336]]
Save Location: maps/map685/test.txt
