Path: 2125
Path Score: 4.236145696226164
Waypoints: [[1.0, 1.0, 1.0], [7.976694836660609, 10.929766397758005, 9.409001445334173], [19.70415101856637, 13.671074305937509, 12.81372080915123], [29.0, 29.0, 14.0]]
Velocity: [[0.0, 0.0, 0.0], [6.976694836660609, 9.929766397758005, 8.409001445334173], [11.727456181905762, 2.741307908179504, 3.4047193638170565], [9.295848981433629, 15.328925694062491, 1.1862791908487704]]
Attitude: [[0.0, 0.0, 0.0], [1.0786293818483852, 0.8331465441750755, 0.9648405508336908], [0.3567766033843873, 1.3499746989885697, 1.2952858886081038], [1.0269884977688475, 0.548718444626354, 1.5047210663746937]]
Save Location: maps/map1289/test.txt
