Path: 1586
Path Score: 4.025792933359502
Waypoints: [[1.0, 1.0, 1.0], [5.1328300726842055, 6.167067988359742, 4.338023583503114], [14.31024281394206, 14.397341180730484, 10.344580509492056], [29.0, 29.0, 14.0]]
Velocity: [[0.0, 0.0, 0.0], [4.1328300726842055, 5.167067988359742, 3.338023583503114], [9.177412741257854, 8.230273192370742, 6.006556925988942], [14.68975718605794, 14.602658819269516, 3.655419490507944]]
Attitude: [[0.0, 0.0, 0.0], [0.9792202736645594, 0.799275207152919, 1.1035589735254734], [0.8375858045616128, 0.927059099487148, 1.1173953697876835], [0.7976180124622528, 0.8033878261380559, 1.3961151528842315]]
Save Location: maps/map2471/test.txt
