Path: 2383
Path Score: 4.429422035304896
Waypoints: [[1.0, 1.0, 1.0], [15.603290829642386, 18.063146062168478, 0.9416043571728144], [23.319483994301677, 26.359870218632313, 2.5965935550662445], [29.0, 29.0, 14.0]]
Velocity: [[0.0, 0.0, 0.0], [14.603290829642386, 17.063146062168478, -0.05839564282718557], [7.716193164659291, 8.296724156463835, 1.6549891978934301], [5.680516005698323, 2.640129781367687, 11.403406444933756]]
Attitude: [[0.0, 0.0, 0.0], [0.8629255758540022, 0.7078775934918604, 1.5733964198307167], [0.8313578803634063, 0.7603827994073041, 1.4257542546915833], [1.118973571948786, 1.3664561183981005, 0.5023175340780199]]
Save Location: maps/map272/test.txt
