# Note +ve X is north
# Note +ve Y is West
# x, y, height
# waypoints
G: (11.0,-17.0,15)
G: (14.116278882727498,-17.611461796846775,15)
G: (17.077268678692796,-18.313077630255655,15)
G: (20.13292441119819,-19.30685274959235,15)
G: (23.518050983451474,-20.149341954938663,15)
G: (26.95364978056222,-19.288206394048643,15)
G: (29.0,-17.0,15)


# wall segments
# x1, y1, x2, y2, z
W: (40.0,-14.6,30.0,-20.6,3)
W: (30.0,-20.6,0.0,-14.6,3)
W: (0.0,-7.399999999999999,26.0,-11.4,3)
W: (26.0,-11.4,32.0,-11.4,3)
W: (32.0,-11.4,40.0,-7.399999999999999,3)


# environment settings
R: (0)
D: (1)
