Path: 6
Path Score: 4.040710071544257
Waypoints: [[1.0, 1.0, 1.0], [8.883832853990807, 7.619820070167713, 5.821889119101872], [25.428707168258946, 19.405189246924685, 11.09112041789754], [29.0, 29.0, 14.0]]
Velocity: [[0.0, 0.0, 0.0], [7.883832853990807, 6.619820070167713, 4.821889119101872], [16.54487431426814, 11.785369176756973, 5.269231298795669], [3.5712928317410544, 9.594810753075315, 2.9088795821024593]]
Attitude: [[0.0, 0.0, 0.0], [0.8044304960935175, 0.9492050844908356, 1.1327513067607105], [0.6626019006628451, 0.974484155803454, 1.3169914483117482], [1.228608075856676, 0.4475659367165343, 1.29396325921033]]
Save Location: maps/map2444/test.txt
