Path: 841
Path Score: 4.456144180152286
Waypoints: [[1.0, 1.0, 1.0], [4.844954787942095, 14.493280729732227, 5.905721797057641], [13.095324436113561, 15.033365545267669, 6.706312039110363], [29.0, 29.0, 14.0]]
Velocity: [[0.0, 0.0, 0.0], [3.844954787942095, 13.493280729732227, 4.905721797057641], [8.250369648171466, 0.5400848155354421, 0.8005902420527224], [15.904675563886439, 13.966634454732331, 7.293687960889637]]
Attitude: [[0.0, 0.0, 0.0], [1.3091332202726853, 0.43273101466224884, 1.2344339666278068], [0.1165228117314761, 1.5057324415093818, 1.4742676145978186], [0.7807156099511975, 0.8971446612687055, 1.2389541045829986]]
Save Location: maps/map202/test.txt
