Path: 2036
Path Score: 4.266779269636981
Waypoints: [[1.0, 1.0, 1.0], [1.6574939373145603, 7.640942564656317, 6.853106441814953], [11.922439956495857, 17.336683693731057, 5.215453288665816], [29.0, 29.0, 14.0]]
Velocity: [[0.0, 0.0, 0.0], [0.6574939373145603, 6.640942564656317, 5.853106441814953], [10.264946019181297, 9.69574112907474, -1.6376531531491372], [17.077560043504143, 11.663316306268943, 8.784546711334183]]
Attitude: [[0.0, 0.0, 0.0], [1.4966576018134188, 0.7255359120981532, 0.8507902510389312], [0.7639130786618257, 0.8201776093828935, 1.6862609348559665], [0.7073929618515384, 1.0250094498144648, 1.169113814241912]]
Save Location: maps/map1077/test.txt
