Path: 1266
Path Score: 4.3660150212215765
Waypoints: [[1.0, 1.0, 1.0], [11.681123338592288, 14.089788280863255, 4.111381059339743], [14.43692874246404, 21.36894668574859, 11.322509376936443], [29.0, 29.0, 14.0]]
Velocity: [[0.0, 0.0, 0.0], [10.681123338592288, 13.089788280863255, 3.1113810593397426], [2.7558054038717525, 7.279158404885335, 7.2111283175967005], [14.56307125753596, 7.63105331425141, 2.677490623063557]]
Attitude: [[0.0, 0.0, 0.0], [0.8998039769895753, 0.7044384319041941, 1.3886732407031834], [1.3080574979499473, 0.8147658647020997, 0.82354211540544], [0.5069175043207065, 1.0949344880442036, 1.4093618733327953]]
Save Location: maps/map490/test.txt
