Path: 1358
Path Score: 4.2264016606977615
Waypoints: [[1.0, 1.0, 1.0], [2.1166871798879825, 7.959406805005861, 2.641112218552253], [16.060622627406442, 22.284008548073043, 8.655570821620126], [29.0, 29.0, 14.0]]
Velocity: [[0.0, 0.0, 0.0], [1.1166871798879825, 6.959406805005861, 1.6411122185522529], [13.94393544751846, 14.324601743067182, 6.014458603067872], [12.939377372593558, 6.715991451926957, 5.344429178379874]]
Attitude: [[0.0, 0.0, 0.0], [1.4158739947349994, 0.27784815422419984, 1.3420381855188857], [0.8393514242642343, 0.8145711597382518, 1.2785479471185655], [0.5856835745155158, 1.123499545747589, 1.2194127759243851]]
Save Location: maps/map1363/test.txt
