Path: 1933
Path Score: 4.177976053300894
Waypoints: [[1.0, 1.0, 1.0], [7.908661902969909, 13.249370598681029, 5.122888052721978], [25.428707168258946, 19.405189246924685, 11.09112041789754], [29.0, 29.0, 14.0]]
Velocity: [[0.0, 0.0, 0.0], [6.908661902969909, 12.249370598681029, 4.122888052721978], [17.520045265289035, 6.155818648243656, 5.968232365175563], [3.5712928317410544, 9.594810753075315, 2.9088795821024593]]
Attitude: [[0.0, 0.0, 0.0], [1.0799032623057099, 0.5811391675180452, 1.2856207472042467], [0.4551185651813958, 1.2497143455058928, 1.2598325290946566], [1.228608075856676, 0.4475659367165343, 1.29396325921033]]
Save Location: maps/map1741/test.txt
