Path: 2094
Path Score: 4.554027209857148
Waypoints: [[1.0, 1.0, 1.0], [2.1051801977178286, 12.705542697858661, 1.33533427386211], [6.039818228634678, 25.439522241362017, 8.613616100413989], [29.0, 29.0, 14.0]]
Velocity: [[0.0, 0.0, 0.0], [1.1051801977178286, 11.705542697858661, 0.3353342738621099], [3.934638030916849, 12.733979543503356, 7.278281826551879], [22.96018177136532, 3.560477758637983, 5.386383899586011]]
Attitude: [[0.0, 0.0, 0.0], [1.4766986395106851, 0.09834724994807642, 1.5422834159518], [1.3087065261225324, 0.5761904053905711, 1.0709603522748612], [0.2741367195009724, 1.4209548898939646, 1.3429944573726358]]
Save Location: maps/map50/test.txt
