Path: 481
Path Score: 4.416821848485139
Waypoints: [[1.0, 1.0, 1.0], [11.29885047226655, 13.922680563011099, 6.0742347128672325], [11.40378861351021, 23.288761880938765, 11.804403224732908], [29.0, 29.0, 14.0]]
Velocity: [[0.0, 0.0, 0.0], [10.29885047226655, 12.922680563011099, 5.0742347128672325], [0.10493814124366097, 9.366081317927666, 5.730168511865676], [17.59621138648979, 5.711238119061235, 2.1955967752670915]]
Attitude: [[0.0, 0.0, 0.0], [0.932550665210745, 0.7263919285052141, 1.2728643435485965], [1.5612393271842147, 0.5491254591478171, 1.0217734473373907], [0.33465120952432154, 1.2592127196021017, 1.4526670982553629]]
Save Location: maps/map307/test.txt
