Path: 1675
Path Score: 4.41467354821712
Waypoints: [[1.0, 1.0, 1.0], [1.4862613186235762, 5.302297197202417, 9.54279168299124], [6.351589522056588, 15.595530052506257, 9.804307665027011], [29.0, 29.0, 14.0]]
Velocity: [[0.0, 0.0, 0.0], [0.48626131862357624, 4.302297197202417, 8.54279168299124], [4.865328203433012, 10.29323285530384, 0.2615159820357711], [22.64841047794341, 13.404469947493743, 4.195692334972989]]
Attitude: [[0.0, 0.0, 0.0], [1.520002440634727, 1.1049085373684124, 0.46909167611999897], [1.1293733677461288, 0.4421051706548666, 1.547830482773074], [0.5551154872057305, 1.0437555844404118, 1.4127030288890532]]
Save Location: maps/map311/test.txt
