Path: 724
Path Score: 4.197423123595966
Waypoints: [[1.0, 1.0, 1.0], [12.697608925444278, 6.8811022717284045, 6.207161753256], [17.495244973045097, 26.03561227858441, 12.515738341607829], [29.0, 29.0, 14.0]]
Velocity: [[0.0, 0.0, 0.0], [11.697608925444278, 5.8811022717284045, 5.207161753256], [4.797636047600818, 19.154510006856004, 6.308576588351829], [11.504755026954903, 2.9643877214155907, 1.484261658392171]]
Attitude: [[0.0, 0.0, 0.0], [0.5913478455125089, 1.1402281118229445, 1.1922640516212777], [1.337238281513944, 0.3923230150264686, 1.2615624223216735], [0.2805594303655102, 1.3206025270465491, 1.4465080099651364]]
Save Location: maps/map1584/test.txt
