Path: 985
Path Score: 4.41742386484149
Waypoints: [[1.0, 1.0, 1.0], [7.03200889148945, 11.212381035806049, 2.4091861245466912], [8.698977053221993, 19.48629808039675, 13.371846165404145], [29.0, 29.0, 14.0]]
Velocity: [[0.0, 0.0, 0.0], [6.03200889148945, 10.212381035806049, 1.4091861245466912], [1.6669681617325436, 8.273917044590702, 10.962660040857454], [20.301022946778005, 9.51370191960325, 0.6281538345958548]]
Attitude: [[0.0, 0.0, 0.0], [1.0413956223611207, 0.5452295055399751, 1.4525400011168248], [1.4500165724435667, 0.9297578251571378, 0.6561170251657104], [0.4390758398022054, 1.132740622989748, 1.5427856888103315]]
Save Location: maps/map305/test.txt
