Path: 23
Path Score: 4.032909681403819
Waypoints: [[1.0, 1.0, 1.0], [8.883832853990807, 7.619820070167713, 5.821889119101872], [22.592720703848663, 25.526803242435573, 12.228206346267022], [29.0, 29.0, 14.0]]
Velocity: [[0.0, 0.0, 0.0], [7.883832853990807, 6.619820070167713, 4.821889119101872], [13.708887849857856, 17.90698317226786, 6.40631722716515], [6.407279296151337, 3.473196757564427, 1.7717936537329777]]
Attitude: [[0.0, 0.0, 0.0], [0.8044304960935175, 0.9492050844908356, 1.1327513067607105], [0.9462328161620212, 0.7016005169325515, 1.2940189677831595], [0.5466676487799201, 1.0893405550292934, 1.3323147563268598]]
Save Location: maps/map2458/test.txt
