Path: 2149
Path Score: 4.33380794646066
Waypoints: [[1.0, 1.0, 1.0], [7.976694836660609, 10.929766397758005, 9.409001445334173], [17.142077840697404, 12.866671640253438, 8.671369517017055], [29.0, 29.0, 14.0]]
Velocity: [[0.0, 0.0, 0.0], [6.976694836660609, 9.929766397758005, 8.409001445334173], [9.165383004036794, 1.936905242495433, -0.7376319283171178], [11.857922159302596, 16.133328359746564, 5.328630482982945]]
Attitude: [[0.0, 0.0, 0.0], [1.0786293818483852, 0.8331465441750755, 0.9648405508336908], [0.22239384923817107, 1.3631842914142738, 1.6493753291656181], [0.9614723836846367, 0.6782653453057865, 1.3106912242211473]]
Save Location: maps/map663/test.txt
