Path: 230
Path Score: 4.410304262036151
Waypoints: [[1.0, 1.0, 1.0], [0.2429086269009595, 4.401009458247564, 1.9766829018839305], [10.018864787911193, 17.672067864029252, 2.324251352945283], [29.0, 29.0, 14.0]]
Velocity: [[0.0, 0.0, 0.0], [-0.7570913730990405, 3.4010094582475636, 0.9766829018839305], [9.775956161010233, 13.271058405781687, 0.3475684510613526], [18.98113521208881, 11.327932135970748, 11.675748647054718]]
Attitude: [[0.0, 0.0, 0.0], [1.7815782743907893, 0.34851827104464184, 1.297497366701187], [0.9360660687317167, 0.6351956022122311, 1.5497130107884995], [0.7085768701584498, 1.1005081983992189, 1.084837259861319]]
Save Location: maps/map331/test.txt
