Path: 2186
Path Score: 4.030839898524871
Waypoints: [[1.0, 1.0, 1.0], [5.839689469355285, 6.231079992564079, 1.4400139470819306], [18.441097262136424, 17.537267266708554, 6.281086639361177], [29.0, 29.0, 14.0]]
Velocity: [[0.0, 0.0, 0.0], [4.839689469355285, 5.231079992564079, 0.44001394708193065], [12.601407792781139, 11.306187274144474, 4.841072692279246], [10.558902737863576, 11.462732733291446, 7.718913360638823]]
Attitude: [[0.0, 0.0, 0.0], [0.8259996858182699, 0.748605830934555, 1.5091311358387776], [0.7732548189764324, 0.8735817642308705, 1.2922822841210557], [0.9183550643402842, 0.8511782172620342, 1.1109269665548651]]
Save Location: maps/map2463/test.txt
