Path: 801
Path Score: 4.3165264538568415
Waypoints: [[1.0, 1.0, 1.0], [4.844954787942095, 14.493280729732227, 5.905721797057641], [19.747287023046923, 29.82416487797133, 10.432454096489826], [29.0, 29.0, 14.0]]
Velocity: [[0.0, 0.0, 0.0], [3.844954787942095, 13.493280729732227, 4.905721797057641], [14.902332235104828, 15.330884148239104, 4.526732299432185], [9.252712976953077, -0.8241648779713309, 3.567545903510174]]
Attitude: [[0.0, 0.0, 0.0], [1.3091332202726853, 0.43273101466224884, 1.2344339666278068], [0.8204428988442454, 0.7932865716652311, 1.3621527113006546], [0.3768134483966241, 1.6537149137271474, 1.2041176775046736]]
Save Location: maps/map750/test.txt
