Path: 1488
Path Score: 4.442433017627254
Waypoints: [[1.0, 1.0, 1.0], [1.5831056317866898, 11.289807463775418, 6.886569014408189], [5.252787028354166, 24.72506301632065, 12.334564606653116], [29.0, 29.0, 14.0]]
Velocity: [[0.0, 0.0, 0.0], [0.5831056317866898, 10.289807463775418, 5.886569014408189], [3.669681396567476, 13.435255552545232, 5.447995592244927], [23.747212971645833, 4.27493698367935, 1.6654353933468844]]
Attitude: [[0.0, 0.0, 0.0], [1.5216478577442305, 0.5217422173051365, 1.0518517055369716], [1.3228837756011989, 0.45473771732342383, 1.1979243730658893], [0.19084584368162924, 1.3931127658368567, 1.5018832732734082]]
Save Location: maps/map222/test.txt
