Path: 792
Path Score: 4.261715052619895
Waypoints: [[1.0, 1.0, 1.0], [4.844954787942095, 14.493280729732227, 5.905721797057641], [24.417165918970664, 21.028566972505814, 13.862338142170172], [29.0, 29.0, 14.0]]
Velocity: [[0.0, 0.0, 0.0], [3.844954787942095, 13.493280729732227, 4.905721797057641], [19.572211131028567, 6.535286242773587, 7.956616345112531], [4.582834081029336, 7.971433027494186, 0.1376618578298281]]
Attitude: [[0.0, 0.0, 0.0], [1.3091332202726853, 0.43273101466224884, 1.2344339666278068], [0.4842909217331191, 1.2708081400075524, 1.2027665575337323], [1.0490962265383572, 0.5219593966089846, 1.5558258939074248]]
Save Location: maps/map1123/test.txt
