Path: 717
Path Score: 4.24723770826769
Waypoints: [[1.0, 1.0, 1.0], [7.279071891786115, 11.99037003440958, 7.619831722996372], [12.613060744395664, 17.548051480031873, 8.080005726347148], [29.0, 29.0, 14.0]]
Velocity: [[0.0, 0.0, 0.0], [6.279071891786115, 10.99037003440958, 6.619831722996372], [5.333988852609549, 5.557681445622293, 0.46017400335077596], [16.386939255604336, 11.451948519968127, 5.919994273652852]]
Attitude: [[0.0, 0.0, 0.0], [1.115662030937802, 0.6928797362779866, 1.088924427386206], [0.8076397607198054, 0.7667154977464874, 1.511129189566855], [0.6665783723714116, 0.989326980912511, 1.28290425102486]]
Save Location: maps/map1212/test.txt
