Path: 974
Path Score: 4.184244040195944
Waypoints: [[1.0, 1.0, 1.0], [7.03200889148945, 11.212381035806049, 2.4091861245466912], [19.778926106740936, 25.028774492325528, 13.753258473645548], [29.0, 29.0, 14.0]]
Velocity: [[0.0, 0.0, 0.0], [6.03200889148945, 10.212381035806049, 1.4091861245466912], [12.746917215251486, 13.81639345651948, 11.344072349098857], [9.221073893259064, 3.971225507674472, 0.24674152635445168]]
Attitude: [[0.0, 0.0, 0.0], [1.0413956223611207, 0.5452295055399751, 1.4525400011168248], [0.9513711075459785, 0.8901733566291488, 1.027834973496586], [0.40736238913210576, 1.1642642704118822, 1.54622508670751]]
Save Location: maps/map1694/test.txt
