Path: 1872
Path Score: 4.393859000338727
Waypoints: [[1.0, 1.0, 1.0], [5.142904841761517, 4.732071187514425, 9.090826078056057], [7.2422472543241465, 15.760615466297706, 13.658007264698963], [29.0, 29.0, 14.0]]
Velocity: [[0.0, 0.0, 0.0], [4.142904841761517, 3.732071187514425, 8.090826078056057], [2.0993424125626294, 11.028544278783281, 4.567181186642905], [21.75775274567585, 13.239384533702294, 0.34199273530103724]]
Attitude: [[0.0, 0.0, 0.0], [1.1355654236864037, 1.1812058528805445, 0.6034260736599171], [1.3967056657791481, 0.4276484981291627, 1.1844256319428468], [0.5467872106274848, 1.0242120818809008, 1.5573694452781284]]
Save Location: maps/map382/test.txt
