Path: 2460
Path Score: 4.353143137012502
Waypoints: [[1.0, 1.0, 1.0], [12.386106231445222, 1.1077460717588705, 7.4490524792482224], [17.21982023619961, 8.006705393204069, 10.081471535117235], [29.0, 29.0, 14.0]]
Velocity: [[0.0, 0.0, 0.0], [11.386106231445222, 0.10774607175887052, 6.4490524792482224], [4.833714004754388, 6.898959321445198, 2.632419055869012], [11.78017976380039, 20.99329460679593, 3.9185284648827654]]
Attitude: [[0.0, 0.0, 0.0], [0.5154044449224107, 1.562562589250552, 1.0554709245652716], [0.9911877854280884, 0.67340220668327, 1.2679135020137196], [1.0667154657863167, 0.5340499258370055, 1.4094321512942536]]
Save Location: maps/map561/test.txt
