Path: 428
Path Score: 4.288138041112656
Waypoints: [[1.0, 1.0, 1.0], [8.23561037690084, 4.511685430060676, 8.33124458240136], [9.662916602314, 22.21326367479614, 9.15459432162151], [29.0, 29.0, 14.0]]
Velocity: [[0.0, 0.0, 0.0], [7.235610376900841, 3.511685430060676, 7.331244582401361], [1.4273062254131599, 17.70157824473546, 0.8233497392201485], [19.337083397686, 6.7867363252038615, 4.845405678378491]]
Attitude: [[0.0, 0.0, 0.0], [0.8434728410597166, 1.2422312953632766, 0.8316455994328315], [1.4904253265225629, 0.09281792761287658, 1.5244671820594216], [0.40714433808387096, 1.242659214067075, 1.3386234911715096]]
Save Location: maps/map943/test.txt
