Path: 1003
Path Score: 4.152500303961684
Waypoints: [[1.0, 1.0, 1.0], [7.03200889148945, 11.212381035806049, 2.4091861245466912], [13.095324436113561, 15.033365545267669, 6.706312039110363], [29.0, 29.0, 14.0]]
Velocity: [[0.0, 0.0, 0.0], [6.03200889148945, 10.212381035806049, 1.4091861245466912], [6.063315544624111, 3.8209845094616206, 4.297125914563672], [15.904675563886439, 13.966634454732331, 7.293687960889637]]
Attitude: [[0.0, 0.0, 0.0], [1.0413956223611207, 0.5452295055399751, 1.4525400011168248], [0.7589026336183573, 1.0958914928383725, 1.0306829498891497], [0.7807156099511975, 0.8971446612687055, 1.2389541045829986]]
Save Location: maps/map1929/test.txt
