Path: 998
Path Score: 4.1950089581656895
Waypoints: [[1.0, 1.0, 1.0], [7.03200889148945, 11.212381035806049, 2.4091861245466912], [12.704603846584774, 19.922199713463662, 8.33279809450805], [29.0, 29.0, 14.0]]
Velocity: [[0.0, 0.0, 0.0], [6.03200889148945, 10.212381035806049, 1.4091861245466912], [5.672594955095325, 8.709818677657614, 5.9236119699613585], [16.295396153415226, 9.077800286536338, 5.66720190549195]]
Attitude: [[0.0, 0.0, 0.0], [1.0413956223611207, 0.5452295055399751, 1.4525400011168248], [1.0767942111660047, 0.7553601094526562, 1.052806137026133], [0.5810873343497762, 1.0864359774071253, 1.2758411019683804]]
Save Location: maps/map1607/test.txt
