Path: 1764
Path Score: 4.429919045990685
Waypoints: [[1.0, 1.0, 1.0], [10.805725952785512, 11.283487147150078, 0.7484718343695662], [11.717608255286521, 26.086366361922085, 10.100298251227693], [29.0, 29.0, 14.0]]
Velocity: [[0.0, 0.0, 0.0], [9.805725952785512, 10.283487147150078, -0.2515281656304338], [0.9118823025010094, 14.802879214772007, 9.351826416858128], [17.28239174471348, 2.913633638077915, 3.8997017487723067]]
Attitude: [[0.0, 0.0, 0.0], [0.8093250089126587, 0.7617849255869302, 1.5884962164824006], [1.5187639865651261, 0.5655823421091392, 1.0082073832715792], [0.27455761083990476, 1.4078003124714065, 1.351856955162436]]
Save Location: maps/map270/test.txt
