Path: 1591
Path Score: 4.02183927893115
Waypoints: [[1.0, 1.0, 1.0], [5.1328300726842055, 6.167067988359742, 4.338023583503114], [22.31107341157168, 20.857103800923483, 7.836819148340205], [29.0, 29.0, 14.0]]
Velocity: [[0.0, 0.0, 0.0], [4.1328300726842055, 5.167067988359742, 3.338023583503114], [17.178243338887476, 14.69003581256374, 3.498795564837091], [6.68892658842832, 8.142896199076517, 6.163180851659795]]
Attitude: [[0.0, 0.0, 0.0], [0.9792202736645594, 0.799275207152919, 1.1035589735254734], [0.7211328747575125, 0.8733399596750855, 1.4172208222406484], [0.9909241630968201, 0.8405978425021317, 1.041586930795209]]
Save Location: maps/map2474/test.txt
