Path: 886
Path Score: 4.129309052564043
Waypoints: [[1.0, 1.0, 1.0], [13.622214221490246, 10.560085107867, 6.307093757900562], [24.29282605726432, 17.273783965333514, 9.528106741585457], [29.0, 29.0, 14.0]]
Velocity: [[0.0, 0.0, 0.0], [12.622214221490246, 9.560085107867, 5.307093757900562], [10.670611835774075, 6.713698857466515, 3.2210129836848953], [4.707173942735679, 11.726216034666486, 4.471893258414543]]
Attitude: [[0.0, 0.0, 0.0], [0.7138698155414545, 0.9612815674177257, 1.2473929819737224], [0.6092752744850852, 1.0286632234407702, 1.3206529942966185], [1.2119605623526288, 0.5056733733733509, 1.2306436859371142]]
Save Location: maps/map2085/test.txt
