Path: 2147
Path Score: 4.232465895646294
Waypoints: [[1.0, 1.0, 1.0], [7.976694836660609, 10.929766397758005, 9.409001445334173], [24.539485932888955, 19.73672816277327, 8.00225603479158], [29.0, 29.0, 14.0]]
Velocity: [[0.0, 0.0, 0.0], [6.976694836660609, 9.929766397758005, 8.409001445334173], [16.562791096228345, 8.806961765015267, -1.4067454105425927], [4.4605140671110455, 9.263271837226728, 5.99774396520842]]
Attitude: [[0.0, 0.0, 0.0], [1.0786293818483852, 0.8331465441750755, 0.9648405508336908], [0.49394972995999586, 1.0835750403765472, 1.645647868448952], [1.1866756395694507, 0.678936129498745, 1.0426972103159322]]
Save Location: maps/map1321/test.txt
