Path: 225
Path Score: 4.445623541307944
Waypoints: [[1.0, 1.0, 1.0], [0.2429086269009595, 4.401009458247564, 1.9766829018839305], [5.071981601234553, 16.0705067071635, 8.253409506893876], [29.0, 29.0, 14.0]]
Velocity: [[0.0, 0.0, 0.0], [-0.7570913730990405, 3.4010094582475636, 0.9766829018839305], [4.829072974333593, 11.669497248915935, 6.276726605009945], [23.928018398765445, 12.9294932928365, 5.746590493106124]]
Attitude: [[0.0, 0.0, 0.0], [1.7815782743907893, 0.34851827104464184, 1.297497366701187], [1.2213104985538277, 0.5962481013579941, 1.109551218396725], [0.5340100961639119, 1.0870281697948079, 1.362570299726199]]
Save Location: maps/map216/test.txt
