Path: 572
Path Score: 4.36287685505393
Waypoints: [[1.0, 1.0, 1.0], [8.077819295469498, 4.630177089274074, 13.001091877302175], [18.987168424161545, 21.350324413129044, 10.434584031210562], [29.0, 29.0, 14.0]]
Velocity: [[0.0, 0.0, 0.0], [7.077819295469498, 3.630177089274074, 12.001091877302175], [10.909349128692048, 16.72014732385497, -2.5665078460916124], [10.012831575838455, 7.649675586870956, 3.565415968789438]]
Attitude: [[0.0, 0.0, 0.0], [1.0568857360289043, 1.315913356872022, 0.5853298029477871], [0.9980048765003334, 0.5904999159556376, 1.6986493221514414], [0.7003550436294252, 0.9469578898565721, 1.2950479413160163]]
Save Location: maps/map507/test.txt
