Path: 48
Path Score: 4.167821150335354
Waypoints: [[1.0, 1.0, 1.0], [8.883832853990807, 7.619820070167713, 5.821889119101872], [12.704603846584774, 19.922199713463662, 8.33279809450805], [29.0, 29.0, 14.0]]
Velocity: [[0.0, 0.0, 0.0], [7.883832853990807, 6.619820070167713, 4.821889119101872], [3.8207709925939675, 12.30237964329595, 2.5109089754061777], [16.295396153415226, 9.077800286536338, 5.66720190549195]]
Attitude: [[0.0, 0.0, 0.0], [0.8044304960935175, 0.9492050844908356, 1.1327513067607105], [1.2754007699680205, 0.35581585196759663, 1.378294409914349], [0.5810873343497762, 1.0864359774071253, 1.2758411019683804]]
Save Location: maps/map1817/test.txt
