Path: 1469
Path Score: 4.226368972004403
Waypoints: [[1.0, 1.0, 1.0], [1.5831056317866898, 11.289807463775418, 6.886569014408189], [18.987168424161545, 21.350324413129044, 10.434584031210562], [29.0, 29.0, 14.0]]
Velocity: [[0.0, 0.0, 0.0], [0.5831056317866898, 10.289807463775418, 5.886569014408189], [17.404062792374855, 10.060516949353627, 3.548015016802373], [10.012831575838455, 7.649675586870956, 3.565415968789438]]
Attitude: [[0.0, 0.0, 0.0], [1.5216478577442305, 0.5217422173051365, 1.0518517055369716], [0.5498872268177954, 1.0554448652914903, 1.396100319113453], [0.7003550436294252, 0.9469578898565721, 1.2950479413160163]]
Save Location: maps/map1364/test.txt
