Path: 1553
Path Score: 4.054349627696947
Waypoints: [[1.0, 1.0, 1.0], [5.1328300726842055, 6.167067988359742, 4.338023583503114], [17.427868364228836, 16.4750747584921, 4.825948732556496], [29.0, 29.0, 14.0]]
Velocity: [[0.0, 0.0, 0.0], [4.1328300726842055, 5.167067988359742, 3.338023583503114], [12.29503829154463, 10.308006770132357, 0.4879251490533818], [11.572131635771164, 12.524925241507901, 9.174051267443504]]
Attitude: [[0.0, 0.0, 0.0], [0.9792202736645594, 0.799275207152919, 1.1035589735254734], [0.6982646613974147, 0.8734700002500595, 1.540394776774749], [0.930265420446883, 0.8673805595008431, 1.0772217983493675]]
Save Location: maps/map2416/test.txt
