Path: 16
Path Score: 4.035928848325287
Waypoints: [[1.0, 1.0, 1.0], [8.883832853990807, 7.619820070167713, 5.821889119101872], [22.16101751903432, 21.88131243389526, 7.844034735289933], [29.0, 29.0, 14.0]]
Velocity: [[0.0, 0.0, 0.0], [7.883832853990807, 6.619820070167713, 4.821889119101872], [13.277184665043514, 14.261492363727548, 2.0221456161880607], [6.838982480965679, 7.1186875661047395, 6.155965264710067]]
Attitude: [[0.0, 0.0, 0.0], [0.8044304960935175, 0.9492050844908356, 1.1327513067607105], [0.8260874350135037, 0.7553909849885905, 1.4673880668690924], [0.9423867443913255, 0.9123337917118957, 1.0131992799999519]]
Save Location: maps/map2451/test.txt
