Path: 1976
Path Score: 4.2296499545238175
Waypoints: [[1.0, 1.0, 1.0], [7.908661902969909, 13.249370598681029, 5.122888052721978], [12.16882105369413, 22.5703746743433, 7.023400396976081], [29.0, 29.0, 14.0]]
Velocity: [[0.0, 0.0, 0.0], [6.908661902969909, 12.249370598681029, 4.122888052721978], [4.2601591507242205, 9.32100407566227, 1.9005123442541034], [16.83117894630587, 6.429625325656701, 6.976599603023919]]
Attitude: [[0.0, 0.0, 0.0], [1.0799032623057099, 0.5811391675180452, 1.2856207472042467], [1.149744150293552, 0.46402142875250385, 1.38743484402945], [0.5132908177846113, 1.2315474594293268, 1.2013612558293933]]
Save Location: maps/map1342/test.txt
