Path: 2344
Path Score: 4.202953087155217
Waypoints: [[1.0, 1.0, 1.0], [2.7823021602657514, 3.2626923788090734, 6.811174955232296], [14.43692874246404, 21.36894668574859, 11.322509376936443], [29.0, 29.0, 14.0]]
Velocity: [[0.0, 0.0, 0.0], [1.7823021602657514, 2.2626923788090734, 5.811174955232296], [11.65462658219829, 18.106254306939515, 4.511334421704147], [14.56307125753596, 7.63105331425141, 2.677490623063557]]
Attitude: [[0.0, 0.0, 0.0], [1.2924157480158258, 1.2144350237412072, 0.46016632051788314], [1.0124959600203025, 0.6041319752022839, 1.3642747388982], [0.5069175043207065, 1.0949344880442036, 1.4093618733327953]]
Save Location: maps/map1539/test.txt
