Path: 1695
Path Score: 4.384646075361763
Waypoints: [[1.0, 1.0, 1.0], [1.4862613186235762, 5.302297197202417, 9.54279168299124], [12.613060744395664, 17.548051480031873, 8.080005726347148], [29.0, 29.0, 14.0]]
Velocity: [[0.0, 0.0, 0.0], [0.48626131862357624, 4.302297197202417, 8.54279168299124], [11.126799425772088, 12.245754282829456, -1.4627859566440922], [16.386939255604336, 11.451948519968127, 5.919994273652852]]
Attitude: [[0.0, 0.0, 0.0], [1.520002440634727, 1.1049085373684124, 0.46909167611999897], [0.8367609671647805, 0.7418259098357374, 1.6589752548019943], [0.6665783723714116, 0.989326980912511, 1.28290425102486]]
Save Location: maps/map415/test.txt
