Path: 2251
Path Score: 4.154775626781519
Waypoints: [[1.0, 1.0, 1.0], [5.7591996310330025, 10.496060591014656, 1.1961851557501069], [14.664796282188101, 21.28024012885323, 5.468764640312363], [29.0, 29.0, 14.0]]
Velocity: [[0.0, 0.0, 0.0], [4.7591996310330025, 9.496060591014656, 0.19618515575010687], [8.905596651155099, 10.784179537838574, 4.2725794845622564], [14.335203717811899, 7.7197598711467705, 8.531235359687637]]
Attitude: [[0.0, 0.0, 0.0], [1.1062936554501903, 0.46492826404694765, 1.5523285842779897], [0.9160363850773804, 0.7415430484726178, 1.2743107041200774], [0.6763273336917041, 1.1373758967665009, 1.0881508960767203]]
Save Location: maps/map1918/test.txt
