Path: 697
Path Score: 4.23115308257358
Waypoints: [[1.0, 1.0, 1.0], [7.279071891786115, 11.99037003440958, 7.619831722996372], [24.29282605726432, 17.273783965333514, 9.528106741585457], [29.0, 29.0, 14.0]]
Velocity: [[0.0, 0.0, 0.0], [6.279071891786115, 10.99037003440958, 6.619831722996372], [17.013754165478204, 5.283413930923935, 1.9082750185890855], [4.707173942735679, 11.726216034666486, 4.471893258414543]]
Attitude: [[0.0, 0.0, 0.0], [1.115662030937802, 0.6928797362779866, 1.088924427386206], [0.3189029469473301, 1.2714658982874256, 1.4640883596377114], [1.2119605623526288, 0.5056733733733509, 1.2306436859371142]]
Save Location: maps/map1332/test.txt
