Path: 1520
Path Score: 4.608727437681117
Waypoints: [[1.0, 1.0, 1.0], [0.8300875511549277, 1.6500330013832676, 11.560854587793756], [6.351589522056588, 15.595530052506257, 9.804307665027011], [29.0, 29.0, 14.0]]
Velocity: [[0.0, 0.0, 0.0], [-0.16991244884507228, 0.6500330013832676, 10.560854587793756], [5.52150197090166, 13.94549705112299, -1.756546922766745], [22.64841047794341, 13.404469947493743, 4.195692334972989]]
Attitude: [[0.0, 0.0, 0.0], [1.5868534482018404, 1.5093306408644638, 0.06353355267918272], [1.196485834414271, 0.3937855572924831, 1.6873778080641992], [0.5551154872057305, 1.0437555844404118, 1.4127030288890532]]
Save Location: maps/map14/test.txt
