Path: 0
Path Score: 3.1610259053512184
Waypoints: [[1.0, 1.0, 1.0], [10.236205802881091, 6.726958385030271, 8.616461550781413], [29.0, 29.0, 14.0]]
Velocity: [[0.0, 0.0, 0.0], [9.236205802881091, 5.726958385030271, 7.616461550781413], [18.76379419711891, 22.273041614969728, 5.383538449218587]]
Attitude: [[0.0, 0.0, 0.0], [0.801018365502451, 1.1245932303302049, 0.9595076706588436], [0.8846584087794623, 0.7196408431985295, 1.388006583094779]]
Save Location: maps/map8/test.txt
