Path: 665
Path Score: 4.19845871265758
Waypoints: [[1.0, 1.0, 1.0], [7.279071891786115, 11.99037003440958, 7.619831722996372], [17.495244973045097, 26.03561227858441, 12.515738341607829], [29.0, 29.0, 14.0]]
Velocity: [[0.0, 0.0, 0.0], [6.279071891786115, 10.99037003440958, 6.619831722996372], [10.216173081258981, 14.04524224417483, 4.895906618611457], [11.504755026954903, 2.9643877214155907, 1.484261658392171]]
Attitude: [[0.0, 0.0, 0.0], [1.115662030937802, 0.6928797362779866, 1.088924427386206], [0.9689550503303823, 0.6787453351628726, 1.2960300596434597], [0.2805594303655102, 1.3206025270465491, 1.4465080099651364]]
Save Location: maps/map1574/test.txt
