Path: 410
Path Score: 4.10421335789206
Waypoints: [[1.0, 1.0, 1.0], [8.23561037690084, 4.511685430060676, 8.33124458240136], [20.225861212634335, 15.04532595668622, 11.643310714362196], [29.0, 29.0, 14.0]]
Velocity: [[0.0, 0.0, 0.0], [7.235610376900841, 3.511685430060676, 7.331244582401361], [11.990250835733494, 10.533640526625543, 3.312066131960835], [8.774138787365665, 13.95467404331378, 2.3566892856378043]]
Attitude: [[0.0, 0.0, 0.0], [0.8434728410597166, 1.2422312953632766, 0.8316455994328315], [0.7442541051493413, 0.8681605726794906, 1.3661785649729912], [1.0158144950798451, 0.5771097040965634, 1.4287893660504631]]
Save Location: maps/map2228/test.txt
