Path: 0
Path Score: 4.056668972837301
Waypoints: [[1.0, 1.0, 1.0], [8.883832853990807, 7.619820070167713, 5.821889119101872], [15.44249175683154, 18.284183195920107, 9.161844399110448], [29.0, 29.0, 14.0]]
Velocity: [[0.0, 0.0, 0.0], [7.883832853990807, 6.619820070167713, 4.821889119101872], [6.558658902840733, 10.664363125752395, 3.339955280008576], [13.55750824316846, 10.715816804079893, 4.838155600889552]]
Attitude: [[0.0, 0.0, 0.0], [0.8044304960935175, 0.9492050844908356, 1.1327513067607105], [1.0400672456451883, 0.6040913110676647, 1.3100932763380575], [0.714409075190648, 0.9308782745117469, 1.2978165450117953]]
Save Location: maps/map2408/test.txt
