Path: 1787
Path Score: 4.341023461908954
Waypoints: [[1.0, 1.0, 1.0], [5.8300877579373775, 12.986927175779844, 2.2883830638241456], [14.655112419192436, 29.3283759307992, 11.159787577707847], [29.0, 29.0, 14.0]]
Velocity: [[0.0, 0.0, 0.0], [4.8300877579373775, 11.986927175779844, 1.2883830638241456], [8.825024661255059, 16.341448755019357, 8.871404513883702], [14.344887580807564, -0.3283759307992007, 2.8402124222921525]]
Attitude: [[0.0, 0.0, 0.0], [1.1897394258126446, 0.3951048953544142, 1.471431398260883], [1.1276651407634324, 0.653499111384413, 1.1251693435071675], [0.19673554575391217, 1.5932481293968974, 1.3753795345072697]]
Save Location: maps/map624/test.txt
