Path: 2131
Path Score: 4.181731650961794
Waypoints: [[1.0, 1.0, 1.0], [7.976694836660609, 10.929766397758005, 9.409001445334173], [21.391366360934747, 19.016584990160858, 9.132275513596717], [29.0, 29.0, 14.0]]
Velocity: [[0.0, 0.0, 0.0], [6.976694836660609, 9.929766397758005, 8.409001445334173], [13.414671524274137, 8.086818592402853, -0.27672593173745597], [7.608633639065253, 9.983415009839142, 4.867724486403283]]
Attitude: [[0.0, 0.0, 0.0], [1.0786293818483852, 0.8331465441750755, 0.9648405508336908], [0.5427593929604548, 1.028389742056494, 1.5884612440930275], [0.9701837951063373, 0.7354334851728955, 1.20085483013767]]
Save Location: maps/map1711/test.txt
