Path: 110
Path Score: 4.164980955260436
Waypoints: [[1.0, 1.0, 1.0], [6.844542921659472, 12.575654287568902, 0.7512941296865822], [21.595430679697905, 24.032909211980147, 6.078853224688489], [29.0, 29.0, 14.0]]
Velocity: [[0.0, 0.0, 0.0], [5.844542921659472, 11.575654287568902, -0.24870587031341784], [14.750887758038434, 11.457254924411245, 5.327559095001907], [7.404569320302095, 4.967090788019853, 7.921146775311511]]
Attitude: [[0.0, 0.0, 0.0], [1.103329579532339, 0.4679236243581791, 1.5899732357353402], [0.7083022995067552, 0.9398728418400915, 1.29293892397097], [0.9009774146927041, 1.1412360805544841, 0.8444306588818015]]
Save Location: maps/map1840/test.txt
