# waypoints
G: (11.0,-17.0,15)
G: (13.765839434690912,-18.89642762019717,15)
G: (16.388973791353017,-20.965721844263943,15)
G: (19.41958171657867,-21.142201789869244,15)
G: (22.622734333168562,-20.95826951223239,15)
G: (26.183901235925553,-19.177553133579572,15)
G: (29.0,-17.0,15)


# wall segments
W: (30.0,-18.8,24.8,-22.0,3)
W: (24.8,-22.0,17.0,-22.8,3)
W: (17.0,-22.8,10.0,-18.8,3)
W: (10.0,-15.2,15.0,-17.2,3)
W: (15.0,-17.2,18.0,-19.2,3)
W: (18.0,-19.2,24.2,-18.0,3)
W: (24.2,-18.0,30.0,-15.2,3)


# environment settings
R: (0)
D: (1)
