Path: 1165
Path Score: 4.113346519949005
Waypoints: [[1.0, 1.0, 1.0], [7.244355243304841, 4.686769508950413, 5.732290508395203], [12.704603846584774, 19.922199713463662, 8.33279809450805], [29.0, 29.0, 14.0]]
Velocity: [[0.0, 0.0, 0.0], [6.244355243304841, 3.6867695089504133, 4.732290508395203], [5.4602486032799336, 15.23543020451325, 2.6005075861128466], [16.295396153415226, 9.077800286536338, 5.66720190549195]]
Attitude: [[0.0, 0.0, 0.0], [0.7653529368027897, 1.1309818444795048, 0.9925991767107255], [1.2312005827138597, 0.3778847612631674, 1.4114775729331392], [0.5810873343497762, 1.0864359774071253, 1.2758411019683804]]
Save Location: maps/map2178/test.txt
