Path: 544
Path Score: 4.121125382565921
Waypoints: [[1.0, 1.0, 1.0], [9.981785049321614, 2.094242845092411, 3.906087432644374], [18.441097262136424, 17.537267266708554, 6.281086639361177], [29.0, 29.0, 14.0]]
Velocity: [[0.0, 0.0, 0.0], [8.981785049321614, 1.094242845092411, 2.906087432644374], [8.45931221281481, 15.443024421616142, 2.3749992067168026], [10.558902737863576, 11.462732733291446, 7.718913360638823]]
Attitude: [[0.0, 0.0, 0.0], [0.33286566125405836, 1.4553984883962245, 1.2600245384619229], [1.074571730776246, 0.5172794520984533, 1.4367247914451158], [0.9183550643402842, 0.8511782172620342, 1.1109269665548651]]
Save Location: maps/map2125/test.txt
