Path: 1246
Path Score: 3.172343693964357
Waypoints: [[1.0, 1.0, 1.0], [11.681123338592288, 14.089788280863255, 4.111381059339743], [29.0, 29.0, 14.0]]
Velocity: [[0.0, 0.0, 0.0], [10.681123338592288, 13.089788280863255, 3.1113810593397426], [17.318876661407714, 14.910211719136745, 9.888618940660258]]
Attitude: [[0.0, 0.0, 0.0], [0.8998039769895753, 0.7044384319041941, 1.3886732407031834], [0.8016545124622462, 0.92880948410089, 1.1624165959922155]]
Save Location: maps/map2503/test.txt
