Path: 49
Path Score: 4.034573004367793
Waypoints: [[1.0, 1.0, 1.0], [8.883832853990807, 7.619820070167713, 5.821889119101872], [22.31107341157168, 20.857103800923483, 7.836819148340205], [29.0, 29.0, 14.0]]
Velocity: [[0.0, 0.0, 0.0], [7.883832853990807, 6.619820070167713, 4.821889119101872], [13.427240557580873, 13.23728373075577, 2.014930029238333], [6.68892658842832, 8.142896199076517, 6.163180851659795]]
Attitude: [[0.0, 0.0, 0.0], [0.8044304960935175, 0.9492050844908356, 1.1327513067607105], [0.7840004539345401, 0.7980881380975612, 1.4643366754894531], [0.9909241630968201, 0.8405978425021317, 1.041586930795209]]
Save Location: maps/map2454/test.txt
