Path: 2430
Path Score: 4.194854097451859
Waypoints: [[1.0, 1.0, 1.0], [12.422424952449036, 7.364456284222653, 4.120550879483655], [18.72403228769046, 27.04667286152992, 8.275372330418275], [29.0, 29.0, 14.0]]
Velocity: [[0.0, 0.0, 0.0], [11.422424952449036, 6.364456284222653, 3.1205508794836554], [6.301607335241423, 19.682216577307265, 4.1548214509346195], [10.27596771230954, 1.9533271384700797, 5.724627669581725]]
Attitude: [[0.0, 0.0, 0.0], [0.5554007765856399, 1.0776065097557235, 1.3365284239372268], [1.2672156464492286, 0.36619750518595695, 1.3723986747380872], [0.5320146181463187, 1.4062402530460234, 1.0700368475848865]]
Save Location: maps/map1611/test.txt
