Path: 601
Path Score: 4.368974133023961
Waypoints: [[1.0, 1.0, 1.0], [1.9869655009534015, 2.3470905443897805, 9.726710653669548], [14.43692874246404, 21.36894668574859, 11.322509376936443], [29.0, 29.0, 14.0]]
Velocity: [[0.0, 0.0, 0.0], [0.9869655009534015, 1.3470905443897805, 8.726710653669548], [12.44996324151064, 19.02185614135881, 1.5957987232668955], [14.56307125753596, 7.63105331425141, 2.677490623063557]]
Attitude: [[0.0, 0.0, 0.0], [1.4594850995761104, 1.4185963426785977, 0.18907565762625306], [0.9928640257452147, 0.5832775655264094, 1.5007167632634608], [0.5069175043207065, 1.0949344880442036, 1.4093618733327953]]
Save Location: maps/map471/test.txt
