Path: 1375
Path Score: 4.3253238130902325
Waypoints: [[1.0, 1.0, 1.0], [2.1166871798879825, 7.959406805005861, 2.641112218552253], [19.70415101856637, 13.671074305937509, 12.81372080915123], [29.0, 29.0, 14.0]]
Velocity: [[0.0, 0.0, 0.0], [1.1166871798879825, 6.959406805005861, 1.6411122185522529], [17.58746383867839, 5.711667500931648, 10.172608590598976], [9.295848981433629, 15.328925694062491, 1.1862791908487704]]
Attitude: [[0.0, 0.0, 0.0], [1.4158739947349994, 0.27784815422419984, 1.3420381855188857], [0.5856936698813511, 1.2967488212448877, 1.0678622955058727], [1.0269884977688475, 0.548718444626354, 1.5047210663746937]]
Save Location: maps/map709/test.txt
