Path: 2487
Path Score: 4.345880153557188
Waypoints: [[1.0, 1.0, 1.0], [12.386106231445222, 1.1077460717588705, 7.4490524792482224], [18.295648198935922, 21.67677091998945, 14.790388562251113], [29.0, 29.0, 14.0]]
Velocity: [[0.0, 0.0, 0.0], [11.386106231445222, 0.10774607175887052, 6.4490524792482224], [5.9095419674907, 20.56902484823058, 7.341336083002891], [10.704351801064078, 7.323229080010549, -0.7903885622511133]]
Attitude: [[0.0, 0.0, 0.0], [0.5154044449224107, 1.562562589250552, 1.0554709245652716], [1.3065393101047524, 0.42963592681035834, 1.2403395543391735], [0.6027006201753293, 0.9720633967168617, 1.6316622645059446]]
Save Location: maps/map597/test.txt
