Path: 214
Path Score: 4.356960253579252
Waypoints: [[1.0, 1.0, 1.0], [0.1034748464100077, 6.396090427855569, 9.25430405624771], [14.31024281394206, 14.397341180730484, 10.344580509492056], [29.0, 29.0, 14.0]]
Velocity: [[0.0, 0.0, 0.0], [-0.8965251535899923, 5.396090427855569, 8.25430405624771], [14.206767967532052, 8.001250752874915, 1.0902764532443463], [14.68975718605794, 14.602658819269516, 3.655419490507944]]
Attitude: [[0.0, 0.0, 0.0], [1.6614577493511176, 0.9944855483118206, 0.5852456997051783], [0.5168634903376852, 1.0591297921608038, 1.5040280125131753], [0.7976180124622528, 0.8033878261380559, 1.3961151528842315]]
Save Location: maps/map543/test.txt
