Path: 317
Path Score: 4.174493688379065
Waypoints: [[1.0, 1.0, 1.0], [11.62421921707525, 9.637940007438962, 4.108292062461251], [16.562231948918217, 23.36225528971405, 10.468909590942717], [29.0, 29.0, 14.0]]
Velocity: [[0.0, 0.0, 0.0], [10.62421921707525, 8.637940007438962, 3.108292062461251], [4.938012731842967, 13.724315282275088, 6.360617528481466], [12.437768051081783, 5.637744710285951, 3.531090409057283]]
Attitude: [[0.0, 0.0, 0.0], [0.7126112608988734, 0.9081638967287853, 1.3475745118170808], [1.2552576112706222, 0.5306022835707964, 1.1595718629692187], [0.4911333101171544, 1.159608420333512, 1.31776151037235]]
Save Location: maps/map1766/test.txt
