Path: 2489
Path Score: 4.363785004558033
Waypoints: [[1.0, 1.0, 1.0], [12.386106231445222, 1.1077460717588705, 7.4490524792482224], [14.31024281394206, 14.397341180730484, 10.344580509492056], [29.0, 29.0, 14.0]]
Velocity: [[0.0, 0.0, 0.0], [11.386106231445222, 0.10774607175887052, 6.4490524792482224], [1.9241365824968373, 13.289595108971614, 2.8955280302438338], [14.68975718605794, 14.602658819269516, 3.655419490507944]]
Attitude: [[0.0, 0.0, 0.0], [0.5154044449224107, 1.562562589250552, 1.0554709245652716], [1.430262542020227, 0.255865433808807, 1.3584171821866136], [0.7976180124622528, 0.8033878261380559, 1.3961151528842315]]
Save Location: maps/map498/test.txt
