Path: 2431
Path Score: 4.138099744324589
Waypoints: [[1.0, 1.0, 1.0], [12.422424952449036, 7.364456284222653, 4.120550879483655], [18.441097262136424, 17.537267266708554, 6.281086639361177], [29.0, 29.0, 14.0]]
Velocity: [[0.0, 0.0, 0.0], [11.422424952449036, 6.364456284222653, 3.1205508794836554], [6.018672309687387, 10.1728109824859, 2.1605357598775212], [10.558902737863576, 11.462732733291446, 7.718913360638823]]
Attitude: [[0.0, 0.0, 0.0], [0.5554007765856399, 1.0776065097557235, 1.3365284239372268], [1.0461599637117824, 0.5611896837259281, 1.3900045069188194], [0.9183550643402842, 0.8511782172620342, 1.1109269665548651]]
Save Location: maps/map2016/test.txt
