Path: 1346
Path Score: 4.422720531012159
Waypoints: [[1.0, 1.0, 1.0], [2.1166871798879825, 7.959406805005861, 2.641112218552253], [8.771088292754062, 26.539304194177095, 7.14949085870386], [29.0, 29.0, 14.0]]
Velocity: [[0.0, 0.0, 0.0], [1.1166871798879825, 6.959406805005861, 1.6411122185522529], [6.654401112866079, 18.579897389171236, 4.508378640151607], [20.22891170724594, 2.4606958058229047, 6.85050914129614]]
Attitude: [[0.0, 0.0, 0.0], [1.4158739947349994, 0.27784815422419984, 1.3420381855188857], [1.2358590176747146, 0.40829730320961233, 1.3462110417472333], [0.3454083995920205, 1.4560869507378023, 1.2464936894313159]]
Save Location: maps/map292/test.txt
