Path: 879
Path Score: 4.133413782611463
Waypoints: [[1.0, 1.0, 1.0], [13.622214221490246, 10.560085107867, 6.307093757900562], [25.89146789512382, 17.947079052650324, 10.291630941969098], [29.0, 29.0, 14.0]]
Velocity: [[0.0, 0.0, 0.0], [12.622214221490246, 9.560085107867, 5.307093757900562], [12.269253673633575, 7.386993944783324, 3.984537184068536], [3.108532104876179, 11.052920947349676, 3.708369058030902]]
Attitude: [[0.0, 0.0, 0.0], [0.7138698155414545, 0.9612815674177257, 1.2473929819737224], [0.5999587604826292, 1.050742535050795, 1.2994364165614338], [1.3102246373088302, 0.4126571490004325, 1.2583924394013435]]
Save Location: maps/map2054/test.txt
