Path: 536
Path Score: 4.30315600498472
Waypoints: [[1.0, 1.0, 1.0], [9.981785049321614, 2.094242845092411, 3.906087432644374], [20.941187860159854, 5.775881785340472, 14.270885595565682], [29.0, 29.0, 14.0]]
Velocity: [[0.0, 0.0, 0.0], [8.981785049321614, 1.094242845092411, 2.906087432644374], [10.95940281083824, 3.6816389402480607, 10.364798162921307], [8.058812139840146, 23.224118214659526, -0.2708855955656819]]
Attitude: [[0.0, 0.0, 0.0], [0.33286566125405836, 1.4553984883962245, 1.2600245384619229], [0.7872128194961338, 1.3314064454738908, 0.8399125806169003], [1.236816017767965, 0.3341762810916468, 1.5818152855342118]]
Save Location: maps/map842/test.txt
