Path: 363
Path Score: 4.517790271280901
Waypoints: [[1.0, 1.0, 1.0], [5.0694130019156045, 0.10947803648002186, 11.387112714668532], [12.828700178535504, 3.337320897682552, 12.733793520933595], [29.0, 29.0, 14.0]]
Velocity: [[0.0, 0.0, 0.0], [4.0694130019156045, -0.8905219635199781, 10.387112714668532], [7.7592871766199, 3.22784286120253, 1.3466808062650628], [16.171299821464494, 25.662679102317448, 1.2662064790664047]]
Attitude: [[0.0, 0.0, 0.0], [1.1986423454069668, 1.65045321960768, 0.3814078923026202], [0.42347778258892116, 1.1818103377886884, 1.4119024073542519], [1.0090514699591613, 0.563672398660854, 1.5290768631880376]]
Save Location: maps/map90/test.txt
