Path: 1780
Path Score: 4.341254987280717
Waypoints: [[1.0, 1.0, 1.0], [5.8300877579373775, 12.986927175779844, 2.2883830638241456], [17.89500835598713, 12.238417992478578, 7.134004137824853], [29.0, 29.0, 14.0]]
Velocity: [[0.0, 0.0, 0.0], [4.8300877579373775, 11.986927175779844, 1.2883830638241456], [12.064920598049753, -0.748509183301266, 4.845621074000707], [11.10499164401287, 16.761582007521422, 6.865995862175147]]
Attitude: [[0.0, 0.0, 0.0], [1.1897394258126446, 0.3951048953544142, 1.471431398260883], [0.38600487692111723, 1.6283032662413433, 1.1895503260146745], [1.0208116603536068, 0.6617621353055158, 1.2417305692240037]]
Save Location: maps/map622/test.txt
