Path: 1910
Path Score: 4.078577670420562
Waypoints: [[1.0, 1.0, 1.0], [8.469661386104097, 5.59096684474812, 2.5279558793890997], [22.781985147361475, 18.865246195222316, 4.237269029022857], [29.0, 29.0, 14.0]]
Velocity: [[0.0, 0.0, 0.0], [7.469661386104097, 4.59096684474812, 1.5279558793890997], [14.312323761257378, 13.274279350474195, 1.7093131496337577], [6.218014852638525, 10.134753804777684, 9.762730970977142]]
Attitude: [[0.0, 0.0, 0.0], [0.5747996990566772, 1.0288000156137393, 1.3982583619310816], [0.7518882922086922, 0.826538665332224, 1.4834539861473468], [1.154725411250614, 0.8516309695069436, 0.8833371316925762]]
Save Location: maps/map2336/test.txt
