Path: 379
Path Score: 4.4528668030773755
Waypoints: [[1.0, 1.0, 1.0], [5.0694130019156045, 0.10947803648002186, 11.387112714668532], [14.31024281394206, 14.397341180730484, 10.344580509492056], [29.0, 29.0, 14.0]]
Velocity: [[0.0, 0.0, 0.0], [4.0694130019156045, -0.8905219635199781, 10.387112714668532], [9.240829812026455, 14.287863144250462, -1.0425322051764763], [14.68975718605794, 14.602658819269516, 3.655419490507944]]
Attitude: [[0.0, 0.0, 0.0], [1.1986423454069668, 1.65045321960768, 0.3814078923026202], [0.9979116346863725, 0.5769821814589136, 1.6319884715277484], [0.7976180124622528, 0.8033878261380559, 1.3961151528842315]]
Save Location: maps/map209/test.txt
