Path: 1287
Path Score: 4.190742137381494
Waypoints: [[1.0, 1.0, 1.0], [11.681123338592288, 14.089788280863255, 4.111381059339743], [18.441097262136424, 17.537267266708554, 6.281086639361177], [29.0, 29.0, 14.0]]
Velocity: [[0.0, 0.0, 0.0], [10.681123338592288, 13.089788280863255, 3.1113810593397426], [6.759973923544136, 3.447478985845299, 2.169705580021434], [10.558902737863576, 11.462732733291446, 7.718913360638823]]
Attitude: [[0.0, 0.0, 0.0], [0.8998039769895753, 0.7044384319041941, 1.3886732407031834], [0.5423136236817591, 1.1187469714015073, 1.2922994630223965], [0.9183550643402842, 0.8511782172620342, 1.1109269665548651]]
Save Location: maps/map1641/test.txt
