Path: 1112
Path Score: 4.114817228796213
Waypoints: [[1.0, 1.0, 1.0], [7.244355243304841, 4.686769508950413, 5.732290508395203], [15.326606466973086, 21.339557800606936, 5.709370475713641], [29.0, 29.0, 14.0]]
Velocity: [[0.0, 0.0, 0.0], [6.244355243304841, 3.6867695089504133, 4.732290508395203], [8.082251223668244, 16.652788291656524, -0.022920032681562397], [13.673393533026914, 7.660442199393064, 8.29062952428636]]
Attitude: [[0.0, 0.0, 0.0], [0.7653529368027897, 1.1309818444795048, 0.9925991767107255], [1.1189463553157213, 0.4518519230309792, 1.5720345449200093], [0.690120256163992, 1.1240390241586073, 1.0842390444713212]]
Save Location: maps/map2168/test.txt
