Path: 2231
Path Score: 4.249608526028843
Waypoints: [[1.0, 1.0, 1.0], [5.7591996310330025, 10.496060591014656, 1.1961851557501069], [12.142435065036207, 21.100167310234387, 2.8615106291366024], [29.0, 29.0, 14.0]]
Velocity: [[0.0, 0.0, 0.0], [4.7591996310330025, 9.496060591014656, 0.19618515575010687], [6.383235434003204, 10.60410671921973, 1.6653254733864955], [16.857564934963793, 7.8998326897656135, 11.138489370863397]]
Attitude: [[0.0, 0.0, 0.0], [1.1062936554501903, 0.46492826404694765, 1.5523285842779897], [1.03430499341312, 0.5565165534188657, 1.4370507018076415], [0.6808408924814575, 1.198086991553404, 1.0316252245918605]]
Save Location: maps/map1195/test.txt
