Path: 1430
Path Score: 4.30554897046152
Waypoints: [[1.0, 1.0, 1.0], [10.074445050749116, 1.0357225832720962, 9.412027835082272], [18.278593753428844, 13.542675969678093, 13.490985374955708], [29.0, 29.0, 14.0]]
Velocity: [[0.0, 0.0, 0.0], [9.074445050749116, 0.03572258327209621, 8.412027835082272], [8.204148702679728, 12.506953386405996, 4.078957539873436], [10.721406246571156, 15.457324030321907, 0.5090146250442924]]
Attitude: [[0.0, 0.0, 0.0], [0.7475390695972799, 1.5679093516700198, 0.8232656157544957], [1.0131766408843046, 0.6322514050262596, 1.3045696312358261], [0.964623337542555, 0.6069540453552669, 1.5437444202820336]]
Save Location: maps/map827/test.txt
