Path: 2493
Path Score: 4.247665095685251
Waypoints: [[1.0, 1.0, 1.0], [12.386106231445222, 1.1077460717588705, 7.4490524792482224], [24.882695815361128, 14.368288597070304, 12.113832918894575], [29.0, 29.0, 14.0]]
Velocity: [[0.0, 0.0, 0.0], [11.386106231445222, 0.10774607175887052, 6.4490524792482224], [12.496589583915906, 13.260542525311433, 4.664780439646353], [4.117304184638872, 14.631711402929696, 1.886167081105425]]
Attitude: [[0.0, 0.0, 0.0], [0.5154044449224107, 1.562562589250552, 1.0554709245652716], [0.8440988985258279, 0.7883421240325441, 1.3201687826833515], [1.2986348105444985, 0.30016579609209537, 1.4473372730099068]]
Save Location: maps/map1206/test.txt
