Path: 304
Path Score: 4.1573767241084365
Waypoints: [[1.0, 1.0, 1.0], [11.62421921707525, 9.637940007438962, 4.108292062461251], [17.89500835598713, 12.238417992478578, 7.134004137824853], [29.0, 29.0, 14.0]]
Velocity: [[0.0, 0.0, 0.0], [10.62421921707525, 8.637940007438962, 3.108292062461251], [6.27078913891188, 2.600477985039616, 3.025712075363602], [11.10499164401287, 16.761582007521422, 6.865995862175147]]
Attitude: [[0.0, 0.0, 0.0], [0.7126112608988734, 0.9081638967287853, 1.3475745118170808], [0.5666340812236486, 1.2133478353151932, 1.1515207454924095], [1.0208116603536068, 0.6617621353055158, 1.2417305692240037]]
Save Location: maps/map1898/test.txt
