Path: 1511
Path Score: 4.505017332379689
Waypoints: [[1.0, 1.0, 1.0], [0.8300875511549277, 1.6500330013832676, 11.560854587793756], [10.035552414872543, 14.727385926720864, 12.424650413075828], [29.0, 29.0, 14.0]]
Velocity: [[0.0, 0.0, 0.0], [-0.16991244884507228, 0.6500330013832676, 10.560854587793756], [9.205464863717616, 13.077352925337596, 0.8637958252820717], [18.96444758512746, 14.272614073279136, 1.5753495869241725]]
Attitude: [[0.0, 0.0, 0.0], [1.5868534482018404, 1.5093306408644638, 0.06353355267918272], [0.958465738530976, 0.6154194645056881, 1.5168359586419984], [0.6480734763088719, 0.9272854822750475, 1.5045215484811172]]
Save Location: maps/map108/test.txt
