Path: 256
Path Score: 4.133680748400367
Waypoints: [[1.0, 1.0, 1.0], [10.236205802881091, 6.726958385030271, 8.616461550781413], [22.16101751903432, 21.88131243389526, 7.844034735289933], [29.0, 29.0, 14.0]]
Velocity: [[0.0, 0.0, 0.0], [9.236205802881091, 5.726958385030271, 7.616461550781413], [11.92481171615323, 15.154354048864988, -0.77242681549148], [6.838982480965679, 7.1186875661047395, 6.155965264710067]]
Attitude: [[0.0, 0.0, 0.0], [0.801018365502451, 1.1245932303302049, 0.9595076706588436], [0.9047308491636799, 0.6677134844169244, 1.6108311648478393], [0.9423867443913255, 0.9123337917118957, 1.0131992799999519]]
Save Location: maps/map2050/test.txt
