Path: 2108
Path Score: 4.206151522094144
Waypoints: [[1.0, 1.0, 1.0], [7.976694836660609, 10.929766397758005, 9.409001445334173], [17.495244973045097, 26.03561227858441, 12.515738341607829], [29.0, 29.0, 14.0]]
Velocity: [[0.0, 0.0, 0.0], [6.976694836660609, 9.929766397758005, 8.409001445334173], [9.518550136384487, 15.105845880826404, 3.106736896273656], [11.504755026954903, 2.9643877214155907, 1.484261658392171]]
Attitude: [[0.0, 0.0, 0.0], [1.0786293818483852, 0.8331465441750755, 0.9648405508336908], [1.017821656606626, 0.585347016063251, 1.3985198238992782], [0.2805594303655102, 1.3206025270465491, 1.4465080099651364]]
Save Location: maps/map1498/test.txt
