Path: 1926
Path Score: 4.2129986774380095
Waypoints: [[1.0, 1.0, 1.0], [7.908661902969909, 13.249370598681029, 5.122888052721978], [21.908711729896172, 25.238135856299944, 5.545207600887396], [29.0, 29.0, 14.0]]
Velocity: [[0.0, 0.0, 0.0], [6.908661902969909, 12.249370598681029, 4.122888052721978], [14.000049826926263, 11.988765257618915, 0.4223195481654187], [7.091288270103828, 3.7618641437000555, 8.454792399112604]]
Attitude: [[0.0, 0.0, 0.0], [1.0799032623057099, 0.5811391675180452, 1.2856207472042467], [0.7084680765711956, 0.8628592751352532, 1.5478878060679389], [0.9169442204311326, 1.2422469685705426, 0.7594689249536318]]
Save Location: maps/map1447/test.txt
