Path: 2481
Path Score: 4.291496119896928
Waypoints: [[1.0, 1.0, 1.0], [12.386106231445222, 1.1077460717588705, 7.4490524792482224], [25.752844741997475, 11.22365858767903, 10.0403064910286], [29.0, 29.0, 14.0]]
Velocity: [[0.0, 0.0, 0.0], [11.386106231445222, 0.10774607175887052, 6.4490524792482224], [13.366738510552253, 10.115912515920158, 2.5912540117803777], [3.2471552580025254, 17.77634141232097, 3.9596935089714]]
Attitude: [[0.0, 0.0, 0.0], [0.5154044449224107, 1.562562589250552, 1.0554709245652716], [0.6631917677998496, 0.9318125792315198, 1.417429345636099], [1.39435302498806, 0.28047766201905855, 1.355080829085384]]
Save Location: maps/map921/test.txt
