Path: 2504
Path Score: 4.722426693390398
Waypoints: [[1.0, 1.0, 1.0], [1.327818985938627, 0.12165432475222393, 2.009587905737008], [4.844954787942095, 14.493280729732227, 5.905721797057641], [29.0, 29.0, 14.0]]
Velocity: [[0.0, 0.0, 0.0], [0.3278189859386269, -0.8783456752477761, 1.0095879057370079], [3.517135802003468, 14.371626404980002, 3.896133891320633], [24.155045212057907, 14.506719270267773, 8.094278202942359]]
Attitude: [[0.0, 0.0, 0.0], [1.3305559476771869, 2.2620673328650165, 0.7484058480919805], [1.3388457330476946, 0.3501698285059573, 1.3133134320129598], [0.6024424447916688, 1.0531462247840206, 1.291057789320684]]
Save Location: maps/map3/test.txt
