Path: 1460
Path Score: 4.3352484347072515
Waypoints: [[1.0, 1.0, 1.0], [1.5831056317866898, 11.289807463775418, 6.886569014408189], [8.326355677599059, 21.007879601570398, 11.349606769497015], [29.0, 29.0, 14.0]]
Velocity: [[0.0, 0.0, 0.0], [0.5831056317866898, 10.289807463775418, 5.886569014408189], [6.743250045812369, 9.71807213779498, 4.463037755088826], [20.67364432240094, 7.992120398429602, 2.650393230502985]]
Attitude: [[0.0, 0.0, 0.0], [1.5216478577442305, 0.5217422173051365, 1.0518517055369716], [1.0082020731848025, 0.6940104757192608, 1.2099987783849075], [0.3867733775955384, 1.2046409482682174, 1.4517841548325077]]
Save Location: maps/map651/test.txt
