Path: 1628
Path Score: 4.08943213253372
Waypoints: [[1.0, 1.0, 1.0], [10.36013664890983, 5.847929453477029, 2.4421408215587084], [22.48463544099993, 22.910796544751268, 5.995441400636155], [29.0, 29.0, 14.0]]
Velocity: [[0.0, 0.0, 0.0], [9.36013664890983, 4.847929453477029, 1.4421408215587084], [12.124498792090101, 17.06286709127424, 3.5533005790774466], [6.515364559000069, 6.089203455248732, 8.004558599363845]]
Attitude: [[0.0, 0.0, 0.0], [0.49541529610661705, 1.0976792558885609, 1.4348290922750935], [0.9629931633806016, 0.6373706386740229, 1.402644111823049], [0.9959567092637175, 1.0377754035517597, 0.8393162236524304]]
Save Location: maps/map2290/test.txt
