Path: 2023
Path Score: 4.279059131894504
Waypoints: [[1.0, 1.0, 1.0], [1.6574939373145603, 7.640942564656317, 6.853106441814953], [8.962504318780672, 19.70715034496878, 6.76140850408924], [29.0, 29.0, 14.0]]
Velocity: [[0.0, 0.0, 0.0], [0.6574939373145603, 6.640942564656317, 5.853106441814953], [7.305010381466111, 12.066207780312464, -0.091697937725713], [20.037495681219326, 9.292849655031219, 7.23859149591076]]
Attitude: [[0.0, 0.0, 0.0], [1.4966576018134188, 0.7255359120981532, 0.8507902510389312], [1.0264207141536146, 0.544423307781165, 1.5772972394823432], [0.5314510518725527, 1.159491135048408, 1.2541033357169327]]
Save Location: maps/map1005/test.txt
