Path: 270
Path Score: 4.157330697894747
Waypoints: [[1.0, 1.0, 1.0], [10.236205802881091, 6.726958385030271, 8.616461550781413], [18.278593753428844, 13.542675969678093, 13.490985374955708], [29.0, 29.0, 14.0]]
Velocity: [[0.0, 0.0, 0.0], [9.236205802881091, 5.726958385030271, 7.616461550781413], [8.042387950547752, 6.815717584647822, 4.874523824174295], [10.721406246571156, 15.457324030321907, 0.5090146250442924]]
Attitude: [[0.0, 0.0, 0.0], [0.801018365502451, 1.1245932303302049, 0.9595076706588436], [0.8059198260361559, 0.9436557699585741, 1.1376865406618006], [0.964623337542555, 0.6069540453552669, 1.5437444202820336]]
Save Location: maps/map1899/test.txt
