Path: 1960
Path Score: 4.182309086166636
Waypoints: [[1.0, 1.0, 1.0], [7.908661902969909, 13.249370598681029, 5.122888052721978], [19.778926106740936, 25.028774492325528, 13.753258473645548], [29.0, 29.0, 14.0]]
Velocity: [[0.0, 0.0, 0.0], [6.908661902969909, 12.249370598681029, 4.122888052721978], [11.870264203771027, 11.7794038936445, 8.63037042092357], [9.221073893259064, 3.971225507674472, 0.24674152635445168]]
Attitude: [[0.0, 0.0, 0.0], [1.0799032623057099, 0.5811391675180452, 1.2856207472042467], [0.8882486623534135, 0.8944552212641274, 1.0943684239545746], [0.40736238913210576, 1.1642642704118822, 1.54622508670751]]
Save Location: maps/map1707/test.txt
