Path: 14
Path Score: 4.340740603001727
Waypoints: [[1.0, 1.0, 1.0], [8.883832853990807, 7.619820070167713, 5.821889119101872], [8.326355677599059, 21.007879601570398, 11.349606769497015], [29.0, 29.0, 14.0]]
Velocity: [[0.0, 0.0, 0.0], [7.883832853990807, 6.619820070167713, 4.821889119101872], [-0.5574771763917479, 13.388059531402686, 5.527717650395143], [20.67364432240094, 7.992120398429602, 2.650393230502985]]
Attitude: [[0.0, 0.0, 0.0], [0.8044304960935175, 0.9492050844908356, 1.1327513067607105], [1.6092656359109192, 0.3933518712885669, 1.1795379523010188], [0.3867733775955384, 1.2046409482682174, 1.4517841548325077]]
Save Location: maps/map627/test.txt
