Path: 1673
Path Score: 4.379314002429879
Waypoints: [[1.0, 1.0, 1.0], [1.4862613186235762, 5.302297197202417, 9.54279168299124], [19.70415101856637, 13.671074305937509, 12.81372080915123], [29.0, 29.0, 14.0]]
Velocity: [[0.0, 0.0, 0.0], [0.48626131862357624, 4.302297197202417, 8.54279168299124], [18.217889699942795, 8.368777108735092, 3.2709291261599898], [9.295848981433629, 15.328925694062491, 1.1862791908487704]]
Attitude: [[0.0, 0.0, 0.0], [1.520002440634727, 1.1049085373684124, 0.46909167611999897], [0.45820276883057565, 1.1461629695942723, 1.409067565403314], [1.0269884977688475, 0.548718444626354, 1.5047210663746937]]
Save Location: maps/map433/test.txt
