Path: 1866
Path Score: 4.256426789507606
Waypoints: [[1.0, 1.0, 1.0], [5.142904841761517, 4.732071187514425, 9.090826078056057], [24.882695815361128, 14.368288597070304, 12.113832918894575], [29.0, 29.0, 14.0]]
Velocity: [[0.0, 0.0, 0.0], [4.142904841761517, 3.732071187514425, 8.090826078056057], [19.73979097359961, 9.63621740955588, 3.0230068408385176], [4.117304184638872, 14.631711402929696, 1.886167081105425]]
Attitude: [[0.0, 0.0, 0.0], [1.1355654236864037, 1.1812058528805445, 0.6034260736599171], [0.47290026599888385, 1.1212168868089254, 1.4340348636030704], [1.2986348105444985, 0.30016579609209537, 1.4473372730099068]]
Save Location: maps/map1156/test.txt
