Path: 1947
Path Score: 4.198732761846533
Waypoints: [[1.0, 1.0, 1.0], [7.908661902969909, 13.249370598681029, 5.122888052721978], [14.43692874246404, 21.36894668574859, 11.322509376936443], [29.0, 29.0, 14.0]]
Velocity: [[0.0, 0.0, 0.0], [6.908661902969909, 12.249370598681029, 4.122888052721978], [6.5282668394941314, 8.11957608706756, 6.1996213242144655], [14.56307125753596, 7.63105331425141, 2.677490623063557]]
Attitude: [[0.0, 0.0, 0.0], [1.0799032623057099, 0.5811391675180452, 1.2856207472042467], [1.0021676625843625, 0.8369452174313792, 1.0340191956388676], [0.5069175043207065, 1.0949344880442036, 1.4093618733327953]]
Save Location: maps/map1571/test.txt
