Path: 704
Path Score: 4.202084503510584
Waypoints: [[1.0, 1.0, 1.0], [7.279071891786115, 11.99037003440958, 7.619831722996372], [15.684579521262053, 24.294407344774495, 11.460625578176513], [29.0, 29.0, 14.0]]
Velocity: [[0.0, 0.0, 0.0], [6.279071891786115, 10.99037003440958, 6.619831722996372], [8.405507629475938, 12.304037310364915, 3.8407938551801415], [13.315420478737947, 4.705592655225505, 2.539374421823487]]
Attitude: [[0.0, 0.0, 0.0], [1.115662030937802, 0.6928797362779866, 1.088924427386206], [0.9929343486079371, 0.6441984958922672, 1.3185342446185606], [0.38185806857320004, 1.2366735425670707, 1.3928860386768187]]
Save Location: maps/map1549/test.txt
