Path: 373
Path Score: 4.408232796416869
Waypoints: [[1.0, 1.0, 1.0], [5.0694130019156045, 0.10947803648002186, 11.387112714668532], [20.225861212634335, 15.04532595668622, 11.643310714362196], [29.0, 29.0, 14.0]]
Velocity: [[0.0, 0.0, 0.0], [4.0694130019156045, -0.8905219635199781, 10.387112714668532], [15.15644821071873, 14.935847920206198, 0.2561979996936632], [8.774138787365665, 13.95467404331378, 2.3566892856378043]]
Attitude: [[0.0, 0.0, 0.0], [1.1986423454069668, 1.65045321960768, 0.3814078923026202], [0.7781410448064006, 0.7928002363168933, 1.5587569847709761], [1.0158144950798451, 0.5771097040965634, 1.4287893660504631]]
Save Location: maps/map342/test.txt
