Path: 2448
Path Score: 4.1197513253078775
Waypoints: [[1.0, 1.0, 1.0], [12.422424952449036, 7.364456284222653, 4.120550879483655], [21.78645601699983, 26.938246068819566, 10.468055210066508], [29.0, 29.0, 14.0]]
Velocity: [[0.0, 0.0, 0.0], [11.422424952449036, 6.364456284222653, 3.1205508794836554], [9.364031064550792, 19.57378978459691, 6.3475043305828525], [7.2135439830001715, 2.0617539311804336, 3.531944789933492]]
Attitude: [[0.0, 0.0, 0.0], [0.5554007765856399, 1.0776065097557235, 1.3365284239372268], [1.1437369064123997, 0.5240473492534485, 1.2862030835580764], [0.5157591343381982, 1.3195229300441227, 1.1308007241554319]]
Save Location: maps/map2136/test.txt
