Path: 1456
Path Score: 4.375457661306068
Waypoints: [[1.0, 1.0, 1.0], [1.5831056317866898, 11.289807463775418, 6.886569014408189], [7.389357188954467, 23.477432848813812, 10.209341262023914], [29.0, 29.0, 14.0]]
Velocity: [[0.0, 0.0, 0.0], [0.5831056317866898, 10.289807463775418, 5.886569014408189], [5.806251557167776, 12.187625385038395, 3.322772247615725], [21.610642811045533, 5.522567151186188, 3.790658737976086]]
Attitude: [[0.0, 0.0, 0.0], [1.5216478577442305, 0.5217422173051365, 1.0518517055369716], [1.139963383480708, 0.5019988297950873, 1.3294626055775285], [0.3005654335537563, 1.324213007369078, 1.4024590083582664]]
Save Location: maps/map442/test.txt
