Path: 964
Path Score: 4.16802489866541
Waypoints: [[1.0, 1.0, 1.0], [7.03200889148945, 11.212381035806049, 2.4091861245466912], [14.46706287539074, 21.68231868352074, 5.395598205098573], [29.0, 29.0, 14.0]]
Velocity: [[0.0, 0.0, 0.0], [6.03200889148945, 10.212381035806049, 1.4091861245466912], [7.43505398390129, 10.469937647714692, 2.986412080551882], [14.53293712460926, 7.317681316479259, 8.604401794901428]]
Attitude: [[0.0, 0.0, 0.0], [1.0413956223611207, 0.5452295055399751, 1.4525400011168248], [0.9716417075169971, 0.6532072533331211, 1.3422954409479653], [0.6606967282577116, 1.161934980212726, 1.0843680323639853]]
Save Location: maps/map1816/test.txt
