Path: 1785
Path Score: 4.129305423895603
Waypoints: [[1.0, 1.0, 1.0], [5.8300877579373775, 12.986927175779844, 2.2883830638241456], [24.231363728279373, 24.064238050008328, 9.859876317962396], [29.0, 29.0, 14.0]]
Velocity: [[0.0, 0.0, 0.0], [4.8300877579373775, 11.986927175779844, 1.2883830638241456], [18.401275970341995, 11.077310874228484, 7.57149325413825], [4.768636271720627, 4.935761949991672, 4.140123682037604]]
Attitude: [[0.0, 0.0, 0.0], [1.1897394258126446, 0.3951048953544142, 1.471431398260883], [0.6300371030184602, 1.0628222829090381, 1.231878597181157], [0.9335872338350895, 0.9073880140782924, 1.02799260384737]]
Save Location: maps/map2086/test.txt
