Path: 1875
Path Score: 4.225573379165952
Waypoints: [[1.0, 1.0, 1.0], [5.142904841761517, 4.732071187514425, 9.090826078056057], [17.142077840697404, 12.866671640253438, 8.671369517017055], [29.0, 29.0, 14.0]]
Velocity: [[0.0, 0.0, 0.0], [4.142904841761517, 3.732071187514425, 8.090826078056057], [11.999172998935887, 8.134600452739013, -0.4194565610390022], [11.857922159302596, 16.133328359746564, 5.328630482982945]]
Attitude: [[0.0, 0.0, 0.0], [1.1355654236864037, 1.1812058528805445, 0.6034260736599171], [0.5963766928939307, 0.9753200337271928, 1.5997230472541168], [0.9614723836846367, 0.6782653453057865, 1.3106912242211473]]
Save Location: maps/map1370/test.txt
