Path: 831
Path Score: 4.30852010812429
Waypoints: [[1.0, 1.0, 1.0], [4.844954787942095, 14.493280729732227, 5.905721797057641], [9.662916602314, 22.21326367479614, 9.15459432162151], [29.0, 29.0, 14.0]]
Velocity: [[0.0, 0.0, 0.0], [3.844954787942095, 13.493280729732227, 4.905721797057641], [4.817961814371905, 7.7199829450639115, 3.2488725245638683], [19.337083397686, 6.7867363252038615, 4.845405678378491]]
Attitude: [[0.0, 0.0, 0.0], [1.3091332202726853, 0.43273101466224884, 1.2344339666278068], [1.0487914578473618, 0.6452423088643705, 1.2278839802462278], [0.40714433808387096, 1.242659214067075, 1.3386234911715096]]
Save Location: maps/map806/test.txt
