Path: 2004
Path Score: 4.42286019586959
Waypoints: [[1.0, 1.0, 1.0], [1.6574939373145603, 7.640942564656317, 6.853106441814953], [4.285738701136791, 19.585317816941107, 12.839338817743226], [29.0, 29.0, 14.0]]
Velocity: [[0.0, 0.0, 0.0], [0.6574939373145603, 6.640942564656317, 5.853106441814953], [2.6282447638222304, 11.94437525228479, 5.986232375928273], [24.71426129886321, 9.414682183058893, 1.1606611822567743]]
Attitude: [[0.0, 0.0, 0.0], [1.4966576018134188, 0.7255359120981532, 0.8507902510389312], [1.376559019070099, 0.5008084741849286, 1.115610995528908], [0.3664853104185652, 1.207193369817229, 1.5269377590332232]]
Save Location: maps/map291/test.txt
