Path: 292
Path Score: 4.191849024929207
Waypoints: [[1.0, 1.0, 1.0], [11.62421921707525, 9.637940007438962, 4.108292062461251], [15.44249175683154, 18.284183195920107, 9.161844399110448], [29.0, 29.0, 14.0]]
Velocity: [[0.0, 0.0, 0.0], [10.62421921707525, 8.637940007438962, 3.108292062461251], [3.8182725397562898, 8.646243188481145, 5.053552336649197], [13.55750824316846, 10.715816804079893, 4.838155600889552]]
Attitude: [[0.0, 0.0, 0.0], [0.7126112608988734, 0.9081638967287853, 1.3475745118170808], [1.2065456494575721, 0.6322422519012146, 1.0798028139509124], [0.714409075190648, 0.9308782745117469, 1.2978165450117953]]
Save Location: maps/map1631/test.txt
