Path: 1033
Path Score: 4.291093796981398
Waypoints: [[1.0, 1.0, 1.0], [5.124139793286082, 11.529276214212281, 3.1169525438428494], [14.655112419192436, 29.3283759307992, 11.159787577707847], [29.0, 29.0, 14.0]]
Velocity: [[0.0, 0.0, 0.0], [4.124139793286082, 10.529276214212281, 2.1169525438428494], [9.530972625906355, 17.79909971658692, 8.042835033864998], [14.344887580807564, -0.3283759307992007, 2.8402124222921525]]
Attitude: [[0.0, 0.0, 0.0], [1.2041596665548568, 0.4147337109116922, 1.3857324418142094], [1.1168193220138383, 0.6111655622924784, 1.1917115838803751], [0.19673554575391217, 1.5932481293968974, 1.3753795345072697]]
Save Location: maps/map924/test.txt
