Path: 193
Path Score: 4.496280370055713
Waypoints: [[1.0, 1.0, 1.0], [0.1034748464100077, 6.396090427855569, 9.25430405624771], [11.29885047226655, 13.922680563011099, 6.0742347128672325], [29.0, 29.0, 14.0]]
Velocity: [[0.0, 0.0, 0.0], [-0.8965251535899923, 5.396090427855569, 8.25430405624771], [11.195375625856542, 7.52659013515553, -3.1800693433804774], [17.70114952773345, 15.077319436988901, 7.9257652871327675]]
Attitude: [[0.0, 0.0, 0.0], [1.6614577493511176, 0.9944855483118206, 0.5852456997051783], [0.6304729762469052, 0.9967370507245982, 1.8023013847494849], [0.7661818536866618, 0.9099886285213937, 1.2422839364012292]]
Save Location: maps/map118/test.txt
