Path: 2202
Path Score: 4.082913278478752
Waypoints: [[1.0, 1.0, 1.0], [5.839689469355285, 6.231079992564079, 1.4400139470819306], [13.095324436113561, 15.033365545267669, 6.706312039110363], [29.0, 29.0, 14.0]]
Velocity: [[0.0, 0.0, 0.0], [4.839689469355285, 5.231079992564079, 0.44001394708193065], [7.255634966758276, 8.80228555270359, 5.266298092028433], [15.904675563886439, 13.966634454732331, 7.293687960889637]]
Attitude: [[0.0, 0.0, 0.0], [0.8259996858182699, 0.748605830934555, 1.5091311358387776], [0.9551501049353525, 0.7945774875310981, 1.1382851145874533], [0.7807156099511975, 0.8971446612687055, 1.2389541045829986]]
Save Location: maps/map2312/test.txt
