Path: 700
Path Score: 4.35484072229244
Waypoints: [[1.0, 1.0, 1.0], [7.279071891786115, 11.99037003440958, 7.619831722996372], [8.698977053221993, 19.48629808039675, 13.371846165404145], [29.0, 29.0, 14.0]]
Velocity: [[0.0, 0.0, 0.0], [6.279071891786115, 10.99037003440958, 6.619831722996372], [1.419905161435878, 7.495928045987171, 5.7520144424077735], [20.301022946778005, 9.51370191960325, 0.6281538345958548]]
Attitude: [[0.0, 0.0, 0.0], [1.115662030937802, 0.6928797362779866, 1.088924427386206], [1.4216345222593831, 0.668851250095531, 0.9247753035450836], [0.4390758398022054, 1.132740622989748, 1.5427856888103315]]
Save Location: maps/map553/test.txt
