Path: 2060
Path Score: 4.33534208020112
Waypoints: [[1.0, 1.0, 1.0], [2.1051801977178286, 12.705542697858661, 1.33533427386211], [8.159225786633002, 22.267181592153765, 7.3392383843274605], [29.0, 29.0, 14.0]]
Velocity: [[0.0, 0.0, 0.0], [1.1051801977178286, 11.705542697858661, 0.3353342738621099], [6.054045588915173, 9.561638894295104, 6.003904110465351], [20.840774213367, 6.732818407846235, 6.6607616156725395]]
Attitude: [[0.0, 0.0, 0.0], [1.4766986395106851, 0.09834724994807642, 1.5422834159518], [1.0785984955095038, 0.7282232142659719, 1.0830343296976497], [0.42653797996828985, 1.2722670340266777, 1.2755587507369637]]
Save Location: maps/map650/test.txt
