Path: 1160
Path Score: 4.358291201566683
Waypoints: [[1.0, 1.0, 1.0], [7.244355243304841, 4.686769508950413, 5.732290508395203], [6.596290149546203, 22.34738075894622, 14.267155835962525], [29.0, 29.0, 14.0]]
Velocity: [[0.0, 0.0, 0.0], [6.244355243304841, 3.6867695089504133, 4.732290508395203], [-0.6480650937586381, 17.660611249995807, 8.53486532756732], [22.403709850453797, 6.652619241053781, -0.2671558359625248]]
Attitude: [[0.0, 0.0, 0.0], [0.7653529368027897, 1.1309818444795048, 0.9925991767107255], [1.6038238782185352, 0.4513024144027976, 1.1208846142074553], [0.2888695544722783, 1.2821661018601413, 1.582227121859774]]
Save Location: maps/map529/test.txt
