Path: 1632
Path Score: 4.046320525586727
Waypoints: [[1.0, 1.0, 1.0], [10.36013664890983, 5.847929453477029, 2.4421408215587084], [21.391366360934747, 19.016584990160858, 9.132275513596717], [29.0, 29.0, 14.0]]
Velocity: [[0.0, 0.0, 0.0], [9.36013664890983, 4.847929453477029, 1.4421408215587084], [11.031229712024917, 13.16865553668383, 6.690134692038009], [7.608633639065253, 9.983415009839142, 4.867724486403283]]
Attitude: [[0.0, 0.0, 0.0], [0.49541529610661705, 1.0976792558885609, 1.4348290922750935], [0.9293234937210387, 0.7751467987831094, 1.1994197306027456], [0.9701837951063373, 0.7354334851728955, 1.20085483013767]]
Save Location: maps/map2434/test.txt
