Path: 2127
Path Score: 4.229612603088524
Waypoints: [[1.0, 1.0, 1.0], [7.976694836660609, 10.929766397758005, 9.409001445334173], [25.89146789512382, 17.947079052650324, 10.291630941969098], [29.0, 29.0, 14.0]]
Velocity: [[0.0, 0.0, 0.0], [6.976694836660609, 9.929766397758005, 8.409001445334173], [17.91477305846321, 7.017312654892319, 0.8826294966349248], [3.108532104876179, 11.052920947349676, 3.708369058030902]]
Attitude: [[0.0, 0.0, 0.0], [1.0786293818483852, 0.8331465441750755, 0.9648405508336908], [0.37600837606361737, 1.1978723708056336, 1.5249540110888573], [1.3102246373088302, 0.4126571490004325, 1.2583924394013435]]
Save Location: maps/map1343/test.txt
