Path: 1723
Path Score: 4.332768507461111
Waypoints: [[1.0, 1.0, 1.0], [10.805725952785512, 11.283487147150078, 0.7484718343695662], [19.747287023046923, 29.82416487797133, 10.432454096489826], [29.0, 29.0, 14.0]]
Velocity: [[0.0, 0.0, 0.0], [9.805725952785512, 10.283487147150078, -0.2515281656304338], [8.941561070261411, 18.54067773082125, 9.68398226212026], [9.252712976953077, -0.8241648779713309, 3.567545903510174]]
Attitude: [[0.0, 0.0, 0.0], [0.8093250089126587, 0.7617849255869302, 1.5884962164824006], [1.1668348551815833, 0.6180089755466657, 1.131060665506434], [0.3768134483966241, 1.6537149137271474, 1.2041176775046736]]
Save Location: maps/map670/test.txt
