Path: 1222
Path Score: 4.475554091540413
Waypoints: [[1.0, 1.0, 1.0], [10.98841998167141, 13.67984788740044, 4.669955467169109], [10.154931135603169, 27.558570916545424, 10.904913587202246], [29.0, 29.0, 14.0]]
Velocity: [[0.0, 0.0, 0.0], [9.98841998167141, 12.67984788740044, 3.6699554671691086], [-0.8334888460682404, 13.878723029144984, 6.234958120033138], [18.84506886439683, 1.441429083454576, 3.0950864127977535]]
Attitude: [[0.0, 0.0, 0.0], [0.9230317793050691, 0.698207449561829, 1.3472349331065676], [1.6255226632233029, 0.42554679918664623, 1.1492422354781648], [0.1792318684503368, 1.4954619679425223, 1.4084768971650652]]
Save Location: maps/map164/test.txt
