Path: 1333
Path Score: 4.4188471610162425
Waypoints: [[1.0, 1.0, 1.0], [3.4670120800623283, 8.98615020457587, 12.766320645476934], [10.752760318917543, 18.75992942067851, 14.80087523764835], [29.0, 29.0, 14.0]]
Velocity: [[0.0, 0.0, 0.0], [2.4670120800623283, 7.986150204575869, 11.766320645476934], [7.285748238855215, 9.77377921610264, 2.034554592171416], [18.247239681082455, 10.24007057932149, -0.8008752376483503]]
Attitude: [[0.0, 0.0, 0.0], [1.399024108228292, 0.9844440153430374, 0.6176559127637982], [0.9403529891348275, 0.6586585792313916, 1.4054241382431352], [0.5126920098124623, 1.0598172007710935, 1.6090527819834075]]
Save Location: maps/map303/test.txt
