Path: 1040
Path Score: 4.066998820223526
Waypoints: [[1.0, 1.0, 1.0], [5.124139793286082, 11.529276214212281, 3.1169525438428494], [18.987168424161545, 21.350324413129044, 10.434584031210562], [29.0, 29.0, 14.0]]
Velocity: [[0.0, 0.0, 0.0], [4.124139793286082, 10.529276214212281, 2.1169525438428494], [13.863028630875464, 9.821048198916763, 7.317631487367713], [10.012831575838455, 7.649675586870956, 3.565415968789438]]
Attitude: [[0.0, 0.0, 0.0], [1.2041596665548568, 0.4147337109116922, 1.3857324418142094], [0.7236033575980698, 1.0111123180997104, 1.1640909201311016], [0.7003550436294252, 0.9469578898565721, 1.2950479413160163]]
Save Location: maps/map2374/test.txt
