Path: 1539
Path Score: 4.1313780681252235
Waypoints: [[1.0, 1.0, 1.0], [5.1328300726842055, 6.167067988359742, 4.338023583503114], [17.21982023619961, 8.006705393204069, 10.081471535117235], [29.0, 29.0, 14.0]]
Velocity: [[0.0, 0.0, 0.0], [4.1328300726842055, 5.167067988359742, 3.338023583503114], [12.086990163515404, 1.8396374048443267, 5.743447951614121], [11.78017976380039, 20.99329460679593, 3.9185284648827654]]
Attitude: [[0.0, 0.0, 0.0], [0.9792202736645594, 0.799275207152919, 1.1035589735254734], [0.46281201436967034, 1.4341833243302469, 1.1316269859930632], [1.0667154657863167, 0.5340499258370055, 1.4094321512942536]]
Save Location: maps/map2067/test.txt
