Path: 523
Path Score: 4.241439425073004
Waypoints: [[1.0, 1.0, 1.0], [9.981785049321614, 2.094242845092411, 3.906087432644374], [22.76658572963688, 9.235766945696607, 14.657275630817615], [29.0, 29.0, 14.0]]
Velocity: [[0.0, 0.0, 0.0], [8.981785049321614, 1.094242845092411, 2.906087432644374], [12.784800680315266, 7.141524100604196, 10.751188198173242], [6.23341427036312, 19.764233054303393, -0.6572756308176153]]
Attitude: [[0.0, 0.0, 0.0], [0.33286566125405836, 1.4553984883962245, 1.2600245384619229], [0.7901526292979227, 1.1667915903842048, 0.9375099184089905], [1.2654404978558256, 0.30710381033439227, 1.6025015139442569]]
Save Location: maps/map1251/test.txt
