Path: 2473
Path Score: 4.25722438602737
Waypoints: [[1.0, 1.0, 1.0], [12.386106231445222, 1.1077460717588705, 7.4490524792482224], [24.80078989068509, 16.52228778449424, 8.560347909072977], [29.0, 29.0, 14.0]]
Velocity: [[0.0, 0.0, 0.0], [11.386106231445222, 0.10774607175887052, 6.4490524792482224], [12.414683659239866, 15.414541712735367, 1.1112954298247546], [4.199210109314912, 12.477712215505761, 5.439652090927023]]
Attitude: [[0.0, 0.0, 0.0], [0.5154044449224107, 1.562562589250552, 1.0554709245652716], [0.8940446667712403, 0.6799677768011662, 1.5147071610088276], [1.2715632840353657, 0.5034073100322944, 1.1789804677621314]]
Save Location: maps/map1150/test.txt
