Path: 1685
Path Score: 4.483352956793539
Waypoints: [[1.0, 1.0, 1.0], [1.4862613186235762, 5.302297197202417, 9.54279168299124], [11.922439956495857, 17.336683693731057, 5.215453288665816], [29.0, 29.0, 14.0]]
Velocity: [[0.0, 0.0, 0.0], [0.48626131862357624, 4.302297197202417, 8.54279168299124], [10.436178637872281, 12.03438649652864, -4.327338394325424], [17.077560043504143, 11.663316306268943, 8.784546711334183]]
Attitude: [[0.0, 0.0, 0.0], [1.520002440634727, 1.1049085373684124, 0.46909167611999897], [0.8863492070379744, 0.7538379224403076, 1.8360549856227129], [0.7073929618515384, 1.0250094498144648, 1.169113814241912]]
Save Location: maps/map144/test.txt
