Path: 236
Path Score: 4.343182994298294
Waypoints: [[1.0, 1.0, 1.0], [0.2429086269009595, 4.401009458247564, 1.9766829018839305], [11.922439956495857, 17.336683693731057, 5.215453288665816], [29.0, 29.0, 14.0]]
Velocity: [[0.0, 0.0, 0.0], [-0.7570913730990405, 3.4010094582475636, 0.9766829018839305], [11.679531329594898, 12.935674235483493, 3.2387703867818853], [17.077560043504143, 11.663316306268943, 8.784546711334183]]
Attitude: [[0.0, 0.0, 0.0], [1.7815782743907893, 0.34851827104464184, 1.297497366701187], [0.8514807894214144, 0.7528665388894115, 1.3870575521737618], [0.7073929618515384, 1.0250094498144648, 1.169113814241912]]
Save Location: maps/map613/test.txt
