Path: 1541
Path Score: 4.05769396116991
Waypoints: [[1.0, 1.0, 1.0], [5.1328300726842055, 6.167067988359742, 4.338023583503114], [25.428707168258946, 19.405189246924685, 11.09112041789754], [29.0, 29.0, 14.0]]
Velocity: [[0.0, 0.0, 0.0], [4.1328300726842055, 5.167067988359742, 3.338023583503114], [20.29587709557474, 13.238121258564943, 6.753096834394427], [3.5712928317410544, 9.594810753075315, 2.9088795821024593]]
Attitude: [[0.0, 0.0, 0.0], [0.9792202736645594, 0.799275207152919, 1.1035589735254734], [0.6320260264305226, 1.0165980992089945, 1.2990031060378393], [1.228608075856676, 0.4475659367165343, 1.29396325921033]]
Save Location: maps/map2402/test.txt
