Path: 1942
Path Score: 4.162487563131496
Waypoints: [[1.0, 1.0, 1.0], [7.908661902969909, 13.249370598681029, 5.122888052721978], [25.82242157098592, 26.583335307071817, 8.735195019153062], [29.0, 29.0, 14.0]]
Velocity: [[0.0, 0.0, 0.0], [6.908661902969909, 12.249370598681029, 4.122888052721978], [17.913759668016013, 13.333964708390788, 3.6123069664310847], [3.17757842901408, 2.416664692928183, 5.264804980846938]]
Attitude: [[0.0, 0.0, 0.0], [1.0799032623057099, 0.5811391675180452, 1.2856207472042467], [0.6569146783692743, 0.9404436607101654, 1.4104272986732846], [1.0690872565574958, 1.1963461847155972, 0.6487738662809521]]
Save Location: maps/map1868/test.txt
