Path: 173
Path Score: 4.433392996084251
Waypoints: [[1.0, 1.0, 1.0], [0.8689948832512862, 4.64282219210965, 7.776103442790986], [9.662916602314, 22.21326367479614, 9.15459432162151], [29.0, 29.0, 14.0]]
Velocity: [[0.0, 0.0, 0.0], [-0.13100511674871385, 3.6428221921096497, 6.776103442790986], [8.793921719062714, 17.57044148268649, 1.3784908788305232], [19.337083397686, 6.7867363252038615, 4.845405678378491]]
Attitude: [[0.0, 0.0, 0.0], [1.5878233126910848, 1.077602275761293, 0.4935415452562085], [1.1079794986630016, 0.4689192298649058, 1.5007526207125514], [0.40714433808387096, 1.242659214067075, 1.3386234911715096]]
Save Location: maps/map257/test.txt
