Path: 1062
Path Score: 4.173226319423026
Waypoints: [[1.0, 1.0, 1.0], [5.124139793286082, 11.529276214212281, 3.1169525438428494], [10.30043474338533, 16.763297732058618, 6.875926560339274], [29.0, 29.0, 14.0]]
Velocity: [[0.0, 0.0, 0.0], [4.124139793286082, 10.529276214212281, 2.1169525438428494], [5.176294950099248, 5.234021517846337, 3.758974016496425], [18.69956525661467, 12.236702267941382, 7.124073439660726]]
Attitude: [[0.0, 0.0, 0.0], [1.2041596665548568, 0.4147337109116922, 1.3857324418142094], [0.8940609022289439, 0.8850700973877655, 1.098674037660246], [0.6480970733888322, 1.0219569516917306, 1.2621948308972217]]
Save Location: maps/map1778/test.txt
