Path: 1946
Path Score: 4.104338974326502
Waypoints: [[1.0, 1.0, 1.0], [7.908661902969909, 13.249370598681029, 5.122888052721978], [24.231363728279373, 24.064238050008328, 9.859876317962396], [29.0, 29.0, 14.0]]
Velocity: [[0.0, 0.0, 0.0], [6.908661902969909, 12.249370598681029, 4.122888052721978], [16.322701825309466, 10.814867451327299, 4.736988265240418], [4.768636271720627, 4.935761949991672, 4.140123682037604]]
Attitude: [[0.0, 0.0, 0.0], [1.0799032623057099, 0.5811391675180452, 1.2856207472042467], [0.6262165275037055, 1.0041037297354451, 1.3334319510565422], [0.9335872338350895, 0.9073880140782924, 1.02799260384737]]
Save Location: maps/map2226/test.txt
