Path: 2385
Path Score: 3.131339335686854
Waypoints: [[1.0, 1.0, 1.0], [12.422424952449036, 7.364456284222653, 4.120550879483655], [29.0, 29.0, 14.0]]
Velocity: [[0.0, 0.0, 0.0], [11.422424952449036, 6.364456284222653, 3.1205508794836554], [16.577575047550965, 21.635543715777345, 9.879449120516345]]
Attitude: [[0.0, 0.0, 0.0], [0.5554007765856399, 1.0776065097557235, 1.3365284239372268], [0.9620919895561951, 0.7283587663562769, 1.2230619361843695]]
Save Location: maps/map2507/test.txt
