Path: 638
Path Score: 4.161023491505135
Waypoints: [[1.0, 1.0, 1.0], [12.65259495451803, 15.504691539838976, 1.3902173466937446], [24.231363728279373, 24.064238050008328, 9.859876317962396], [29.0, 29.0, 14.0]]
Velocity: [[0.0, 0.0, 0.0], [11.65259495451803, 14.504691539838976, 0.39021734669374464], [11.578768773761343, 8.559546510169351, 8.46965897126865], [4.768636271720627, 4.935761949991672, 4.140123682037604]]
Attitude: [[0.0, 0.0, 0.0], [0.8941821376993422, 0.6770644370273821, 1.5498263094141658], [0.8049916652754641, 1.032838382978749, 1.0390925130913915], [0.9335872338350895, 0.9073880140782924, 1.02799260384737]]
Save Location: maps/map1875/test.txt
