Path: 1316
Path Score: 4.477626375351226
Waypoints: [[1.0, 1.0, 1.0], [3.4670120800623283, 8.98615020457587, 12.766320645476934], [16.060622627406442, 22.284008548073043, 8.655570821620126], [29.0, 29.0, 14.0]]
Velocity: [[0.0, 0.0, 0.0], [2.4670120800623283, 7.986150204575869, 11.766320645476934], [12.593610547344113, 13.297858343497174, -4.110749823856809], [12.939377372593558, 6.715991451926957, 5.344429178379874]]
Attitude: [[0.0, 0.0, 0.0], [1.399024108228292, 0.9844440153430374, 0.6176559127637982], [0.8353381667233184, 0.7835025715512897, 1.7915867915818573], [0.5856835745155158, 1.123499545747589, 1.2194127759243851]]
Save Location: maps/map158/test.txt
