Path: 1859
Path Score: 4.329647653589288
Waypoints: [[1.0, 1.0, 1.0], [5.142904841761517, 4.732071187514425, 9.090826078056057], [10.30043474338533, 16.763297732058618, 6.875926560339274], [29.0, 29.0, 14.0]]
Velocity: [[0.0, 0.0, 0.0], [4.142904841761517, 3.732071187514425, 8.090826078056057], [5.157529901623812, 12.031226544544193, -2.214899517716783], [18.69956525661467, 12.236702267941382, 7.124073439660726]]
Attitude: [[0.0, 0.0, 0.0], [1.1355654236864037, 1.1812058528805445, 0.6034260736599171], [1.1718141355411504, 0.4365205976693914, 1.7384129984956673], [0.6480970733888322, 1.0219569516917306, 1.2621948308972217]]
Save Location: maps/map682/test.txt
