Path: 398
Path Score: 4.163754529909639
Waypoints: [[1.0, 1.0, 1.0], [8.23561037690084, 4.511685430060676, 8.33124458240136], [16.060622627406442, 22.284008548073043, 8.655570821620126], [29.0, 29.0, 14.0]]
Velocity: [[0.0, 0.0, 0.0], [7.235610376900841, 3.511685430060676, 7.331244582401361], [7.825012250505601, 17.772323118012366, 0.3243262392187649], [12.939377372593558, 6.715991451926957, 5.344429178379874]]
Attitude: [[0.0, 0.0, 0.0], [0.8434728410597166, 1.2422312953632766, 0.8316455994328315], [1.1561062097137906, 0.41506810889519963, 1.5540961395612032], [0.5856835745155158, 1.123499545747589, 1.2194127759243851]]
Save Location: maps/map1856/test.txt
