Path: 630
Path Score: 4.509062951911373
Waypoints: [[1.0, 1.0, 1.0], [12.65259495451803, 15.504691539838976, 1.3902173466937446], [14.39098062358011, 29.3344464639288, 6.107493259889046], [29.0, 29.0, 14.0]]
Velocity: [[0.0, 0.0, 0.0], [11.65259495451803, 14.504691539838976, 0.39021734669374464], [1.7383856690620796, 13.829754924089823, 4.7172759131953015], [14.60901937641989, -0.3344464639287992, 7.892506740110954]]
Attitude: [[0.0, 0.0, 0.0], [0.8941821376993422, 0.6770644370273821, 1.5498263094141658], [1.452384343502964, 0.3486682344430816, 1.2444631585336066], [0.4957011749046115, 1.5909353130706885, 1.0755799215878887]]
Save Location: maps/map102/test.txt
