Path: 1498
Path Score: 4.521024742993591
Waypoints: [[1.0, 1.0, 1.0], [1.5831056317866898, 11.289807463775418, 6.886569014408189], [4.23820593081067, 17.853982910663618, 13.793695135435073], [29.0, 29.0, 14.0]]
Velocity: [[0.0, 0.0, 0.0], [0.5831056317866898, 10.289807463775418, 5.886569014408189], [2.6551002990239803, 6.5641754468882, 6.9071261210268835], [24.761794069189328, 11.146017089336382, 0.20630486456492747]]
Attitude: [[0.0, 0.0, 0.0], [1.5216478577442305, 0.5217422173051365, 1.0518517055369716], [1.2990478735513382, 0.8451724564321235, 0.7978146481048488], [0.42302582521687426, 1.1478475994517368, 1.5631990947061005]]
Save Location: maps/map82/test.txt
