Path: 137
Path Score: 4.211406805477996
Waypoints: [[1.0, 1.0, 1.0], [1.4054990619177365, 2.018923329900705, 5.290815032320245], [6.803540171460348, 14.986108967467457, 7.016293265321109], [29.0, 29.0, 14.0]]
Velocity: [[0.0, 0.0, 0.0], [0.40549906191773655, 1.018923329900705, 4.290815032320245], [5.3980411095426115, 12.967185637566752, 1.7254782330008638], [22.196459828539652, 14.013891032532543, 6.983706734678891]]
Attitude: [[0.0, 0.0, 0.0], [1.479107067399564, 1.338645930601151, 0.2502235615876531], [1.1794346927004546, 0.41201974936921754, 1.4485628910822637], [0.6143483038191632, 1.0287232958415906, 1.3107752198016678]]
Save Location: maps/map1460/test.txt
