# Note +ve X is north
# Note +ve Y is West
# x, y, height
# waypoints
G: (11.0,-17.0,15)
G: (14.483695156818811,-17.074124220987038,15)
G: (17.23014003608522,-18.938018455978796,15)
G: (20.31184456566649,-19.83377372176414,15)
G: (23.518050983451474,-20.149341954938663,15)
G: (26.55708453603197,-19.46856356049097,15)
G: (29.0,-17.0,15)


# wall segments
# x1, y1, x2, y2, z
W: (40.0,-14.6,33.6,-19.0,3)
W: (33.6,-19.0,18.0,-20.6,3)
W: (18.0,-20.6,0.0,-14.6,3)
W: (0.0,-7.399999999999999,14.0,-9.399999999999999,3)
W: (14.0,-9.399999999999999,19.6,-13.0,3)
W: (19.6,-13.0,32.4,-11.0,3)
W: (32.4,-11.0,40.0,-7.399999999999999,3)


# environment settings
R: (0)
D: (1)
