Path: 1233
Path Score: 4.266980789536714
Waypoints: [[1.0, 1.0, 1.0], [10.98841998167141, 13.67984788740044, 4.669955467169109], [22.781985147361475, 18.865246195222316, 4.237269029022857], [29.0, 29.0, 14.0]]
Velocity: [[0.0, 0.0, 0.0], [9.98841998167141, 12.67984788740044, 3.6699554671691086], [11.793565165690065, 5.185398307821876, -0.4326864381462512], [6.218014852638525, 10.134753804777684, 9.762730970977142]]
Attitude: [[0.0, 0.0, 0.0], [0.9230317793050691, 0.698207449561829, 1.3472349331065676], [0.41551877716666, 1.156805077615015, 1.6043690619798125], [1.154725411250614, 0.8516309695069436, 0.8833371316925762]]
Save Location: maps/map1074/test.txt
