Path: 918
Path Score: 4.305274818255301
Waypoints: [[1.0, 1.0, 1.0], [7.363766588778974, 0.518530266354752, 10.190548616200227], [20.225861212634335, 15.04532595668622, 11.643310714362196], [29.0, 29.0, 14.0]]
Velocity: [[0.0, 0.0, 0.0], [6.363766588778974, -0.48146973364524803, 9.190548616200227], [12.862094623855361, 14.526795690331468, 1.452762098161969], [8.774138787365665, 13.95467404331378, 2.3566892856378043]]
Attitude: [[0.0, 0.0, 0.0], [0.9658135015594402, 1.6138399388547588, 0.6069604064989591], [0.8485724372548453, 0.7278397457318763, 1.4960612073913733], [1.0158144950798451, 0.5771097040965634, 1.4287893660504631]]
Save Location: maps/map829/test.txt
