# Note +ve X is north
# Note +ve Y is West
# x, y, height
# waypoints
G: (4.0,-2.0,10)
G: (15.707355243626175,-9.028392202998234,10)
G: (29.793808789671505,-8.217226514952884,10)
G: (41.96059938402766,-11.613033708728423,10)
G: (55.741071032750824,-7.192336321651112,10)
G: (71.16081675480078,-3.221924415918309,10)
G: (83.6832564279249,-0.5783498278518238,10)
G: (96.0,-2.0,10)


# wall segments
# x1, y1, x2, y2, z
W: (96.0,-9.200000000000003,24.0,-17.200000000000003,30)
W: (24.0,-17.200000000000003,0.0,-9.200000000000003,30)
W: (0.0,5.200000000000003,40.0,-2.799999999999997,30)
W: (40.0,-2.799999999999997,88.0,5.200000000000003,30)
W: (88.0,5.200000000000003,96.0,5.200000000000003,30)


# environment settings
R: (0)
D: (1)
