Path: 1763
Path Score: 4.368565421337514
Waypoints: [[1.0, 1.0, 1.0], [10.805725952785512, 11.283487147150078, 0.7484718343695662], [12.613060744395664, 17.548051480031873, 8.080005726347148], [29.0, 29.0, 14.0]]
Velocity: [[0.0, 0.0, 0.0], [9.805725952785512, 10.283487147150078, -0.2515281656304338], [1.8073347916101525, 6.264564332881795, 7.331533891977582], [16.386939255604336, 11.451948519968127, 5.919994273652852]]
Attitude: [[0.0, 0.0, 0.0], [0.8093250089126587, 0.7617849255869302, 1.5884962164824006], [1.3855297557810518, 0.8782464619428991, 0.7268818654628671], [0.6665783723714116, 0.989326980912511, 1.28290425102486]]
Save Location: maps/map473/test.txt
