Path: 739
Path Score: 4.169007198854875
Waypoints: [[1.0, 1.0, 1.0], [12.697608925444278, 6.8811022717284045, 6.207161753256], [16.562231948918217, 23.36225528971405, 10.468909590942717], [29.0, 29.0, 14.0]]
Velocity: [[0.0, 0.0, 0.0], [11.697608925444278, 5.8811022717284045, 5.207161753256], [3.864623023473939, 16.481153017985644, 4.261747837686717], [12.437768051081783, 5.637744710285951, 3.531090409057283]]
Attitude: [[0.0, 0.0, 0.0], [0.5913478455125089, 1.1402281118229445, 1.1922640516212777], [1.3475597319264676, 0.3358457016122215, 1.3241671029919857], [0.4911333101171544, 1.159608420333512, 1.31776151037235]]
Save Location: maps/map1806/test.txt
