Path: 344
Path Score: 4.132793292724218
Waypoints: [[1.0, 1.0, 1.0], [11.62421921707525, 9.637940007438962, 4.108292062461251], [21.79639181727039, 14.477895924297679, 6.70148367285092], [29.0, 29.0, 14.0]]
Velocity: [[0.0, 0.0, 0.0], [10.62421921707525, 8.637940007438962, 3.108292062461251], [10.17217260019514, 4.839955916858717, 2.5931916103896695], [7.20360818272961, 14.522104075702321, 7.29851632714908]]
Attitude: [[0.0, 0.0, 0.0], [0.7126112608988734, 0.9081638967287853, 1.3475745118170808], [0.49497429616264826, 1.1387851459064005, 1.344537270603796], [1.1535972127018381, 0.6148409412743631, 1.1477501781583583]]
Save Location: maps/map2057/test.txt
