Path: 1103
Path Score: 4.31211586907893
Waypoints: [[1.0, 1.0, 1.0], [6.277705044557794, 0.35330246109405494, 2.6825947684151497], [13.095324436113561, 15.033365545267669, 6.706312039110363], [29.0, 29.0, 14.0]]
Velocity: [[0.0, 0.0, 0.0], [5.277705044557794, -0.6466975389059451, 1.6825947684151497], [6.817619391555767, 14.680063084173614, 4.023717270695213], [15.904675563886439, 13.966634454732331, 7.293687960889637]]
Attitude: [[0.0, 0.0, 0.0], [0.32912608513099045, 1.687014641004876, 1.264321452563771], [1.1496954788711728, 0.4945645128421957, 1.3271417852855514], [0.7807156099511975, 0.8971446612687055, 1.2389541045829986]]
Save Location: maps/map782/test.txt
