Path: 1575
Path Score: 4.218960989309212
Waypoints: [[1.0, 1.0, 1.0], [5.1328300726842055, 6.167067988359742, 4.338023583503114], [10.752760318917543, 18.75992942067851, 14.80087523764835], [29.0, 29.0, 14.0]]
Velocity: [[0.0, 0.0, 0.0], [4.1328300726842055, 5.167067988359742, 3.338023583503114], [5.619930246233338, 12.592861432318768, 10.462851654145236], [18.247239681082455, 10.24007057932149, -0.8008752376483503]]
Attitude: [[0.0, 0.0, 0.0], [0.9792202736645594, 0.799275207152919, 1.1035589735254734], [1.240139476342244, 0.756137089813556, 0.9217325917727502], [0.5126920098124623, 1.0598172007710935, 1.6090527819834075]]
Save Location: maps/map1413/test.txt
