Path: 362
Path Score: 4.465360153878124
Waypoints: [[1.0, 1.0, 1.0], [5.0694130019156045, 0.10947803648002186, 11.387112714668532], [15.44249175683154, 18.284183195920107, 9.161844399110448], [29.0, 29.0, 14.0]]
Velocity: [[0.0, 0.0, 0.0], [4.0694130019156045, -0.8905219635199781, 10.387112714668532], [10.373078754915936, 18.174705159440087, -2.2252683155580844], [13.55750824316846, 10.715816804079893, 4.838155600889552]]
Attitude: [[0.0, 0.0, 0.0], [1.1986423454069668, 1.65045321960768, 0.3814078923026202], [1.055364305499338, 0.5283686947182424, 1.6767352828462518], [0.714409075190648, 0.9308782745117469, 1.2978165450117953]]
Save Location: maps/map184/test.txt
