Path: 18
Path Score: 4.098708688409497
Waypoints: [[1.0, 1.0, 1.0], [8.883832853990807, 7.619820070167713, 5.821889119101872], [14.43692874246404, 21.36894668574859, 11.322509376936443], [29.0, 29.0, 14.0]]
Velocity: [[0.0, 0.0, 0.0], [7.883832853990807, 6.619820070167713, 4.821889119101872], [5.5530958884732335, 13.749126615580877, 5.500620257834571], [14.56307125753596, 7.63105331425141, 2.677490623063557]]
Attitude: [[0.0, 0.0, 0.0], [0.8044304960935175, 0.9492050844908356, 1.1327513067607105], [1.2120338040117387, 0.5169283394745876, 1.2155750463251798], [0.5069175043207065, 1.0949344880442036, 1.4093618733327953]]
Save Location: maps/map2256/test.txt
