Path: 8
Path Score: 4.183020688727096
Waypoints: [[1.0, 1.0, 1.0], [8.883832853990807, 7.619820070167713, 5.821889119101872], [22.909069045040045, 10.835196024953614, 13.228528156939884], [29.0, 29.0, 14.0]]
Velocity: [[0.0, 0.0, 0.0], [7.883832853990807, 6.619820070167713, 4.821889119101872], [14.025236191049238, 3.215375954785901, 7.406639037838012], [6.090930954959955, 18.164803975046386, 0.771471843060116]]
Attitude: [[0.0, 0.0, 0.0], [0.8044304960935175, 0.9492050844908356, 1.1327513067607105], [0.5223673654723523, 1.3707824618402449, 1.0954264180179152], [1.2475348540835867, 0.325939212643112, 1.5305508334281337]]
Save Location: maps/map1701/test.txt
