Path: 2165
Path Score: 4.056506180881573
Waypoints: [[1.0, 1.0, 1.0], [5.839689469355285, 6.231079992564079, 1.4400139470819306], [24.231363728279373, 24.064238050008328, 9.859876317962396], [29.0, 29.0, 14.0]]
Velocity: [[0.0, 0.0, 0.0], [4.839689469355285, 5.231079992564079, 0.44001394708193065], [18.391674258924088, 17.833158057444248, 8.419862370880466], [4.768636271720627, 4.935761949991672, 4.140123682037604]]
Attitude: [[0.0, 0.0, 0.0], [0.8259996858182699, 0.748605830934555, 1.5091311358387776], [0.8202614351469337, 0.8482215330694354, 1.2532473102204273], [0.9335872338350895, 0.9073880140782924, 1.02799260384737]]
Save Location: maps/map2409/test.txt
