Path: 1603
Path Score: 4.0132641922429215
Waypoints: [[1.0, 1.0, 1.0], [5.1328300726842055, 6.167067988359742, 4.338023583503114], [17.142077840697404, 12.866671640253438, 8.671369517017055], [29.0, 29.0, 14.0]]
Velocity: [[0.0, 0.0, 0.0], [4.1328300726842055, 5.167067988359742, 3.338023583503114], [12.009247768013198, 6.699603651893696, 4.333345933513941], [11.857922159302596, 16.133328359746564, 5.328630482982945]]
Attitude: [[0.0, 0.0, 0.0], [0.9792202736645594, 0.799275207152919, 1.1035589735254734], [0.5864282020276577, 1.0875425147508673, 1.2655303575109493], [0.9614723836846367, 0.6782653453057865, 1.3106912242211473]]
Save Location: maps/map2489/test.txt
