Path: 2378
Path Score: 4.16372563671474
Waypoints: [[1.0, 1.0, 1.0], [2.7823021602657514, 3.2626923788090734, 6.811174955232296], [20.24894541404868, 13.704934531749169, 10.28792228211892], [29.0, 29.0, 14.0]]
Velocity: [[0.0, 0.0, 0.0], [1.7823021602657514, 2.2626923788090734, 5.811174955232296], [17.46664325378293, 10.442242152940096, 3.476747326886624], [8.75105458595132, 15.295065468250831, 3.7120777178810798]]
Attitude: [[0.0, 0.0, 0.0], [1.2924157480158258, 1.2144350237412072, 0.46016632051788314], [0.5622621597027099, 1.040484281911514, 1.4015828666430747], [1.0633520659267364, 0.5560751825583984, 1.3631766434720947]]
Save Location: maps/map1857/test.txt
