# Note +ve X is north
# Note +ve Y is West
# x, y, height
# waypoints
G: (11.0,-17.0,15)
G: (13.734194048258011,-18.784398086739195,15)
G: (17.268349005135214,-19.11708727151334,15)
G: (20.156385376833907,-20.244120009494,15)
G: (23.207114354113127,-20.227705628205673,15)
G: (26.007481932575384,-18.96153503399044,15)
G: (29.0,-17.0,15)


# wall segments
# x1, y1, x2, y2, z
W: (40.0,-14.6,32.0,-18.6,3)
W: (32.0,-18.6,8.0,-18.6,3)
W: (8.0,-18.6,0.0,-14.6,3)
W: (0.0,-7.399999999999999,16.0,-11.4,3)
W: (16.0,-11.4,28.0,-11.4,3)
W: (28.0,-11.4,40.0,-7.399999999999999,3)


# environment settings
R: (0)
D: (1)
