Path: 797
Path Score: 4.198128720270364
Waypoints: [[1.0, 1.0, 1.0], [4.844954787942095, 14.493280729732227, 5.905721797057641], [22.16101751903432, 21.88131243389526, 7.844034735289933], [29.0, 29.0, 14.0]]
Velocity: [[0.0, 0.0, 0.0], [3.844954787942095, 13.493280729732227, 4.905721797057641], [17.316062731092224, 7.3880317041630335, 1.9383129382322917], [6.838982480965679, 7.1186875661047395, 6.155965264710067]]
Attitude: [[0.0, 0.0, 0.0], [1.3091332202726853, 0.43273101466224884, 1.2344339666278068], [0.41542575532989545, 1.1697648805725793, 1.4682000273245108], [0.9423867443913255, 0.9123337917118957, 1.0131992799999519]]
Save Location: maps/map1578/test.txt
