Path: 2468
Path Score: 4.3562316512783745
Waypoints: [[1.0, 1.0, 1.0], [12.386106231445222, 1.1077460717588705, 7.4490524792482224], [23.88121810250415, 5.676357167635063, 10.798402323597426], [29.0, 29.0, 14.0]]
Velocity: [[0.0, 0.0, 0.0], [11.386106231445222, 0.10774607175887052, 6.4490524792482224], [11.495111871058928, 4.568611095876192, 3.349349844349203], [5.11878189749585, 23.32364283236494, 3.2015976764025744]]
Attitude: [[0.0, 0.0, 0.0], [0.5154044449224107, 1.562562589250552, 1.0554709245652716], [0.45787408341743246, 1.2062762765111061, 1.3063667542124606], [1.3567000180971227, 0.25330010307633044, 1.4375138680765627]]
Save Location: maps/map546/test.txt
