Path: 1762
Path Score: 4.373967741534367
Waypoints: [[1.0, 1.0, 1.0], [10.805725952785512, 11.283487147150078, 0.7484718343695662], [13.095324436113561, 15.033365545267669, 6.706312039110363], [29.0, 29.0, 14.0]]
Velocity: [[0.0, 0.0, 0.0], [9.805725952785512, 10.283487147150078, -0.2515281656304338], [2.2895984833280494, 3.749878398117591, 5.957840204740798], [15.904675563886439, 13.966634454732331, 7.293687960889637]]
Attitude: [[0.0, 0.0, 0.0], [0.8093250089126587, 0.7617849255869302, 1.5884962164824006], [1.2563467550837488, 1.0396098415491841, 0.6354211868734663], [0.7807156099511975, 0.8971446612687055, 1.2389541045829986]]
Save Location: maps/map445/test.txt
