Path: 573
Path Score: 4.360814764401278
Waypoints: [[1.0, 1.0, 1.0], [8.077819295469498, 4.630177089274074, 13.001091877302175], [20.225861212634335, 15.04532595668622, 11.643310714362196], [29.0, 29.0, 14.0]]
Velocity: [[0.0, 0.0, 0.0], [7.077819295469498, 3.630177089274074, 12.001091877302175], [12.148041917164837, 10.415148867412146, -1.357781162939979], [8.774138787365665, 13.95467404331378, 2.3566892856378043]]
Attitude: [[0.0, 0.0, 0.0], [1.0568857360289043, 1.315913356872022, 0.5853298029477871], [0.712913206367204, 0.865115351240836, 1.6554465495053414], [1.0158144950798451, 0.5771097040965634, 1.4287893660504631]]
Save Location: maps/map519/test.txt
