Path: 380
Path Score: 4.5676587099931005
Waypoints: [[1.0, 1.0, 1.0], [5.0694130019156045, 0.10947803648002186, 11.387112714668532], [18.813866751137574, 6.287812834354821, 9.146594860605507], [29.0, 29.0, 14.0]]
Velocity: [[0.0, 0.0, 0.0], [4.0694130019156045, -0.8905219635199781, 10.387112714668532], [13.74445374922197, 6.1783347978747996, -2.2405178540630253], [10.186133248862426, 22.71218716564518, 4.853405139394493]]
Attitude: [[0.0, 0.0, 0.0], [1.1986423454069668, 1.65045321960768, 0.3814078923026202], [0.4460231207118368, 1.1532283111871058, 1.7183966337777252], [1.1574751231408227, 0.46108027648419486, 1.378232096186095]]
Save Location: maps/map38/test.txt
