Path: 2212
Path Score: 4.359192840789813
Waypoints: [[1.0, 1.0, 1.0], [5.7591996310330025, 10.496060591014656, 1.1961851557501069], [8.159225786633002, 22.267181592153765, 7.3392383843274605], [29.0, 29.0, 14.0]]
Velocity: [[0.0, 0.0, 0.0], [4.7591996310330025, 9.496060591014656, 0.19618515575010687], [2.400026155599999, 11.77112100113911, 6.143053228577354], [20.840774213367, 6.732818407846235, 6.6607616156725395]]
Attitude: [[0.0, 0.0, 0.0], [1.1062936554501903, 0.46492826404694765, 1.5523285842779897], [1.3919705903451252, 0.5107091579595574, 1.098106605240329], [0.42653797996828985, 1.2722670340266777, 1.2755587507369637]]
Save Location: maps/map524/test.txt
