Path: 2278
Path Score: 4.217775230038869
Waypoints: [[1.0, 1.0, 1.0], [5.7591996310330025, 10.496060591014656, 1.1961851557501069], [20.24894541404868, 13.704934531749169, 10.28792228211892], [29.0, 29.0, 14.0]]
Velocity: [[0.0, 0.0, 0.0], [4.7591996310330025, 9.496060591014656, 0.19618515575010687], [14.489745783015678, 3.208873940734513, 9.091737126368812], [8.75105458595132, 15.295065468250831, 3.7120777178810798]]
Attitude: [[0.0, 0.0, 0.0], [1.1062936554501903, 0.46492826404694765, 1.5523285842779897], [0.5871213975779489, 1.38536285459967, 1.0211509727415542], [1.0633520659267364, 0.5560751825583984, 1.3631766434720947]]
Save Location: maps/map1419/test.txt
