Path: 1359
Path Score: 4.25069742474541
Waypoints: [[1.0, 1.0, 1.0], [2.1166871798879825, 7.959406805005861, 2.641112218552253], [17.89500835598713, 12.238417992478578, 7.134004137824853], [29.0, 29.0, 14.0]]
Velocity: [[0.0, 0.0, 0.0], [1.1166871798879825, 6.959406805005861, 1.6411122185522529], [15.778321176099148, 4.279011187472717, 4.4928919192726], [11.10499164401287, 16.761582007521422, 6.865995862175147]]
Attitude: [[0.0, 0.0, 0.0], [1.4158739947349994, 0.27784815422419984, 1.3420381855188857], [0.37465693299810005, 1.3156534838061031, 1.3025937600143906], [1.0208116603536068, 0.6617621353055158, 1.2417305692240037]]
Save Location: maps/map1189/test.txt
