Path: 4
Path Total Score: 2.1202937812229874
Waypoints: [[0.1, 0.1, 0.1], [5.839689469355285, 6.231079992564079, 1.4400139470819306], [2.2303709941226204, 2.7777898750844763, 0.24863088110048837], [5.863346226348465, 7.319290709574896, 1.7823408035199502], [1.5386996279207676, 1.8404644300095474, 3.1860731846517742], [6.668286341511321, 6.078158230999996, 2.7960176670686563], [2.484849872964383, 1.8152417456292747, 2.6607684377698257], [7.662819833441803, 7.317315600664659, 1.7521911890449093], [7.1959327321729045, 8.08368967103672, 5.510833259339081], [15.0, 15.0, 7.5]]
Velocity: [[0.0, 0.0, 0.0], [5.739689469355286, 6.1310799925640795, 1.3400139470819306], [-3.609318475232665, -3.453290117479603, -1.1913830659814422], [3.632975232225845, 4.54150083449042, 1.5337099224194617], [-4.324646598427698, -5.478826279565348, 1.403732381131824], [5.1295867135905535, 4.237693800990449, -0.39005551758311796], [-4.183436468546938, -4.262916485370722, -0.13524922929883054], [5.17796996047742, 5.502073855035384, -0.9085772487249164], [-0.4668871012688989, 0.7663740703720601, 3.7586420702941714], [7.8040672678270955, 6.916310328963281, 1.9891667406609193]]
Attitude: [[0.0, 0.0, 0.0], [0.0, 0.0, 0.0], [0.0, 0.0, 0.0], [0.0, 0.0, 0.0], [0.0, 0.0, 0.0], [0.0, 0.0, 0.0], [0.0, 0.0, 0.0], [0.0, 0.0, 0.0], [0.0, 0.0, 0.0], [0.0, 0.0, 0.0]]
Save Location: maps/map9/test.txt
