Path: 316
Path Score: 4.258755298467866
Waypoints: [[1.0, 1.0, 1.0], [11.62421921707525, 9.637940007438962, 4.108292062461251], [14.46706287539074, 21.68231868352074, 5.395598205098573], [29.0, 29.0, 14.0]]
Velocity: [[0.0, 0.0, 0.0], [10.62421921707525, 8.637940007438962, 3.108292062461251], [2.8428436583154895, 12.044378676081779, 1.2873061426373225], [14.53293712460926, 7.317681316479259, 8.604401794901428]]
Attitude: [[0.0, 0.0, 0.0], [0.7126112608988734, 0.9081638967287853, 1.3475745118170808], [1.3402743243357242, 0.25352683050574926, 1.4671471454469167], [0.6606967282577116, 1.161934980212726, 1.0843680323639853]]
Save Location: maps/map1144/test.txt
