Path: 31
Path Score: 4.13984899161103
Waypoints: [[1.0, 1.0, 1.0], [8.883832853990807, 7.619820070167713, 5.821889119101872], [24.763677749990574, 23.196099440540394, 5.0803972974418175], [29.0, 29.0, 14.0]]
Velocity: [[0.0, 0.0, 0.0], [7.883832853990807, 6.619820070167713, 4.821889119101872], [15.879844895999767, 15.576279370372681, -0.7414918216600546], [4.236322250009426, 5.803900559459606, 8.919602702558183]]
Attitude: [[0.0, 0.0, 0.0], [0.8044304960935175, 0.9492050844908356, 1.1327513067607105], [0.7763138130451221, 0.7955926859319784, 1.6041186401429879], [1.1919383611801295, 1.03942056702344, 0.6781386041617308]]
Save Location: maps/map2001/test.txt
