Path: 70
Path Score: 4.166581265132448
Waypoints: [[1.0, 1.0, 1.0], [6.844542921659472, 12.575654287568902, 0.7512941296865822], [16.596716632096093, 19.215720704642216, 5.13918037419731], [29.0, 29.0, 14.0]]
Velocity: [[0.0, 0.0, 0.0], [5.844542921659472, 11.575654287568902, -0.24870587031341784], [9.752173710436622, 6.640066417073314, 4.387886244510728], [12.403283367903907, 9.784279295357784, 8.86081962580269]]
Attitude: [[0.0, 0.0, 0.0], [1.103329579532339, 0.4679236243581791, 1.5899732357353402], [0.68449026637148, 1.0151335727309014, 1.2147336070047647], [0.816514821634672, 1.0001521739681158, 1.059633768091095]]
Save Location: maps/map1826/test.txt
