Path: 1187
Path Score: 4.158491316596768
Waypoints: [[1.0, 1.0, 1.0], [10.98841998167141, 13.67984788740044, 4.669955467169109], [16.060622627406442, 22.284008548073043, 8.655570821620126], [29.0, 29.0, 14.0]]
Velocity: [[0.0, 0.0, 0.0], [9.98841998167141, 12.67984788740044, 3.6699554671691086], [5.072202645735032, 8.604160660672603, 3.985615354451017], [12.939377372593558, 6.715991451926957, 5.344429178379874]]
Attitude: [[0.0, 0.0, 0.0], [0.9230317793050691, 0.698207449561829, 1.3472349331065676], [1.0796164381819944, 0.6433258798509929, 1.191115194901151], [0.5856835745155158, 1.123499545747589, 1.2194127759243851]]
Save Location: maps/map1890/test.txt
