Path: 1157
Path Score: 4.176047141529816
Waypoints: [[1.0, 1.0, 1.0], [7.244355243304841, 4.686769508950413, 5.732290508395203], [11.922439956495857, 17.336683693731057, 5.215453288665816], [29.0, 29.0, 14.0]]
Velocity: [[0.0, 0.0, 0.0], [6.244355243304841, 3.6867695089504133, 4.732290508395203], [4.678084713191017, 12.649914184780645, -0.5168372197293873], [17.077560043504143, 11.663316306268943, 8.784546711334183]]
Attitude: [[0.0, 0.0, 0.0], [0.7653529368027897, 1.1309818444795048, 0.9925991767107255], [1.216853367144097, 0.35619212496241937, 1.6090981324799924], [0.7073929618515384, 1.0250094498144648, 1.169113814241912]]
Save Location: maps/map1759/test.txt
