Path: 910
Path Score: 4.345163814714368
Waypoints: [[1.0, 1.0, 1.0], [7.363766588778974, 0.518530266354752, 10.190548616200227], [16.72641038031882, 15.264827052821502, 13.846194206338602], [29.0, 29.0, 14.0]]
Velocity: [[0.0, 0.0, 0.0], [6.363766588778974, -0.48146973364524803, 9.190548616200227], [9.362643791539847, 14.74629678646675, 3.6556455901383753], [12.273589619681179, 13.735172947178498, 0.15380579366139813]]
Attitude: [[0.0, 0.0, 0.0], [0.9658135015594402, 1.6138399388547588, 0.6069604064989591], [1.0185060270909223, 0.5982669807434596, 1.3644908427004654], [0.8415660736191315, 0.7293004114667039, 1.5624465811421142]]
Save Location: maps/map601/test.txt
