Path: 24
Path Score: 4.08074917914737
Waypoints: [[1.0, 1.0, 1.0], [8.883832853990807, 7.619820070167713, 5.821889119101872], [24.80078989068509, 16.52228778449424, 8.560347909072977], [29.0, 29.0, 14.0]]
Velocity: [[0.0, 0.0, 0.0], [7.883832853990807, 6.619820070167713, 4.821889119101872], [15.916957036694281, 8.902467714326527, 2.738458789971105], [4.199210109314912, 12.477712215505761, 5.439652090927023]]
Attitude: [[0.0, 0.0, 0.0], [0.8044304960935175, 0.9492050844908356, 1.1327513067607105], [0.5294440912403443, 1.0670255817064676, 1.4217537672456229], [1.2715632840353657, 0.5034073100322944, 1.1789804677621314]]
Save Location: maps/map2322/test.txt
