Path: 3
Path Total Score: 2.238378167820477
Waypoints: [[0.1, 0.1, 0.1], [10.48501266671662, 4.498292148889885, 0.957342663055325], [9.55257318904843, 1.5790500406961028, 0.5931701028918734], [16.23319371868161, 8.237873194182496, 1.002493862373629], [13.822251412265778, 4.608153837478724, 1.1786441031471084], [19.833413140827577, 10.443332311598986, 1.236406404971731], [16.23319371868161, 8.237873194182496, 1.002493862373629], [22.626720913431114, 13.50631013065792, 1.7760874981127728], [18.18963287657703, 12.17645370889319, 0.8200418435275275], [15.0, 15.0, 7.5]]
Velocity: [[0.0, 0.0, 0.0], [10.385012666716621, 4.398292148889885, 0.857342663055325], [-0.9324394776681917, -2.9192421081937816, -0.36417256016345156], [6.680620529633179, 6.658823153486393, 0.4093237594817556], [-2.41094230641583, -3.629719356703772, 0.1761502407734794], [6.011161728561799, 5.835178474120262, 0.0577623018246225], [-3.600219422145969, -2.20545911741649, -0.2339125425981019], [6.393527194749506, 5.268436936475423, 0.7735936357391437], [-4.437088036854085, -1.3298564217647293, -0.9560456545852453], [-3.189632876577029, 2.82354629110681, 6.679958156472472]]
Attitude: [[0.0, 0.0, 0.0], [0.0, 0.0, 0.0], [0.0, 0.0, 0.0], [0.0, 0.0, 0.0], [0.0, 0.0, 0.0], [0.0, 0.0, 0.0], [0.0, 0.0, 0.0], [0.0, 0.0, 0.0], [0.0, 0.0, 0.0], [0.0, 0.0, 0.0]]
Save Location: maps/map2/test.txt
