Path: 370
Path Score: 4.458161102861855
Waypoints: [[1.0, 1.0, 1.0], [5.0694130019156045, 0.10947803648002186, 11.387112714668532], [22.909069045040045, 10.835196024953614, 13.228528156939884], [29.0, 29.0, 14.0]]
Velocity: [[0.0, 0.0, 0.0], [4.0694130019156045, -0.8905219635199781, 10.387112714668532], [17.839656043124442, 10.725717988473592, 1.8414154422713516], [6.090930954959955, 18.164803975046386, 0.771471843060116]]
Attitude: [[0.0, 0.0, 0.0], [1.1986423454069668, 1.65045321960768, 0.3814078923026202], [0.5477583595588352, 1.031810810128619, 1.482563293444857], [1.2475348540835867, 0.325939212643112, 1.5305508334281337]]
Save Location: maps/map198/test.txt
