Path: 1915
Path Score: 4.14252035920283
Waypoints: [[1.0, 1.0, 1.0], [8.469661386104097, 5.59096684474812, 2.5279558793890997], [13.095324436113561, 15.033365545267669, 6.706312039110363], [29.0, 29.0, 14.0]]
Velocity: [[0.0, 0.0, 0.0], [7.469661386104097, 4.59096684474812, 1.5279558793890997], [4.625663050009464, 9.442398700519549, 4.178356159721264], [15.904675563886439, 13.966634454732331, 7.293687960889637]]
Attitude: [[0.0, 0.0, 0.0], [0.5747996990566772, 1.0288000156137393, 1.3982583619310816], [1.149622633810787, 0.5834783702205562, 1.1925435159701294], [0.7807156099511975, 0.8971446612687055, 1.2389541045829986]]
Save Location: maps/map1988/test.txt
