Path: 744
Path Score: 4.17215563602716
Waypoints: [[1.0, 1.0, 1.0], [12.697608925444278, 6.8811022717284045, 6.207161753256], [19.70415101856637, 13.671074305937509, 12.81372080915123], [29.0, 29.0, 14.0]]
Velocity: [[0.0, 0.0, 0.0], [11.697608925444278, 5.8811022717284045, 5.207161753256], [7.006542093122093, 6.789972034209105, 6.60655905589523], [9.295848981433629, 15.328925694062491, 1.1862791908487704]]
Attitude: [[0.0, 0.0, 0.0], [0.5913478455125089, 1.1402281118229445, 1.1922640516212777], [0.9339968684499464, 0.9566689553129797, 0.9755897407141247], [1.0269884977688475, 0.548718444626354, 1.5047210663746937]]
Save Location: maps/map1789/test.txt
