Path: 2475
Path Score: 4.297938692647202
Waypoints: [[1.0, 1.0, 1.0], [12.386106231445222, 1.1077460717588705, 7.4490524792482224], [19.70415101856637, 13.671074305937509, 12.81372080915123], [29.0, 29.0, 14.0]]
Velocity: [[0.0, 0.0, 0.0], [11.386106231445222, 0.10774607175887052, 6.4490524792482224], [7.318044787121149, 12.563328234178638, 5.364668329903007], [9.295848981433629, 15.328925694062491, 1.1862791908487704]]
Attitude: [[0.0, 0.0, 0.0], [0.5154044449224107, 1.562562589250552, 1.0554709245652716], [1.0790002143200013, 0.6254988024693913, 1.2173162687959802], [1.0269884977688475, 0.548718444626354, 1.5047210663746937]]
Save Location: maps/map886/test.txt
