Path: 1842
Path Score: 4.362660582082088
Waypoints: [[1.0, 1.0, 1.0], [5.142904841761517, 4.732071187514425, 9.090826078056057], [6.938039822185598, 21.090386253324894, 12.519590149875834], [29.0, 29.0, 14.0]]
Velocity: [[0.0, 0.0, 0.0], [4.142904841761517, 3.732071187514425, 8.090826078056057], [1.7951349804240806, 16.35831506581047, 3.428764071819776], [22.061960177814402, 7.909613746675106, 1.4804098501241665]]
Attitude: [[0.0, 0.0, 0.0], [1.1355654236864037, 1.1812058528805445, 0.6034260736599171], [1.4638020860546288, 0.23232104133731066, 1.365382135810922], [0.3497487223204723, 1.2272661765835426, 1.5077145816114603]]
Save Location: maps/map509/test.txt
