Path: 1143
Path Score: 4.049920768160706
Waypoints: [[1.0, 1.0, 1.0], [7.244355243304841, 4.686769508950413, 5.732290508395203], [25.89146789512382, 17.947079052650324, 10.291630941969098], [29.0, 29.0, 14.0]]
Velocity: [[0.0, 0.0, 0.0], [6.244355243304841, 3.6867695089504133, 4.732290508395203], [18.64711265181898, 13.260309543699911, 4.559340433573895], [3.108532104876179, 11.052920947349676, 3.708369058030902]]
Attitude: [[0.0, 0.0, 0.0], [0.7653529368027897, 1.1309818444795048, 0.9925991767107255], [0.6447667842088383, 0.9662918520499674, 1.3741112785528813], [1.3102246373088302, 0.4126571490004325, 1.2583924394013435]]
Save Location: maps/map2426/test.txt
