Path: 1817
Path Score: 4.198753125183629
Waypoints: [[1.0, 1.0, 1.0], [5.8300877579373775, 12.986927175779844, 2.2883830638241456], [12.704603846584774, 19.922199713463662, 8.33279809450805], [29.0, 29.0, 14.0]]
Velocity: [[0.0, 0.0, 0.0], [4.8300877579373775, 11.986927175779844, 1.2883830638241456], [6.874516088647397, 6.935272537683819, 6.044415030683904], [16.295396153415226, 9.077800286536338, 5.66720190549195]]
Attitude: [[0.0, 0.0, 0.0], [1.1897394258126446, 0.3951048953544142, 1.471431398260883], [0.9290504228642162, 0.9224297605629647, 1.016536250222482], [0.5810873343497762, 1.0864359774071253, 1.2758411019683804]]
Save Location: maps/map1570/test.txt
