Path: 1756
Path Score: 4.177772048923263
Waypoints: [[1.0, 1.0, 1.0], [10.805725952785512, 11.283487147150078, 0.7484718343695662], [22.781985147361475, 18.865246195222316, 4.237269029022857], [29.0, 29.0, 14.0]]
Velocity: [[0.0, 0.0, 0.0], [9.805725952785512, 10.283487147150078, -0.2515281656304338], [11.976259194575963, 7.581759048072238, 3.488797194653291], [6.218014852638525, 10.134753804777684, 9.762730970977142]]
Attitude: [[0.0, 0.0, 0.0], [0.8093250089126587, 0.7617849255869302, 1.5884962164824006], [0.6086248977136275, 1.0246602298641379, 1.3294599911197704], [1.154725411250614, 0.8516309695069436, 0.8833371316925762]]
Save Location: maps/map1744/test.txt
