Path: 2015
Path Score: 4.279169494454768
Waypoints: [[1.0, 1.0, 1.0], [1.6574939373145603, 7.640942564656317, 6.853106441814953], [7.279071891786115, 11.99037003440958, 7.619831722996372], [29.0, 29.0, 14.0]]
Velocity: [[0.0, 0.0, 0.0], [0.6574939373145603, 6.640942564656317, 5.853106441814953], [5.6215779544715545, 4.349427469753262, 0.7667252811814187], [21.720928108213883, 17.00962996559042, 6.380168277003628]]
Attitude: [[0.0, 0.0, 0.0], [1.4966576018134188, 0.7255359120981532, 0.8507902510389312], [0.665918227910892, 0.9167525371632671, 1.4633396332550184], [0.6965306287146221, 0.9264280075600023, 1.343529922060246]]
Save Location: maps/map1001/test.txt
