Path: 1249
Path Score: 4.314388954168734
Waypoints: [[1.0, 1.0, 1.0], [11.681123338592288, 14.089788280863255, 4.111381059339743], [18.1367759330625, 27.51943688599429, 5.760318237087204], [29.0, 29.0, 14.0]]
Velocity: [[0.0, 0.0, 0.0], [10.681123338592288, 13.089788280863255, 3.1113810593397426], [6.455652594470211, 13.429648605131034, 1.6489371777474613], [10.863224066937502, 1.4805631140057116, 8.239681762912795]]
Attitude: [[0.0, 0.0, 0.0], [0.8998039769895753, 0.7044384319041941, 1.3886732407031834], [1.1256208870489115, 0.4605506451387586, 1.4605830451823956], [0.6565808947189486, 1.462631373986738, 0.9263070006364166]]
Save Location: maps/map764/test.txt
