Path: 1052
Path Score: 4.151941272780009
Waypoints: [[1.0, 1.0, 1.0], [5.124139793286082, 11.529276214212281, 3.1169525438428494], [24.29282605726432, 17.273783965333514, 9.528106741585457], [29.0, 29.0, 14.0]]
Velocity: [[0.0, 0.0, 0.0], [4.124139793286082, 10.529276214212281, 2.1169525438428494], [19.168686263978238, 5.744507751121233, 6.411154197742608], [4.707173942735679, 11.726216034666486, 4.471893258414543]]
Attitude: [[0.0, 0.0, 0.0], [1.2041596665548568, 0.4147337109116922, 1.3857324418142094], [0.4220883192190626, 1.2938907524269514, 1.2607465524841084], [1.2119605623526288, 0.5056733733733509, 1.2306436859371142]]
Save Location: maps/map1934/test.txt
