Path: 180
Path Score: 4.346880284279978
Waypoints: [[1.0, 1.0, 1.0], [0.8689948832512862, 4.64282219210965, 7.776103442790986], [12.613060744395664, 17.548051480031873, 8.080005726347148], [29.0, 29.0, 14.0]]
Velocity: [[0.0, 0.0, 0.0], [-0.13100511674871385, 3.6428221921096497, 6.776103442790986], [11.744065861144378, 12.905229287922223, 0.30390228355616156], [16.386939255604336, 11.451948519968127, 5.919994273652852]]
Attitude: [[0.0, 0.0, 0.0], [1.5878233126910848, 1.077602275761293, 0.4935415452562085], [0.832608714868892, 0.7384922055744843, 1.5533814979352283], [0.6665783723714116, 0.989326980912511, 1.28290425102486]]
Save Location: maps/map593/test.txt
