Path: 1572
Path Score: 4.05005964650292
Waypoints: [[1.0, 1.0, 1.0], [5.1328300726842055, 6.167067988359742, 4.338023583503114], [24.29282605726432, 17.273783965333514, 9.528106741585457], [29.0, 29.0, 14.0]]
Velocity: [[0.0, 0.0, 0.0], [4.1328300726842055, 5.167067988359742, 3.338023583503114], [19.159995984580114, 11.106715976973772, 5.190083158082343], [4.707173942735679, 11.726216034666486, 4.471893258414543]]
Attitude: [[0.0, 0.0, 0.0], [0.9792202736645594, 0.799275207152919, 1.1035589735254734], [0.5692070549742425, 1.0606748924683755, 1.3405976085119176], [1.2119605623526288, 0.5056733733733509, 1.2306436859371142]]
Save Location: maps/map2425/test.txt
