Path: 1454
Path Score: 4.4340756416700025
Waypoints: [[1.0, 1.0, 1.0], [1.5831056317866898, 11.289807463775418, 6.886569014408189], [5.476426590449544, 24.792019982761524, 11.928629304707748], [29.0, 29.0, 14.0]]
Velocity: [[0.0, 0.0, 0.0], [0.5831056317866898, 10.289807463775418, 5.886569014408189], [3.8933209586628545, 13.502212518986106, 5.042060290299559], [23.523573409550455, 4.2079800172384765, 2.071370695292252]]
Attitude: [[0.0, 0.0, 0.0], [1.5216478577442305, 0.5217422173051365, 1.0518517055369716], [1.3069658986873958, 0.44082961866409803, 1.2262979299131438], [0.19680087071921654, 1.3944532215503482, 1.4843332485331382]]
Save Location: maps/map251/test.txt
