Path: 2484
Path Score: 4.221519880425966
Waypoints: [[1.0, 1.0, 1.0], [12.386106231445222, 1.1077460717588705, 7.4490524792482224], [24.29282605726432, 17.273783965333514, 9.528106741585457], [29.0, 29.0, 14.0]]
Velocity: [[0.0, 0.0, 0.0], [11.386106231445222, 0.10774607175887052, 6.4490524792482224], [11.9067198258191, 16.166037893574643, 2.079054262337235], [4.707173942735679, 11.726216034666486, 4.471893258414543]]
Attitude: [[0.0, 0.0, 0.0], [0.5154044449224107, 1.562562589250552, 1.0554709245652716], [0.9398856951597776, 0.642008603775171, 1.4676132402820923], [1.2119605623526288, 0.5056733733733509, 1.2306436859371142]]
Save Location: maps/map1400/test.txt
