Path: 1966
Path Score: 4.4026211021867425
Waypoints: [[1.0, 1.0, 1.0], [7.908661902969909, 13.249370598681029, 5.122888052721978], [22.610660907061256, 12.829583706462888, 7.646387831785042], [29.0, 29.0, 14.0]]
Velocity: [[0.0, 0.0, 0.0], [6.908661902969909, 12.249370598681029, 4.122888052721978], [14.701999004091347, -0.41978689221814136, 2.523499779063065], [6.389339092938744, 16.170416293537112, 6.353612168214958]]
Attitude: [[0.0, 0.0, 0.0], [1.0799032623057099, 0.5811391675180452, 1.2856207472042467], [0.17227717658185027, 1.5989304146399603, 1.400877377090555], [1.2183916059253201, 0.5083781419888332, 1.2204471921007194]]
Save Location: maps/map353/test.txt
