Path: 309
Path Score: 4.05986911644577
Waypoints: [[1.0, 1.0, 1.0], [11.62421921707525, 9.637940007438962, 4.108292062461251], [22.16101751903432, 21.88131243389526, 7.844034735289933], [29.0, 29.0, 14.0]]
Velocity: [[0.0, 0.0, 0.0], [10.62421921707525, 8.637940007438962, 3.108292062461251], [10.53679830195907, 12.243372426456299, 3.7357426728286818], [6.838982480965679, 7.1186875661047395, 6.155965264710067]]
Attitude: [[0.0, 0.0, 0.0], [0.7126112608988734, 0.9081638967287853, 1.3475745118170808], [0.8820996594745623, 0.7400064749109981, 1.343521879119008], [0.9423867443913255, 0.9123337917118957, 1.0131992799999519]]
Save Location: maps/map2396/test.txt
