Path: 1015
Path Score: 4.233247319853853
Waypoints: [[1.0, 1.0, 1.0], [5.124139793286082, 11.529276214212281, 3.1169525438428494], [16.72641038031882, 15.264827052821502, 13.846194206338602], [29.0, 29.0, 14.0]]
Velocity: [[0.0, 0.0, 0.0], [4.124139793286082, 10.529276214212281, 2.1169525438428494], [11.60227058703274, 3.735550838609221, 10.729241662495753], [12.273589619681179, 13.735172947178498, 0.15380579366139813]]
Attitude: [[0.0, 0.0, 0.0], [1.2041596665548568, 0.4147337109116922, 1.3857324418142094], [0.7748891232955992, 1.338672266606507, 0.8489985641729169], [0.8415660736191315, 0.7293004114667039, 1.5624465811421142]]
Save Location: maps/map1312/test.txt
