Path: 619
Path Score: 4.555123335933947
Waypoints: [[1.0, 1.0, 1.0], [1.9869655009534015, 2.3470905443897805, 9.726710653669548], [4.23820593081067, 17.853982910663618, 13.793695135435073], [29.0, 29.0, 14.0]]
Velocity: [[0.0, 0.0, 0.0], [0.9869655009534015, 1.3470905443897805, 8.726710653669548], [2.2512404298572686, 15.506892366273837, 4.066984481765525], [24.761794069189328, 11.146017089336382, 0.20630486456492747]]
Attitude: [[0.0, 0.0, 0.0], [1.4594850995761104, 1.4185963426785977, 0.18907565762625306], [1.4312812192692732, 0.29124503075748337, 1.3168511569724928], [0.42302582521687426, 1.1478475994517368, 1.5631990947061005]]
Save Location: maps/map47/test.txt
