Path: 327
Path Score: 4.105738743531014
Waypoints: [[1.0, 1.0, 1.0], [11.62421921707525, 9.637940007438962, 4.108292062461251], [22.48463544099993, 22.910796544751268, 5.995441400636155], [29.0, 29.0, 14.0]]
Velocity: [[0.0, 0.0, 0.0], [10.62421921707525, 8.637940007438962, 3.108292062461251], [10.86041622392468, 13.272856537312306, 1.887149338174904], [6.515364559000069, 6.089203455248732, 8.004558599363845]]
Attitude: [[0.0, 0.0, 0.0], [0.7126112608988734, 0.9081638967287853, 1.3475745118170808], [0.8899299491739765, 0.6930659924326584, 1.4611984407675769], [0.9959567092637175, 1.0377754035517597, 0.8393162236524304]]
Save Location: maps/map2219/test.txt
