Path: 320
Path Score: 4.0653515663678315
Waypoints: [[1.0, 1.0, 1.0], [11.62421921707525, 9.637940007438962, 4.108292062461251], [22.592720703848663, 25.526803242435573, 12.228206346267022], [29.0, 29.0, 14.0]]
Velocity: [[0.0, 0.0, 0.0], [10.62421921707525, 8.637940007438962, 3.108292062461251], [10.968501486773413, 15.888863234996611, 8.119914283805771], [6.407279296151337, 3.473196757564427, 1.7717936537329777]]
Attitude: [[0.0, 0.0, 0.0], [0.7126112608988734, 0.9081638967287853, 1.3475745118170808], [1.0196328548381144, 0.709640901996392, 1.1726870540963445], [0.5466676487799201, 1.0893405550292934, 1.3323147563268598]]
Save Location: maps/map2381/test.txt
