Path: 1044
Path Score: 4.243391892835407
Waypoints: [[1.0, 1.0, 1.0], [5.124139793286082, 11.529276214212281, 3.1169525438428494], [19.70415101856637, 13.671074305937509, 12.81372080915123], [29.0, 29.0, 14.0]]
Velocity: [[0.0, 0.0, 0.0], [4.124139793286082, 10.529276214212281, 2.1169525438428494], [14.58001122528029, 2.141798091725228, 9.69676826530838], [9.295848981433629, 15.328925694062491, 1.1862791908487704]]
Attitude: [[0.0, 0.0, 0.0], [1.2041596665548568, 0.4147337109116922, 1.3857324418142094], [0.5979304977540523, 1.4490831535821798, 0.9888101544662483], [1.0269884977688475, 0.548718444626354, 1.5047210663746937]]
Save Location: maps/map1241/test.txt
