Path: 2085
Path Score: 4.28530217140182
Waypoints: [[1.0, 1.0, 1.0], [2.1051801977178286, 12.705542697858661, 1.33533427386211], [18.441097262136424, 17.537267266708554, 6.281086639361177], [29.0, 29.0, 14.0]]
Velocity: [[0.0, 0.0, 0.0], [1.1051801977178286, 11.705542697858661, 0.3353342738621099], [16.335917064418595, 4.831724568849893, 4.945752365499066], [10.558902737863576, 11.462732733291446, 7.718913360638823]]
Attitude: [[0.0, 0.0, 0.0], [1.4766986395106851, 0.09834724994807642, 1.5422834159518], [0.40038814895534036, 1.294930297570921, 1.2882431932308227], [0.9183550643402842, 0.8511782172620342, 1.1109269665548651]]
Save Location: maps/map961/test.txt
