Path: 2188
Path Score: 4.145972788154266
Waypoints: [[1.0, 1.0, 1.0], [5.839689469355285, 6.231079992564079, 1.4400139470819306], [12.16882105369413, 22.5703746743433, 7.023400396976081], [29.0, 29.0, 14.0]]
Velocity: [[0.0, 0.0, 0.0], [4.839689469355285, 5.231079992564079, 0.44001394708193065], [6.329131584338844, 16.33929468177922, 5.58338644989415], [16.83117894630587, 6.429625325656701, 6.976599603023919]]
Attitude: [[0.0, 0.0, 0.0], [0.8259996858182699, 0.748605830934555, 1.5091311358387776], [1.219457459122836, 0.4767924885884789, 1.2623231013727247], [0.5132908177846113, 1.2315474594293268, 1.2013612558293933]]
Save Location: maps/map1967/test.txt
