Path: 2294
Path Score: 4.2143726757416315
Waypoints: [[1.0, 1.0, 1.0], [4.608820246079843, 7.120273707001329, 9.286680001717013], [14.43692874246404, 21.36894668574859, 11.322509376936443], [29.0, 29.0, 14.0]]
Velocity: [[0.0, 0.0, 0.0], [3.6088202460798433, 6.120273707001329, 8.286680001717013], [9.828108496384196, 14.248672978747262, 2.0358293752194303], [14.56307125753596, 7.63105331425141, 2.677490623063557]]
Attitude: [[0.0, 0.0, 0.0], [1.233845257898589, 0.9755770124671417, 0.7087760394342274], [0.9716927575145171, 0.6136720927781991, 1.4537203056126102], [0.5069175043207065, 1.0949344880442036, 1.4093618733327953]]
Save Location: maps/map1441/test.txt
