Path: 161
Path Score: 4.435692098539479
Waypoints: [[1.0, 1.0, 1.0], [0.8689948832512862, 4.64282219210965, 7.776103442790986], [17.427868364228836, 16.4750747584921, 4.825948732556496], [29.0, 29.0, 14.0]]
Velocity: [[0.0, 0.0, 0.0], [-0.13100511674871385, 3.6428221921096497, 6.776103442790986], [16.55887348097755, 11.832252566382449, -2.9501547102344903], [11.572131635771164, 12.524925241507901, 9.174051267443504]]
Attitude: [[0.0, 0.0, 0.0], [1.5878233126910848, 1.077602275761293, 0.4935415452562085], [0.6347611543300274, 0.9577392258913592, 1.7147510726296884], [0.930265420446883, 0.8673805595008431, 1.0772217983493675]]
Save Location: maps/map247/test.txt
