Path: 2150
Path Score: 4.070167748326883
Waypoints: [[1.0, 1.0, 1.0], [5.839689469355285, 6.231079992564079, 1.4400139470819306], [15.44249175683154, 18.284183195920107, 9.161844399110448], [29.0, 29.0, 14.0]]
Velocity: [[0.0, 0.0, 0.0], [4.839689469355285, 5.231079992564079, 0.44001394708193065], [9.602802287476255, 12.053103203356027, 7.7218304520285175], [13.55750824316846, 10.715816804079893, 4.838155600889552]]
Attitude: [[0.0, 0.0, 0.0], [0.8259996858182699, 0.748605830934555, 1.5091311358387776], [0.9799059444047414, 0.796443807424859, 1.106294760134425], [0.714409075190648, 0.9308782745117469, 1.2978165450117953]]
Save Location: maps/map2368/test.txt
