Path: 1665
Path Score: 4.3739992388777935
Waypoints: [[1.0, 1.0, 1.0], [1.4862613186235762, 5.302297197202417, 9.54279168299124], [19.150517884687012, 16.221567393022806, 9.065163787729501], [29.0, 29.0, 14.0]]
Velocity: [[0.0, 0.0, 0.0], [0.48626131862357624, 4.302297197202417, 8.54279168299124], [17.664256566063436, 10.919270195820388, -0.47762789526173854], [9.849482115312988, 12.778432606977194, 4.934836212270499]]
Attitude: [[0.0, 0.0, 0.0], [1.520002440634727, 1.1049085373684124, 0.46909167611999897], [0.5540903627881316, 1.0172969448911622, 1.5937919579920163], [0.9474095871230266, 0.7114898316461911, 1.2739640805957166]]
Save Location: maps/map444/test.txt
