Path: 108
Path Score: 4.244521028534187
Waypoints: [[1.0, 1.0, 1.0], [6.844542921659472, 12.575654287568902, 0.7512941296865822], [11.922439956495857, 17.336683693731057, 5.215453288665816], [29.0, 29.0, 14.0]]
Velocity: [[0.0, 0.0, 0.0], [5.844542921659472, 11.575654287568902, -0.24870587031341784], [5.077897034836385, 4.761029406162155, 4.464159158979234], [17.077560043504143, 11.663316306268943, 8.784546711334183]]
Attitude: [[0.0, 0.0, 0.0], [1.103329579532339, 0.4679236243581791, 1.5899732357353402], [0.9095931927887468, 0.9572772971814028, 1.0005398706903375], [0.7073929618515384, 1.0250094498144648, 1.169113814241912]]
Save Location: maps/map1230/test.txt
