Path: 556
Path Score: 4.102556116773682
Waypoints: [[1.0, 1.0, 1.0], [9.981785049321614, 2.094242845092411, 3.906087432644374], [24.539485932888955, 19.73672816277327, 8.00225603479158], [29.0, 29.0, 14.0]]
Velocity: [[0.0, 0.0, 0.0], [8.981785049321614, 1.094242845092411, 2.906087432644374], [14.55770088356734, 17.642485317680862, 4.096168602147206], [4.4605140671110455, 9.263271837226728, 5.99774396520842]]
Attitude: [[0.0, 0.0, 0.0], [0.33286566125405836, 1.4553984883962245, 1.2600245384619229], [0.893760466628449, 0.7086548230287094, 1.3935932463221106], [1.1866756395694507, 0.678936129498745, 1.0426972103159322]]
Save Location: maps/map2237/test.txt
