Path: 654
Path Score: 4.5077148371232525
Waypoints: [[1.0, 1.0, 1.0], [12.65259495451803, 15.504691539838976, 1.3902173466937446], [21.79639181727039, 14.477895924297679, 6.70148367285092], [29.0, 29.0, 14.0]]
Velocity: [[0.0, 0.0, 0.0], [11.65259495451803, 14.504691539838976, 0.39021734669374464], [9.14379686275236, -1.0267956155412978, 5.311266326157176], [7.20360818272961, 14.522104075702321, 7.29851632714908]]
Attitude: [[0.0, 0.0, 0.0], [0.8941821376993422, 0.6770644370273821, 1.5498263094141658], [0.5342312997694334, 1.6675946045126864, 1.047286251555156], [1.1535972127018381, 0.6148409412743631, 1.1477501781583583]]
Save Location: maps/map107/test.txt
