Path: 1753
Path Score: 4.149963589192565
Waypoints: [[1.0, 1.0, 1.0], [10.805725952785512, 11.283487147150078, 0.7484718343695662], [21.595430679697905, 24.032909211980147, 6.078853224688489], [29.0, 29.0, 14.0]]
Velocity: [[0.0, 0.0, 0.0], [9.805725952785512, 10.283487147150078, -0.2515281656304338], [10.789704726912394, 12.74942206483007, 5.330381390318923], [7.404569320302095, 4.967090788019853, 7.921146775311511]]
Attitude: [[0.0, 0.0, 0.0], [0.8093250089126587, 0.7617849255869302, 1.5884962164824006], [0.9078753798520539, 0.7565625478552463, 1.2618724913152213], [0.9009774146927041, 1.1412360805544841, 0.8444306588818015]]
Save Location: maps/map1944/test.txt
