Path: 728
Path Score: 4.301641350908697
Waypoints: [[1.0, 1.0, 1.0], [12.697608925444278, 6.8811022717284045, 6.207161753256], [22.76658572963688, 9.235766945696607, 14.657275630817615], [29.0, 29.0, 14.0]]
Velocity: [[0.0, 0.0, 0.0], [11.697608925444278, 5.8811022717284045, 5.207161753256], [10.068976804192602, 2.3546646739682027, 8.450113877561616], [6.23341427036312, 19.764233054303393, -0.6572756308176153]]
Attitude: [[0.0, 0.0, 0.0], [0.5913478455125089, 1.1402281118229445, 1.1922640516212777], [0.7166713542975619, 1.3935449936669273, 0.8856699073223481], [1.2654404978558256, 0.30710381033439227, 1.6025015139442569]]
Save Location: maps/map855/test.txt
