Path: 759
Path Score: 4.222922967833985
Waypoints: [[1.0, 1.0, 1.0], [12.697608925444278, 6.8811022717284045, 6.207161753256], [15.684579521262053, 24.294407344774495, 11.460625578176513], [29.0, 29.0, 14.0]]
Velocity: [[0.0, 0.0, 0.0], [11.697608925444278, 5.8811022717284045, 5.207161753256], [2.986970595817775, 17.41330507304609, 5.253463824920513], [13.315420478737947, 4.705592655225505, 2.539374421823487]]
Attitude: [[0.0, 0.0, 0.0], [0.5913478455125089, 1.1402281118229445, 1.1922640516212777], [1.4080263104243638, 0.3340424411137161, 1.2817728206182954], [0.38185806857320004, 1.2366735425670707, 1.3928860386768187]]
Save Location: maps/map1390/test.txt
