# Note +ve X is north
# Note +ve Y is West
# x, y, height
# waypoints
G: (11.0,-17.0,15)
G: (14.116278882727498,-17.611461796846775,15)
G: (17.706070509446448,-18.196768072661513,15)
G: (20.241018873009946,-20.01005070475891,15)
G: (23.518050983451474,-20.149341954938663,15)
G: (26.55708453603197,-19.46856356049097,15)
G: (29.0,-17.0,15)


# wall segments
# x1, y1, x2, y2, z
W: (40.0,-14.6,33.6,-19.0,3)
W: (33.6,-19.0,16.0,-18.6,3)
W: (16.0,-18.6,0.0,-14.6,3)
W: (0.0,-7.399999999999999,20.0,-11.4,3)
W: (20.0,-11.4,30.0,-11.4,3)
W: (30.0,-11.4,40.0,-7.399999999999999,3)


# environment settings
R: (0)
D: (1)
