Path: 1495
Path Score: 4.361448436089723
Waypoints: [[1.0, 1.0, 1.0], [1.5831056317866898, 11.289807463775418, 6.886569014408189], [20.852071857601725, 15.195208825034904, 7.612944235060696], [29.0, 29.0, 14.0]]
Velocity: [[0.0, 0.0, 0.0], [0.5831056317866898, 10.289807463775418, 5.886569014408189], [19.268966225815035, 3.905401361259486, 0.7263752206525069], [8.147928142398275, 13.804791174965096, 6.387055764939304]]
Attitude: [[0.0, 0.0, 0.0], [1.5216478577442305, 0.5217422173051365, 1.0518517055369716], [0.20330594117519582, 1.3709649888055062, 1.5338676807450562], [1.0790221355094318, 0.643470475899189, 1.1916321938329075]]
Save Location: maps/map515/test.txt
