Path: 858
Path Score: 4.261812910513621
Waypoints: [[1.0, 1.0, 1.0], [13.622214221490246, 10.560085107867, 6.307093757900562], [17.89500835598713, 12.238417992478578, 7.134004137824853], [29.0, 29.0, 14.0]]
Velocity: [[0.0, 0.0, 0.0], [12.622214221490246, 9.560085107867, 5.307093757900562], [4.272794134496884, 1.678332884611578, 0.826910379924291], [11.10499164401287, 16.761582007521422, 6.865995862175147]]
Attitude: [[0.0, 0.0, 0.0], [0.7138698155414545, 0.9612815674177257, 1.2473929819737224], [0.4127319303919828, 1.2027304299726063, 1.39257613457416], [1.0208116603536068, 0.6617621353055158, 1.2417305692240037]]
Save Location: maps/map1121/test.txt
