Path: 1158
Path Score: 4.133220618655486
Waypoints: [[1.0, 1.0, 1.0], [7.244355243304841, 4.686769508950413, 5.732290508395203], [25.79209058027837, 11.910847199982666, 9.017382596249654], [29.0, 29.0, 14.0]]
Velocity: [[0.0, 0.0, 0.0], [6.244355243304841, 3.6867695089504133, 4.732290508395203], [18.547735336973528, 7.224077691032252, 3.2850920878544505], [3.2079094197216307, 17.089152800017334, 4.982617403750346]]
Attitude: [[0.0, 0.0, 0.0], [0.7653529368027897, 1.1309818444795048, 0.9925991767107255], [0.40429538222566525, 1.2045799398393204, 1.407231535145097], [1.3924977157249556, 0.3337927357398629, 1.2917140564701521]]
Save Location: maps/map2056/test.txt
