Path: 1440
Path Score: 4.272761290719386
Waypoints: [[1.0, 1.0, 1.0], [10.074445050749116, 1.0357225832720962, 9.412027835082272], [24.882695815361128, 14.368288597070304, 12.113832918894575], [29.0, 29.0, 14.0]]
Velocity: [[0.0, 0.0, 0.0], [9.074445050749116, 0.03572258327209621, 8.412027835082272], [14.808250764612012, 13.332566013798207, 2.701805083812303], [4.117304184638872, 14.631711402929696, 1.886167081105425]]
Attitude: [[0.0, 0.0, 0.0], [0.7475390695972799, 1.5679093516700198, 0.8232656157544957], [0.7430227903489333, 0.8459239730229886, 1.4360256465585854], [1.2986348105444985, 0.30016579609209537, 1.4473372730099068]]
Save Location: maps/map1037/test.txt
