Path: 2339
Path Score: 4.226836831179606
Waypoints: [[1.0, 1.0, 1.0], [2.7823021602657514, 3.2626923788090734, 6.811174955232296], [10.81745541664519, 17.765990078921153, 6.9670533080542265], [29.0, 29.0, 14.0]]
Velocity: [[0.0, 0.0, 0.0], [1.7823021602657514, 2.2626923788090734, 5.811174955232296], [8.035153256379438, 14.503297700112078, 0.1558783528219303], [18.18254458335481, 11.234009921078847, 7.0329466919457735]]
Attitude: [[0.0, 0.0, 0.0], [1.2924157480158258, 1.2144350237412072, 0.46016632051788314], [1.0648945523621676, 0.5060060127272744, 1.561395235461144], [0.6298821484480811, 1.0480294904711909, 1.2528998172006138]]
Save Location: maps/map1359/test.txt
