Path: 1099
Path Score: 4.296814428006806
Waypoints: [[1.0, 1.0, 1.0], [6.277705044557794, 0.35330246109405494, 2.6825947684151497], [17.308866286107182, 11.973920967305471, 3.267694706542649], [29.0, 29.0, 14.0]]
Velocity: [[0.0, 0.0, 0.0], [5.277705044557794, -0.6466975389059451, 1.6825947684151497], [11.031161241549388, 11.620618506211416, 0.5850999381274993], [11.691133713892818, 17.02607903269453, 10.732305293457351]]
Attitude: [[0.0, 0.0, 0.0], [0.32912608513099045, 1.687014641004876, 1.264321452563771], [0.8120469552295484, 0.7600828913098359, 1.5342954924719205], [1.0445489977397693, 0.750277256947143, 1.0915648774641429]]
Save Location: maps/map895/test.txt
