Path: 2392
Path Score: 4.205253027260412
Waypoints: [[1.0, 1.0, 1.0], [12.422424952449036, 7.364456284222653, 4.120550879483655], [16.596716632096093, 19.215720704642216, 5.13918037419731], [29.0, 29.0, 14.0]]
Velocity: [[0.0, 0.0, 0.0], [11.422424952449036, 6.364456284222653, 3.1205508794836554], [4.174291679647057, 11.851264420419563, 1.0186294947136547], [12.403283367903907, 9.784279295357784, 8.86081962580269]]
Attitude: [[0.0, 0.0, 0.0], [0.5554007765856399, 1.0776065097557235, 1.3365284239372268], [1.2332937375945527, 0.34781893095088473, 1.4899039049543794], [0.816514821634672, 1.0001521739681158, 1.059633768091095]]
Save Location: maps/map1509/test.txt
