Path: 967
Path Score: 4.17198331475065
Waypoints: [[1.0, 1.0, 1.0], [7.03200889148945, 11.212381035806049, 2.4091861245466912], [18.92587327321427, 24.46480001449053, 4.551445527047205], [29.0, 29.0, 14.0]]
Velocity: [[0.0, 0.0, 0.0], [6.03200889148945, 10.212381035806049, 1.4091861245466912], [11.893864381724818, 13.252418978684483, 2.142259402500514], [10.074126726785732, 4.535199985509468, 9.448554472952795]]
Attitude: [[0.0, 0.0, 0.0], [1.0413956223611207, 0.5452295055399751, 1.4525400011168248], [0.8457784085782962, 0.739366158327901, 1.4510676468857469], [0.8051713143812181, 1.2535291924364955, 0.863270668250586]]
Save Location: maps/map1794/test.txt
