Path: 1308
Path Score: 4.142082047838363
Waypoints: [[1.0, 1.0, 1.0], [11.681123338592288, 14.089788280863255, 4.111381059339743], [24.631670230844907, 23.32534168126198, 7.202000853365213], [29.0, 29.0, 14.0]]
Velocity: [[0.0, 0.0, 0.0], [10.681123338592288, 13.089788280863255, 3.1113810593397426], [12.95054689225262, 9.235553400398723, 3.0906197940254705], [4.368329769155093, 5.674658318738022, 6.797999146634787]]
Attitude: [[0.0, 0.0, 0.0], [0.8998039769895753, 0.7044384319041941, 1.3886732407031834], [0.6447873064764095, 0.964337682348001, 1.3788865790540064], [1.112517585562311, 0.9585535715963122, 0.8114172061667323]]
Save Location: maps/map1990/test.txt
