Path: 1821
Path Score: 4.213622123995856
Waypoints: [[1.0, 1.0, 1.0], [5.8300877579373775, 12.986927175779844, 2.2883830638241456], [13.095324436113561, 15.033365545267669, 6.706312039110363], [29.0, 29.0, 14.0]]
Velocity: [[0.0, 0.0, 0.0], [4.8300877579373775, 11.986927175779844, 1.2883830638241456], [7.2652366781761835, 2.0464383694878254, 4.417928975286218], [15.904675563886439, 13.966634454732331, 7.293687960889637]]
Attitude: [[0.0, 0.0, 0.0], [1.1897394258126446, 0.3951048953544142, 1.471431398260883], [0.5904181573800948, 1.3346167403356937, 1.0412446379072458], [0.7807156099511975, 0.8971446612687055, 1.2389541045829986]]
Save Location: maps/map1445/test.txt
