Path: 2297
Path Score: 4.2069579902756615
Waypoints: [[1.0, 1.0, 1.0], [4.608820246079843, 7.120273707001329, 9.286680001717013], [16.562231948918217, 23.36225528971405, 10.468909590942717], [29.0, 29.0, 14.0]]
Velocity: [[0.0, 0.0, 0.0], [3.6088202460798433, 6.120273707001329, 8.286680001717013], [11.953411702838373, 16.24198158271272, 1.1822295892257042], [12.437768051081783, 5.637744710285951, 3.531090409057283]]
Attitude: [[0.0, 0.0, 0.0], [1.233845257898589, 0.9755770124671417, 0.7087760394342274], [0.9376038241172601, 0.6367785005041231, 1.5122397840534876], [0.4911333101171544, 1.159608420333512, 1.31776151037235]]
Save Location: maps/map1492/test.txt
