Path: 2302
Path Score: 4.21487565128704
Waypoints: [[1.0, 1.0, 1.0], [4.608820246079843, 7.120273707001329, 9.286680001717013], [19.70415101856637, 13.671074305937509, 12.81372080915123], [29.0, 29.0, 14.0]]
Velocity: [[0.0, 0.0, 0.0], [3.6088202460798433, 6.120273707001329, 8.286680001717013], [15.095330772486527, 6.55080059893618, 3.5270408074342168], [9.295848981433629, 15.328925694062491, 1.1862791908487704]]
Attitude: [[0.0, 0.0, 0.0], [1.233845257898589, 0.9755770124671417, 0.7087760394342274], [0.4579233254874554, 1.1709768969631809, 1.3596523362090962], [1.0269884977688475, 0.548718444626354, 1.5047210663746937]]
Save Location: maps/map1438/test.txt
