Path: 2298
Path Score: 4.372415640251999
Waypoints: [[1.0, 1.0, 1.0], [4.608820246079843, 7.120273707001329, 9.286680001717013], [7.177206899450002, 15.45719743824309, 14.540668792615357], [29.0, 29.0, 14.0]]
Velocity: [[0.0, 0.0, 0.0], [3.6088202460798433, 6.120273707001329, 8.286680001717013], [2.5683866533701583, 8.336923731241761, 5.253988790898344], [21.822793100549998, 13.54280256175691, -0.5406687926153566]]
Attitude: [[0.0, 0.0, 0.0], [1.233845257898589, 0.9755770124671417, 0.7087760394342274], [1.3158343500356402, 0.6117167575656468, 1.0287063337138702], [0.5557718496340723, 1.0155187584190801, 1.591844435500265]]
Save Location: maps/map451/test.txt
