Path: 258
Path Score: 4.159684800955171
Waypoints: [[1.0, 1.0, 1.0], [10.236205802881091, 6.726958385030271, 8.616461550781413], [26.287300151641748, 16.492398494138193, 13.77497605122596], [29.0, 29.0, 14.0]]
Velocity: [[0.0, 0.0, 0.0], [9.236205802881091, 5.726958385030271, 7.616461550781413], [16.051094348760657, 9.76544010910792, 5.1585145004445465], [2.712699848358252, 12.507601505861807, 0.22502394877404086]]
Attitude: [[0.0, 0.0, 0.0], [0.801018365502451, 1.1245932303302049, 0.9595076706588436], [0.6026705645723941, 1.0457967500285332, 1.3028397292300675], [1.3572535290988061, 0.21428765206758904, 1.553215933347118]]
Save Location: maps/map1883/test.txt
