Path: 1178
Path Score: 4.029454908915875
Waypoints: [[1.0, 1.0, 1.0], [7.244355243304841, 4.686769508950413, 5.732290508395203], [17.142077840697404, 12.866671640253438, 8.671369517017055], [29.0, 29.0, 14.0]]
Velocity: [[0.0, 0.0, 0.0], [6.244355243304841, 3.6867695089504133, 4.732290508395203], [9.897722597392562, 8.179902131303024, 2.939079008621852], [11.857922159302596, 16.133328359746564, 5.328630482982945]]
Attitude: [[0.0, 0.0, 0.0], [0.7653529368027897, 1.1309818444795048, 0.9925991767107255], [0.7206230828146952, 0.9007978306570786, 1.345779370114162], [0.9614723836846367, 0.6782653453057865, 1.3106912242211473]]
Save Location: maps/map2468/test.txt
