Path: 1
Path Total Score: 2.055755350592946
Waypoints: [[0.1, 0.1, 0.1], [8.31444241379729, 0.9290843091872603, 0.022605225774701698], [5.511145648429321, 0.3109580371788745, 0.027308729409638022], [9.390689152385608, 1.053140545534369, 0.24630593334314776], [2.439777928662724, 0.1319535804271943, 0.760697043825051], [6.952708149120693, 1.660636835879209, 0.04788351585987172], [1.4807002370423372, 0.7829147225777477, 0.5421521661615669], [7.211370523857397, 1.5091926956079005, 0.7115064782459329], [1.8235002844286574, 0.7617196382585945, 0.44043045885945986], [5.0, 5.0, 2.5]]
Velocity: [[0.0, 0.0, 0.0], [8.21444241379729, 0.8290843091872603, -0.07739477422529831], [-2.8032967653679686, -0.6181262720083858, 0.0047035036349363235], [3.8795435039562873, 0.7421825083554945, 0.21899720393350974], [-6.950911223722884, -0.9211869651071747, 0.5143911104819032], [4.512930220457969, 1.5286832554520147, -0.7128135279651793], [-5.472007912078356, -0.8777221133014612, 0.4942686503016952], [5.73067028681506, 0.7262779730301527, 0.16935431208436602], [-5.387870239428739, -0.747473057349306, -0.2710760193864731], [3.1764997155713424, 4.238280361741405, 2.05956954114054]]
Attitude: [[0.0, 0.0, 0.0], [0.0, 0.0, 0.0], [0.0, 0.0, 0.0], [0.0, 0.0, 0.0], [0.0, 0.0, 0.0], [0.0, 0.0, 0.0], [0.0, 0.0, 0.0], [0.0, 0.0, 0.0], [0.0, 0.0, 0.0], [0.0, 0.0, 0.0]]
Save Location: maps/map11/test.txt
