Path: 1848
Path Score: 4.184401805153525
Waypoints: [[1.0, 1.0, 1.0], [5.142904841761517, 4.732071187514425, 9.090826078056057], [20.225861212634335, 15.04532595668622, 11.643310714362196], [29.0, 29.0, 14.0]]
Velocity: [[0.0, 0.0, 0.0], [4.142904841761517, 3.732071187514425, 8.090826078056057], [15.082956370872818, 10.313254769171795, 2.552484636306138], [8.774138787365665, 13.95467404331378, 2.3566892856378043]]
Attitude: [[0.0, 0.0, 0.0], [1.1355654236864037, 1.1812058528805445, 0.6034260736599171], [0.6136724547479039, 0.9776080966106623, 1.431999262553734], [1.0158144950798451, 0.5771097040965634, 1.4287893660504631]]
Save Location: maps/map1693/test.txt
