Path: 272
Path Score: 4.239154819627827
Waypoints: [[1.0, 1.0, 1.0], [10.236205802881091, 6.726958385030271, 8.616461550781413], [22.610660907061256, 12.829583706462888, 7.646387831785042], [29.0, 29.0, 14.0]]
Velocity: [[0.0, 0.0, 0.0], [9.236205802881091, 5.726958385030271, 7.616461550781413], [12.374455104180164, 6.102625321432616, -0.9700737189963702], [6.389339092938744, 16.170416293537112, 6.353612168214958]]
Attitude: [[0.0, 0.0, 0.0], [0.801018365502451, 1.1245932303302049, 0.9595076706588436], [0.4631314620289517, 1.1138471888438664, 1.6409890908106912], [1.2183916059253201, 0.5083781419888332, 1.2204471921007194]]
Save Location: maps/map1269/test.txt
