Path: 407
Path Score: 4.353809229451028
Waypoints: [[1.0, 1.0, 1.0], [8.23561037690084, 4.511685430060676, 8.33124458240136], [9.057942771808293, 22.483164120725405, 13.633419250864584], [29.0, 29.0, 14.0]]
Velocity: [[0.0, 0.0, 0.0], [7.235610376900841, 3.511685430060676, 7.331244582401361], [0.8223323949074519, 17.97147869066473, 5.302174668463223], [19.942057228191707, 6.516835879274595, 0.36658074913541583]]
Attitude: [[0.0, 0.0, 0.0], [0.8434728410597166, 1.2422312953632766, 0.8316455994328315], [1.526937060568705, 0.29013518228962465, 1.284186565465377], [0.3163154151017467, 1.2549974740262801, 1.5533251264663486]]
Save Location: maps/map558/test.txt
