Path: 1058
Path Score: 4.304216993960022
Waypoints: [[1.0, 1.0, 1.0], [5.124139793286082, 11.529276214212281, 3.1169525438428494], [10.367468260299423, 27.216463727164182, 9.296135061442213], [29.0, 29.0, 14.0]]
Velocity: [[0.0, 0.0, 0.0], [4.124139793286082, 10.529276214212281, 2.1169525438428494], [5.243328467013342, 15.687187512951901, 6.179182517599363], [18.632531739700575, 1.7835362728358177, 4.703864938557787]]
Attitude: [[0.0, 0.0, 0.0], [1.2041596665548568, 0.4147337109116922, 1.3857324418142094], [1.269290964248311, 0.4768391116755238, 1.213267425691224], [0.26370469337935265, 1.4782516615946064, 1.3245891179026303]]
Save Location: maps/map834/test.txt
