Path: 828
Path Score: 4.255663762709106
Waypoints: [[1.0, 1.0, 1.0], [4.844954787942095, 14.493280729732227, 5.905721797057641], [18.295648198935922, 21.67677091998945, 14.790388562251113], [29.0, 29.0, 14.0]]
Velocity: [[0.0, 0.0, 0.0], [3.844954787942095, 13.493280729732227, 4.905721797057641], [13.450693410993827, 7.183490190257224, 8.884666765193472], [10.704351801064078, 7.323229080010549, -0.7903885622511133]]
Attitude: [[0.0, 0.0, 0.0], [1.3091332202726853, 0.43273101466224884, 1.2344339666278068], [0.7041622166160432, 1.1515887204743047, 1.0432320802618602], [0.6027006201753293, 0.9720633967168617, 1.6316622645059446]]
Save Location: maps/map1162/test.txt
