Path: 273
Path Score: 4.13047925381928
Waypoints: [[1.0, 1.0, 1.0], [10.236205802881091, 6.726958385030271, 8.616461550781413], [24.29282605726432, 17.273783965333514, 9.528106741585457], [29.0, 29.0, 14.0]]
Velocity: [[0.0, 0.0, 0.0], [9.236205802881091, 5.726958385030271, 7.616461550781413], [14.05662025438323, 10.546825580303242, 0.9116451908040446], [4.707173942735679, 11.726216034666486, 4.471893258414543]]
Attitude: [[0.0, 0.0, 0.0], [0.801018365502451, 1.1245932303302049, 0.9595076706588436], [0.6454872372313463, 0.9281039094663835, 1.5189663375788471], [1.2119605623526288, 0.5056733733733509, 1.2306436859371142]]
Save Location: maps/map2075/test.txt
