Path: 2324
Path Score: 4.2633483715899985
Waypoints: [[1.0, 1.0, 1.0], [4.608820246079843, 7.120273707001329, 9.286680001717013], [12.613060744395664, 17.548051480031873, 8.080005726347148], [29.0, 29.0, 14.0]]
Velocity: [[0.0, 0.0, 0.0], [3.6088202460798433, 6.120273707001329, 8.286680001717013], [8.00424049831582, 10.427777773030545, -1.2066742753698652], [16.386939255604336, 11.451948519968127, 5.919994273652852]]
Attitude: [[0.0, 0.0, 0.0], [1.233845257898589, 0.9755770124671417, 0.7087760394342274], [0.9193429873250104, 0.6600978843333535, 1.6623329251982455], [0.6665783723714116, 0.989326980912511, 1.28290425102486]]
Save Location: maps/map1105/test.txt
