Path: 694
Path Score: 4.334427243791139
Waypoints: [[1.0, 1.0, 1.0], [7.279071891786115, 11.99037003440958, 7.619831722996372], [16.883025564776037, 28.590923589761672, 8.346739006746619], [29.0, 29.0, 14.0]]
Velocity: [[0.0, 0.0, 0.0], [6.279071891786115, 10.99037003440958, 6.619831722996372], [9.603953672989922, 16.600553555352093, 0.726907283750247], [12.116974435223963, 0.4090764102383275, 5.653260993253381]]
Attitude: [[0.0, 0.0, 0.0], [1.115662030937802, 0.6928797362779866, 1.088924427386206], [1.0467266627146663, 0.5257236302946106, 1.5329122353465519], [0.43753856464082885, 1.5402112905645133, 1.134477297818289]]
Save Location: maps/map658/test.txt
