Path: 1030
Path Score: 4.366527501476471
Waypoints: [[1.0, 1.0, 1.0], [5.124139793286082, 11.529276214212281, 3.1169525438428494], [6.938039822185598, 21.090386253324894, 12.519590149875834], [29.0, 29.0, 14.0]]
Velocity: [[0.0, 0.0, 0.0], [4.124139793286082, 10.529276214212281, 2.1169525438428494], [1.813900028899516, 9.561110039112613, 9.402637606032984], [22.061960177814402, 7.909613746675106, 1.4804098501241665]]
Attitude: [[0.0, 0.0, 0.0], [1.2041596665548568, 0.4147337109116922, 1.3857324418142094], [1.4363462568488803, 0.7861763703745186, 0.802591504574316], [0.3497487223204723, 1.2272661765835426, 1.5077145816114603]]
Save Location: maps/map486/test.txt
