Path: 2039
Path Score: 4.488747968931936
Waypoints: [[1.0, 1.0, 1.0], [1.6574939373145603, 7.640942564656317, 6.853106441814953], [2.8635968765854614, 23.717182163253092, 14.036036214230839], [29.0, 29.0, 14.0]]
Velocity: [[0.0, 0.0, 0.0], [0.6574939373145603, 6.640942564656317, 5.853106441814953], [1.206102939270901, 16.076239598596775, 7.182929772415886], [26.13640312341454, 5.282817836746908, -0.03603621423083858]]
Attitude: [[0.0, 0.0, 0.0], [1.4966576018134188, 0.7255359120981532, 0.8507902510389312], [1.5024055256470383, 0.4253949148024866, 1.151647557596956], [0.19944241232976337, 1.37135861699552, 1.5721477708396825]]
Save Location: maps/map131/test.txt
