Path: 1901
Path Score: 4.0326998353140455
Waypoints: [[1.0, 1.0, 1.0], [8.469661386104097, 5.59096684474812, 2.5279558793890997], [18.441097262136424, 17.537267266708554, 6.281086639361177], [29.0, 29.0, 14.0]]
Velocity: [[0.0, 0.0, 0.0], [7.469661386104097, 4.59096684474812, 1.5279558793890997], [9.971435876032327, 11.946300421960434, 3.753130759972077], [10.558902737863576, 11.462732733291446, 7.718913360638823]]
Attitude: [[0.0, 0.0, 0.0], [0.5747996990566772, 1.0288000156137393, 1.3982583619310816], [0.8983067616312572, 0.7282967710763828, 1.3341275758152322], [0.9183550643402842, 0.8511782172620342, 1.1109269665548651]]
Save Location: maps/map2459/test.txt
