Path: 678
Path Score: 4.145790900936389
Waypoints: [[1.0, 1.0, 1.0], [7.279071891786115, 11.99037003440958, 7.619831722996372], [24.231363728279373, 24.064238050008328, 9.859876317962396], [29.0, 29.0, 14.0]]
Velocity: [[0.0, 0.0, 0.0], [6.279071891786115, 10.99037003440958, 6.619831722996372], [16.95229183649326, 12.073868015598748, 2.240044594966024], [4.768636271720627, 4.935761949991672, 4.140123682037604]]
Attitude: [[0.0, 0.0, 0.0], [1.115662030937802, 0.6928797362779866, 1.088924427386206], [0.6269018646444902, 0.9559957024133844, 1.4635790869867695], [0.9335872338350895, 0.9073880140782924, 1.02799260384737]]
Save Location: maps/map1970/test.txt
