Path: 837
Path Score: 4.311896631763434
Waypoints: [[1.0, 1.0, 1.0], [4.844954787942095, 14.493280729732227, 5.905721797057641], [27.392959345270903, 23.005156066345783, 14.43568391042985], [29.0, 29.0, 14.0]]
Velocity: [[0.0, 0.0, 0.0], [3.844954787942095, 13.493280729732227, 4.905721797057641], [22.54800455732881, 8.511875336613556, 8.529962113372209], [1.6070406547290972, 5.9948439336542165, -0.4356839104298498]]
Attitude: [[0.0, 0.0, 0.0], [1.3091332202726853, 0.43273101466224884, 1.2344339666278068], [0.4908133494158906, 1.2313806257042068, 1.230630271835178], [1.309541788024109, 0.27091869121991397, 1.6408792813009851]]
Save Location: maps/map783/test.txt
