Path: 2073
Path Score: 4.4517342633714065
Waypoints: [[1.0, 1.0, 1.0], [2.1051801977178286, 12.705542697858661, 1.33533427386211], [8.326355677599059, 21.007879601570398, 11.349606769497015], [29.0, 29.0, 14.0]]
Velocity: [[0.0, 0.0, 0.0], [1.1051801977178286, 11.705542697858661, 0.3353342738621099], [6.22117547988123, 8.302336903711737, 10.014272495634906], [20.67364432240094, 7.992120398429602, 2.650393230502985]]
Attitude: [[0.0, 0.0, 0.0], [1.4766986395106851, 0.09834724994807642, 1.5422834159518], [1.124700746648955, 0.9572412813179841, 0.8030679096849778], [0.3867733775955384, 1.2046409482682174, 1.4517841548325077]]
Save Location: maps/map211/test.txt
