Path: 207
Path Score: 4.510184426861695
Waypoints: [[1.0, 1.0, 1.0], [0.1034748464100077, 6.396090427855569, 9.25430405624771], [10.154931135603169, 27.558570916545424, 10.904913587202246], [29.0, 29.0, 14.0]]
Velocity: [[0.0, 0.0, 0.0], [-0.8965251535899923, 5.396090427855569, 8.25430405624771], [10.051456289193162, 21.162480488689855, 1.6506095309545366], [18.84506886439683, 1.441429083454576, 3.0950864127977535]]
Attitude: [[0.0, 0.0, 0.0], [1.6614577493511176, 0.9944855483118206, 0.5852456997051783], [1.1285499321193573, 0.4485982990862585, 1.5004587051319103], [0.1792318684503368, 1.4954619679425223, 1.4084768971650652]]
Save Location: maps/map99/test.txt
