Path: 2371
Path Score: 4.408783831715933
Waypoints: [[1.0, 1.0, 1.0], [2.7823021602657514, 3.2626923788090734, 6.811174955232296], [4.23820593081067, 17.853982910663618, 13.793695135435073], [29.0, 29.0, 14.0]]
Velocity: [[0.0, 0.0, 0.0], [1.7823021602657514, 2.2626923788090734, 5.811174955232296], [1.4559037705449187, 14.591290531854543, 6.982520180202776], [24.761794069189328, 11.146017089336382, 0.20630486456492747]]
Attitude: [[0.0, 0.0, 0.0], [1.2924157480158258, 1.2144350237412072, 0.46016632051788314], [1.4810339641528716, 0.454673285505019, 1.126389096463248], [0.42302582521687426, 1.1478475994517368, 1.5631990947061005]]
Save Location: maps/map339/test.txt
