Path: 222
Path Score: 4.526891704583891
Waypoints: [[1.0, 1.0, 1.0], [0.1034748464100077, 6.396090427855569, 9.25430405624771], [6.182946964185052, 24.399637540719603, 12.353833088001682], [29.0, 29.0, 14.0]]
Velocity: [[0.0, 0.0, 0.0], [-0.8965251535899923, 5.396090427855569, 8.25430405624771], [6.079472117775044, 18.003547112864034, 3.0995290317539723], [22.817053035814947, 4.600362459280397, 1.6461669119983178]]
Attitude: [[0.0, 0.0, 0.0], [1.6614577493511176, 0.9944855483118206, 0.5852456997051783], [1.2495383958571873, 0.3623050467420361, 1.4091069612241105], [0.2109530550983087, 1.3723463749952485, 1.5001906908246303]]
Save Location: maps/map71/test.txt
