Path: 1931
Path Score: 4.305847264732938
Waypoints: [[1.0, 1.0, 1.0], [7.908661902969909, 13.249370598681029, 5.122888052721978], [26.76543196640594, 17.456646557356017, 7.05435308823407], [29.0, 29.0, 14.0]]
Velocity: [[0.0, 0.0, 0.0], [6.908661902969909, 12.249370598681029, 4.122888052721978], [18.85677006343603, 4.2072759586749875, 1.9314650355120921], [2.2345680335940585, 11.543353442643983, 6.94564691176593]]
Attitude: [[0.0, 0.0, 0.0], [1.0799032623057099, 0.5811391675180452, 1.2856207472042467], [0.24074412715139282, 1.3523808635258525, 1.4711572839816383], [1.4064235659655742, 0.5636700246717852, 1.0372176653267735]]
Save Location: maps/map826/test.txt
