Path: 844
Path Score: 4.26087307359291
Waypoints: [[1.0, 1.0, 1.0], [4.844954787942095, 14.493280729732227, 5.905721797057641], [24.539485932888955, 19.73672816277327, 8.00225603479158], [29.0, 29.0, 14.0]]
Velocity: [[0.0, 0.0, 0.0], [3.844954787942095, 13.493280729732227, 4.905721797057641], [19.694531144946858, 5.2434474330410445, 2.0965342377339393], [4.4605140671110455, 9.263271837226728, 5.99774396520842]]
Attitude: [[0.0, 0.0, 0.0], [1.3091332202726853, 0.43273101466224884, 1.2344339666278068], [0.27924029932408223, 1.31199081764495, 1.4682877146368705], [1.1866756395694507, 0.678936129498745, 1.0426972103159322]]
Save Location: maps/map1129/test.txt
