Path: 2154
Path Score: 4.052126666019458
Waypoints: [[1.0, 1.0, 1.0], [5.839689469355285, 6.231079992564079, 1.4400139470819306], [16.596716632096093, 19.215720704642216, 5.13918037419731], [29.0, 29.0, 14.0]]
Velocity: [[0.0, 0.0, 0.0], [4.839689469355285, 5.231079992564079, 0.44001394708193065], [10.757027162740808, 12.984640712078136, 3.6991664271153795], [12.403283367903907, 9.784279295357784, 8.86081962580269]]
Attitude: [[0.0, 0.0, 0.0], [0.8259996858182699, 0.748605830934555, 1.5091311358387776], [0.8980457881610932, 0.7194290074396092, 1.3548339516015702], [0.816514821634672, 1.0001521739681158, 1.059633768091095]]
Save Location: maps/map2419/test.txt
