Path: 2213
Path Score: 4.208238304996834
Waypoints: [[1.0, 1.0, 1.0], [5.7591996310330025, 10.496060591014656, 1.1961851557501069], [17.495244973045097, 26.03561227858441, 12.515738341607829], [29.0, 29.0, 14.0]]
Velocity: [[0.0, 0.0, 0.0], [4.7591996310330025, 9.496060591014656, 0.19618515575010687], [11.736045342012094, 15.539551687569753, 11.319553185857721], [11.504755026954903, 2.9643877214155907, 1.484261658392171]]
Attitude: [[0.0, 0.0, 0.0], [1.1062936554501903, 0.46492826404694765, 1.5523285842779897], [1.0227285647168367, 0.8094437295187896, 1.0442526437225048], [0.2805594303655102, 1.3206025270465491, 1.4465080099651364]]
Save Location: maps/map1484/test.txt
