Path: 1798
Path Score: 4.164350228969846
Waypoints: [[1.0, 1.0, 1.0], [5.8300877579373775, 12.986927175779844, 2.2883830638241456], [22.48463544099993, 22.910796544751268, 5.995441400636155], [29.0, 29.0, 14.0]]
Velocity: [[0.0, 0.0, 0.0], [4.8300877579373775, 11.986927175779844, 1.2883830638241456], [16.654547683062553, 9.923869368971424, 3.7070583368120094], [6.515364559000069, 6.089203455248732, 8.004558599363845]]
Attitude: [[0.0, 0.0, 0.0], [1.1897394258126446, 0.3951048953544142, 1.471431398260883], [0.56652848084112, 1.043992677447619, 1.3818636491866927], [0.9959567092637175, 1.0377754035517597, 0.8393162236524304]]
Save Location: maps/map1850/test.txt
