Path: 1996
Path Score: 4.164704676958412
Waypoints: [[1.0, 1.0, 1.0], [7.908661902969909, 13.249370598681029, 5.122888052721978], [24.631670230844907, 23.32534168126198, 7.202000853365213], [29.0, 29.0, 14.0]]
Velocity: [[0.0, 0.0, 0.0], [6.908661902969909, 12.249370598681029, 4.122888052721978], [16.723008327875, 10.07597108258095, 2.0791128006432356], [4.368329769155093, 5.674658318738022, 6.797999146634787]]
Attitude: [[0.0, 0.0, 0.0], [1.0799032623057099, 0.5811391675180452, 1.2856207472042467], [0.5515317501750171, 1.031909019965079, 1.464705714958352], [1.112517585562311, 0.9585535715963122, 0.8114172061667323]]
Save Location: maps/map1846/test.txt
