Path: 1956
Path Score: 4.240692098217043
Waypoints: [[1.0, 1.0, 1.0], [7.908661902969909, 13.249370598681029, 5.122888052721978], [20.225861212634335, 15.04532595668622, 11.643310714362196], [29.0, 29.0, 14.0]]
Velocity: [[0.0, 0.0, 0.0], [6.908661902969909, 12.249370598681029, 4.122888052721978], [12.317199309664426, 1.795955358005191, 6.520422661640218], [8.774138787365665, 13.95467404331378, 2.3566892856378043]]
Attitude: [[0.0, 0.0, 0.0], [1.0799032623057099, 0.5811391675180452, 1.2856207472042467], [0.5021433806101543, 1.4426366948614398, 1.0882620325682915], [1.0158144950798451, 0.5771097040965634, 1.4287893660504631]]
Save Location: maps/map1259/test.txt
