Path: 764
Path Score: 4.14717166413827
Waypoints: [[1.0, 1.0, 1.0], [12.697608925444278, 6.8811022717284045, 6.207161753256], [27.392959345270903, 23.005156066345783, 14.43568391042985], [29.0, 29.0, 14.0]]
Velocity: [[0.0, 0.0, 0.0], [11.697608925444278, 5.8811022717284045, 5.207161753256], [14.695350419826624, 16.124053794617378, 8.228522157173849], [1.6070406547290972, 5.9948439336542165, -0.4356839104298498]]
Attitude: [[0.0, 0.0, 0.0], [0.5913478455125089, 1.1402281118229445, 1.1922640516212777], [0.8889050993785463, 0.8071809386378099, 1.2101174692036294], [1.309541788024109, 0.27091869121991397, 1.6408792813009851]]
Save Location: maps/map1961/test.txt
