Path: 957
Path Score: 4.117671146059699
Waypoints: [[1.0, 1.0, 1.0], [7.03200889148945, 11.212381035806049, 2.4091861245466912], [19.150517884687012, 16.221567393022806, 9.065163787729501], [29.0, 29.0, 14.0]]
Velocity: [[0.0, 0.0, 0.0], [6.03200889148945, 10.212381035806049, 1.4091861245466912], [12.118508993197562, 5.009186357216757, 6.65597766318281], [9.849482115312988, 12.778432606977194, 4.934836212270499]]
Attitude: [[0.0, 0.0, 0.0], [1.0413956223611207, 0.5452295055399751, 1.4525400011168248], [0.6022218050580362, 1.2232061180158391, 1.1010975446338032], [0.9474095871230266, 0.7114898316461911, 1.2739640805957166]]
Save Location: maps/map2148/test.txt
