Path: 1818
Path Score: 4.140385682229537
Waypoints: [[1.0, 1.0, 1.0], [5.8300877579373775, 12.986927175779844, 2.2883830638241456], [22.31107341157168, 20.857103800923483, 7.836819148340205], [29.0, 29.0, 14.0]]
Velocity: [[0.0, 0.0, 0.0], [4.8300877579373775, 11.986927175779844, 1.2883830638241456], [16.480985653634303, 7.870176625143639, 5.54843608451606], [6.68892658842832, 8.142896199076517, 6.163180851659795]]
Attitude: [[0.0, 0.0, 0.0], [1.1897394258126446, 0.3951048953544142, 1.471431398260883], [0.5287742651187372, 1.1458054643343691, 1.2758606879883108], [0.9909241630968201, 0.8405978425021317, 1.041586930795209]]
Save Location: maps/map1998/test.txt
