Path: 802
Path Score: 4.338063189901735
Waypoints: [[1.0, 1.0, 1.0], [4.844954787942095, 14.493280729732227, 5.905721797057641], [14.655112419192436, 29.3283759307992, 11.159787577707847], [29.0, 29.0, 14.0]]
Velocity: [[0.0, 0.0, 0.0], [3.844954787942095, 13.493280729732227, 4.905721797057641], [9.810157631250341, 14.835095201066974, 5.2540657806502065], [14.344887580807564, -0.3283759307992007, 2.8402124222921525]]
Attitude: [[0.0, 0.0, 0.0], [1.3091332202726853, 0.43273101466224884, 1.2344339666278068], [1.0133906685058938, 0.6435968094348327, 1.2835511463276434], [0.19673554575391217, 1.5932481293968974, 1.3753795345072697]]
Save Location: maps/map642/test.txt
