Path: 377
Path Score: 4.519628220564538
Waypoints: [[1.0, 1.0, 1.0], [5.0694130019156045, 0.10947803648002186, 11.387112714668532], [10.752760318917543, 18.75992942067851, 14.80087523764835], [29.0, 29.0, 14.0]]
Velocity: [[0.0, 0.0, 0.0], [4.0694130019156045, -0.8905219635199781, 10.387112714668532], [5.683347317001939, 18.65045138419849, 3.413762522979818], [18.247239681082455, 10.24007057932149, -0.8008752376483503]]
Attitude: [[0.0, 0.0, 0.0], [1.1986423454069668, 1.65045321960768, 0.3814078923026202], [1.2795690838641913, 0.34154530809392875, 1.3974632156446485], [0.5126920098124623, 1.0598172007710935, 1.6090527819834075]]
Save Location: maps/map83/test.txt
