Path: 1300
Path Score: 4.1245881985771
Waypoints: [[1.0, 1.0, 1.0], [11.681123338592288, 14.089788280863255, 4.111381059339743], [22.31107341157168, 20.857103800923483, 7.836819148340205], [29.0, 29.0, 14.0]]
Velocity: [[0.0, 0.0, 0.0], [10.681123338592288, 13.089788280863255, 3.1113810593397426], [10.629950072979392, 6.767315520060228, 3.7254380890004626], [6.68892658842832, 8.142896199076517, 6.163180851659795]]
Attitude: [[0.0, 0.0, 0.0], [0.8998039769895753, 0.7044384319041941, 1.3886732407031834], [0.6284341389483272, 1.02978987600895, 1.283344752761706], [0.9909241630968201, 0.8405978425021317, 1.041586930795209]]
Save Location: maps/map2105/test.txt
