Path: 1676
Path Score: 4.365655462151576
Waypoints: [[1.0, 1.0, 1.0], [1.4862613186235762, 5.302297197202417, 9.54279168299124], [18.278593753428844, 13.542675969678093, 13.490985374955708], [29.0, 29.0, 14.0]]
Velocity: [[0.0, 0.0, 0.0], [0.48626131862357624, 4.302297197202417, 8.54279168299124], [16.792332434805267, 8.240378772475676, 3.948193691964468], [10.721406246571156, 15.457324030321907, 0.5090146250442924]]
Attitude: [[0.0, 0.0, 0.0], [1.520002440634727, 1.1049085373684124, 0.46909167611999897], [0.4983339627033346, 1.1251501351885602, 1.3627755974458369], [0.964623337542555, 0.6069540453552669, 1.5437444202820336]]
Save Location: maps/map493/test.txt
