Path: 1051
Path Score: 4.0814122391659815
Waypoints: [[1.0, 1.0, 1.0], [5.124139793286082, 11.529276214212281, 3.1169525438428494], [21.391366360934747, 19.016584990160858, 9.132275513596717], [29.0, 29.0, 14.0]]
Velocity: [[0.0, 0.0, 0.0], [4.124139793286082, 10.529276214212281, 2.1169525438428494], [16.267226567648663, 7.487308775948577, 6.015322969753868], [7.608633639065253, 9.983415009839142, 4.867724486403283]]
Attitude: [[0.0, 0.0, 0.0], [1.2041596665548568, 0.4147337109116922, 1.3857324418142094], [0.5333398157307696, 1.1632645247256728, 1.2467296667940708], [0.9701837951063373, 0.7354334851728955, 1.20085483013767]]
Save Location: maps/map2318/test.txt
