Path: 2087
Path Score: 4.442705431578268
Waypoints: [[1.0, 1.0, 1.0], [2.1051801977178286, 12.705542697858661, 1.33533427386211], [10.367468260299423, 27.216463727164182, 9.296135061442213], [29.0, 29.0, 14.0]]
Velocity: [[0.0, 0.0, 0.0], [1.1051801977178286, 11.705542697858661, 0.3353342738621099], [8.262288062581595, 14.510921029305521, 7.960800787580103], [18.632531739700575, 1.7835362728358177, 4.703864938557787]]
Attitude: [[0.0, 0.0, 0.0], [1.4766986395106851, 0.09834724994807642, 1.5422834159518], [1.107791594613318, 0.6690296555361439, 1.1259259766190095], [0.26370469337935265, 1.4782516615946064, 1.3245891179026303]]
Save Location: maps/map221/test.txt
