Path: 1282
Path Score: 4.3066042794451
Waypoints: [[1.0, 1.0, 1.0], [11.681123338592288, 14.089788280863255, 4.111381059339743], [16.883025564776037, 28.590923589761672, 8.346739006746619], [29.0, 29.0, 14.0]]
Velocity: [[0.0, 0.0, 0.0], [10.681123338592288, 13.089788280863255, 3.1113810593397426], [5.2019022261837495, 14.501135308898418, 4.235357947406876], [12.116974435223963, 0.4090764102383275, 5.653260993253381]]
Attitude: [[0.0, 0.0, 0.0], [0.8998039769895753, 0.7044384319041941, 1.3886732407031834], [1.2391750097992054, 0.43327305333399907, 1.3025069442246862], [0.43753856464082885, 1.5402112905645133, 1.134477297818289]]
Save Location: maps/map821/test.txt
