Path: 1004
Path Score: 4.158863804497516
Waypoints: [[1.0, 1.0, 1.0], [7.03200889148945, 11.212381035806049, 2.4091861245466912], [12.613060744395664, 17.548051480031873, 8.080005726347148], [29.0, 29.0, 14.0]]
Velocity: [[0.0, 0.0, 0.0], [6.03200889148945, 10.212381035806049, 1.4091861245466912], [5.5810518529062145, 6.3356704442258245, 5.670819601800456], [16.386939255604336, 11.451948519968127, 5.919994273652852]]
Attitude: [[0.0, 0.0, 0.0], [1.0413956223611207, 0.5452295055399751, 1.4525400011168248], [0.9899545745986599, 0.8983242218046684, 0.9793602024568653], [0.6665783723714116, 0.989326980912511, 1.28290425102486]]
Save Location: maps/map1886/test.txt
