Path: 9
Path Total Score: 2.3848771331788035
Waypoints: [[0.1, 0.1, 0.1], [5.524502448436252, 8.474401304745044, 0.14660342630609446], [3.385054205909317, 5.999163068580699, 0.27953037522314483], [8.934785887049703, 9.871313340395702, 0.6015541114775153], [3.3396215959703976, 5.89068928800975, 0.774750450981761], [8.82544360907615, 9.408107893574286, 0.9731229043006612], [3.0050720462792126, 5.478856501142781, 0.1997460175762289], [6.265921455956697, 8.561627162534371, 1.391951713487305], [2.2815143072198243, 4.191884762522967, 0.25043137656219405], [5.0, 5.0, 2.5]]
Velocity: [[0.0, 0.0, 0.0], [5.424502448436252, 8.374401304745044, 0.04660342630609446], [-2.1394482425269348, -2.475238236164345, 0.13292694891705037], [5.549731681140386, 3.872150271815003, 0.3220237362543704], [-5.595164291079305, -3.9806240523859513, 0.17319633950424573], [5.485822013105752, 3.5174186055645356, 0.1983724533189002], [-5.820371562796937, -3.929251392431505, -0.7733768867244323], [3.2608494096774843, 3.0827706613915904, 1.192205695911076], [-3.9844071487368726, -4.369742400011404, -1.1415203369251108], [2.7184856927801757, 0.8081152374770326, 2.249568623437806]]
Attitude: [[0.0, 0.0, 0.0], [0.0, 0.0, 0.0], [0.0, 0.0, 0.0], [0.0, 0.0, 0.0], [0.0, 0.0, 0.0], [0.0, 0.0, 0.0], [0.0, 0.0, 0.0], [0.0, 0.0, 0.0], [0.0, 0.0, 0.0], [0.0, 0.0, 0.0]]
Save Location: maps/map5/test.txt
