Path: 1422
Path Score: 4.28696007387948
Waypoints: [[1.0, 1.0, 1.0], [10.074445050749116, 1.0357225832720962, 9.412027835082272], [26.287300151641748, 16.492398494138193, 13.77497605122596], [29.0, 29.0, 14.0]]
Velocity: [[0.0, 0.0, 0.0], [9.074445050749116, 0.03572258327209621, 8.412027835082272], [16.212855100892632, 15.456675910866096, 4.362948216143687], [2.712699848358252, 12.507601505861807, 0.22502394877404086]]
Attitude: [[0.0, 0.0, 0.0], [0.7475390695972799, 1.5679093516700198, 0.8232656157544957], [0.7806817767724261, 0.8267115638098311, 1.3784313517297797], [1.3572535290988061, 0.21428765206758904, 1.553215933347118]]
Save Location: maps/map955/test.txt
