Path: 1149
Path Score: 4.0755642786739354
Waypoints: [[1.0, 1.0, 1.0], [7.244355243304841, 4.686769508950413, 5.732290508395203], [22.610660907061256, 12.829583706462888, 7.646387831785042], [29.0, 29.0, 14.0]]
Velocity: [[0.0, 0.0, 0.0], [6.244355243304841, 3.6867695089504133, 4.732290508395203], [15.366305663756414, 8.142814197512475, 1.9140973233898393], [6.389339092938744, 16.170416293537112, 6.353612168214958]]
Attitude: [[0.0, 0.0, 0.0], [0.7653529368027897, 1.1309818444795048, 0.9925991767107255], [0.49850059589641976, 1.086683481368089, 1.4611717701674563], [1.2183916059253201, 0.5083781419888332, 1.2204471921007194]]
Save Location: maps/map2347/test.txt
