Path: 563
Path Score: 4.59112829976762
Waypoints: [[1.0, 1.0, 1.0], [8.077819295469498, 4.630177089274074, 13.001091877302175], [17.21982023619961, 8.006705393204069, 10.081471535117235], [29.0, 29.0, 14.0]]
Velocity: [[0.0, 0.0, 0.0], [7.077819295469498, 3.630177089274074, 12.001091877302175], [9.142000940730112, 3.3765283039299945, -2.91962034218494], [11.78017976380039, 20.99329460679593, 3.9185284648827654]]
Attitude: [[0.0, 0.0, 0.0], [1.0568857360289043, 1.315913356872022, 0.5853298029477871], [0.45421895993696215, 1.232487209069853, 1.8618703229810059], [1.0667154657863167, 0.5340499258370055, 1.4094321512942536]]
Save Location: maps/map28/test.txt
