Path: 2029
Path Score: 4.223957782079303
Waypoints: [[1.0, 1.0, 1.0], [1.6574939373145603, 7.640942564656317, 6.853106441814953], [18.278593753428844, 13.542675969678093, 13.490985374955708], [29.0, 29.0, 14.0]]
Velocity: [[0.0, 0.0, 0.0], [0.6574939373145603, 6.640942564656317, 5.853106441814953], [16.621099816114285, 5.901733405021776, 6.637878933140755], [10.721406246571156, 15.457324030321907, 0.5090146250442924]]
Attitude: [[0.0, 0.0, 0.0], [1.4966576018134188, 0.7255359120981532, 0.8507902510389312], [0.4907778213991801, 1.2522734570855918, 1.2108476358303129], [0.964623337542555, 0.6069540453552669, 1.5437444202820336]]
Save Location: maps/map1384/test.txt
