Path: 2263
Path Score: 4.194582899044519
Waypoints: [[1.0, 1.0, 1.0], [5.7591996310330025, 10.496060591014656, 1.1961851557501069], [21.79639181727039, 14.477895924297679, 6.70148367285092], [29.0, 29.0, 14.0]]
Velocity: [[0.0, 0.0, 0.0], [4.7591996310330025, 9.496060591014656, 0.19618515575010687], [16.037192186237387, 3.9818353332830227, 5.5052985171008135], [7.20360818272961, 14.522104075702321, 7.29851632714908]]
Attitude: [[0.0, 0.0, 0.0], [1.1062936554501903, 0.46492826404694765, 1.5523285842779897], [0.40073737640698365, 1.340139884347316, 1.2491950992181244], [1.1535972127018381, 0.6148409412743631, 1.1477501781583583]]
Save Location: maps/map1612/test.txt
