Path: 152
Path Score: 4.404060084684135
Waypoints: [[1.0, 1.0, 1.0], [0.8689948832512862, 4.64282219210965, 7.776103442790986], [17.21982023619961, 8.006705393204069, 10.081471535117235], [29.0, 29.0, 14.0]]
Velocity: [[0.0, 0.0, 0.0], [-0.13100511674871385, 3.6428221921096497, 6.776103442790986], [16.350825352948323, 3.363883201094419, 2.3053680923262485], [11.78017976380039, 20.99329460679593, 3.9185284648827654]]
Attitude: [[0.0, 0.0, 0.0], [1.5878233126910848, 1.077602275761293, 0.4935415452562085], [0.2444223330096469, 1.3698294917748914, 1.4335627130456368], [1.0667154657863167, 0.5340499258370055, 1.4094321512942536]]
Save Location: maps/map349/test.txt
