Path: 981
Path Score: 4.165171278630491
Waypoints: [[1.0, 1.0, 1.0], [7.03200889148945, 11.212381035806049, 2.4091861245466912], [18.72403228769046, 27.04667286152992, 8.275372330418275], [29.0, 29.0, 14.0]]
Velocity: [[0.0, 0.0, 0.0], [6.03200889148945, 10.212381035806049, 1.4091861245466912], [11.692023396201009, 15.834291825723872, 5.866186205871584], [10.27596771230954, 1.9533271384700797, 5.724627669581725]]
Attitude: [[0.0, 0.0, 0.0], [1.0413956223611207, 0.5452295055399751, 1.4525400011168248], [0.9651829339846593, 0.6904694435884711, 1.2811476975915574], [0.5320146181463187, 1.4062402530460234, 1.0700368475848865]]
Save Location: maps/map1837/test.txt
