Path: 121
Path Score: 4.265572492367812
Waypoints: [[1.0, 1.0, 1.0], [6.844542921659472, 12.575654287568902, 0.7512941296865822], [12.613060744395664, 17.548051480031873, 8.080005726347148], [29.0, 29.0, 14.0]]
Velocity: [[0.0, 0.0, 0.0], [5.844542921659472, 11.575654287568902, -0.24870587031341784], [5.768517822736192, 4.972397192462971, 7.328711596660566], [16.386939255604336, 11.451948519968127, 5.919994273652852]]
Attitude: [[0.0, 0.0, 0.0], [1.103329579532339, 0.4679236243581791, 1.5899732357353402], [0.9934773232034, 1.080989211308032, 0.8046066167151201], [0.6665783723714116, 0.989326980912511, 1.28290425102486]]
Save Location: maps/map1087/test.txt
