Path: 10
Path Total Score: 2.3423832113860046
Waypoints: [[0.1, 0.1, 0.1], [8.313419615338855, 6.695644821677814, 0.17608028088907324], [6.146490167056731, 4.297453524321844, 0.09910732334872441], [9.7360239670868, 9.59925815137525, 2.0998810268253103], [5.973691777888769, 2.9466719500349168, 0.2822722907134634], [7.586532682005036, 5.468045131910843, 0.5987553374519883], [4.840337811815868, 0.12467809743296532, 0.5938478296568556], [8.53762638614894, 5.916397313634473, 0.6509717580468583], [5.248990305399445, 1.4078755503076001, 0.52263504032318], [5.0, 5.0, 2.5]]
Velocity: [[0.0, 0.0, 0.0], [8.213419615338855, 6.595644821677815, 0.07608028088907323], [-2.166929448282124, -2.3981912973559707, -0.07697295754034883], [3.5895338000300683, 5.301804627053407, 2.000773703476586], [-3.7623321891980304, -6.652586201340334, -1.817608736111847], [1.6128409041162666, 2.5213731818759264, 0.3164830467385249], [-2.746194870189168, -5.343367034477878, -0.004907507795132715], [3.697288574333072, 5.791719216201508, 0.05712392839000269], [-3.2886360807494945, -4.508521763326873, -0.12833671772367827], [-0.24899030539944533, 3.5921244496924, 1.97736495967682]]
Attitude: [[0.0, 0.0, 0.0], [0.0, 0.0, 0.0], [0.0, 0.0, 0.0], [0.0, 0.0, 0.0], [0.0, 0.0, 0.0], [0.0, 0.0, 0.0], [0.0, 0.0, 0.0], [0.0, 0.0, 0.0], [0.0, 0.0, 0.0], [0.0, 0.0, 0.0]]
Save Location: maps/map8/test.txt
