Path: 878
Path Score: 4.352893065259511
Waypoints: [[1.0, 1.0, 1.0], [13.622214221490246, 10.560085107867, 6.307093757900562], [24.548396690958242, 11.577212241638717, 14.392801991557022], [29.0, 29.0, 14.0]]
Velocity: [[0.0, 0.0, 0.0], [12.622214221490246, 9.560085107867, 5.307093757900562], [10.926182469467996, 1.0171271337717176, 8.08570823365646], [4.451603309041758, 17.42278775836128, -0.3928019915570218]]
Attitude: [[0.0, 0.0, 0.0], [0.7138698155414545, 0.9612815674177257, 1.2473929819737224], [0.6408479164718751, 1.4961063266604016, 0.9357679273551087], [1.3207044969365416, 0.251084454734688, 1.5926364233314274]]
Save Location: maps/map564/test.txt
