Path: 454
Path Score: 4.526865081777041
Waypoints: [[1.0, 1.0, 1.0], [11.29885047226655, 13.922680563011099, 6.0742347128672325], [22.909069045040045, 10.835196024953614, 13.228528156939884], [29.0, 29.0, 14.0]]
Velocity: [[0.0, 0.0, 0.0], [10.29885047226655, 12.922680563011099, 5.0742347128672325], [11.610218572773496, -3.0874845380574847, 7.1542934440726516], [6.090930954959955, 18.164803975046386, 0.771471843060116]]
Attitude: [[0.0, 0.0, 0.0], [0.932550665210745, 0.7263919285052141, 1.2728643435485965], [0.5910928773240436, 1.79343992115049, 1.0336850585365245], [1.2475348540835867, 0.325939212643112, 1.5305508334281337]]
Save Location: maps/map72/test.txt
