Path: 1489
Path Score: 4.29682689642193
Waypoints: [[1.0, 1.0, 1.0], [1.5831056317866898, 11.289807463775418, 6.886569014408189], [18.295648198935922, 21.67677091998945, 14.790388562251113], [29.0, 29.0, 14.0]]
Velocity: [[0.0, 0.0, 0.0], [0.5831056317866898, 10.289807463775418, 5.886569014408189], [16.71254256714923, 10.386963456214033, 7.903819547842924], [10.704351801064078, 7.323229080010549, -0.7903885622511133]]
Attitude: [[0.0, 0.0, 0.0], [1.5216478577442305, 0.5217422173051365, 1.0518517055369716], [0.6630359513348901, 1.058905442890995, 1.1888503137489834], [0.6027006201753293, 0.9720633967168617, 1.6316622645059446]]
Save Location: maps/map894/test.txt
