Path: 131
Path Score: 4.292061442921585
Waypoints: [[1.0, 1.0, 1.0], [1.4054990619177365, 2.018923329900705, 5.290815032320245], [5.071981601234553, 16.0705067071635, 8.253409506893876], [29.0, 29.0, 14.0]]
Velocity: [[0.0, 0.0, 0.0], [0.40549906191773655, 1.018923329900705, 4.290815032320245], [3.6664825393168163, 14.051583377262794, 2.9625944745736303], [23.928018398765445, 12.9294932928365, 5.746590493106124]]
Attitude: [[0.0, 0.0, 0.0], [1.479107067399564, 1.338645930601151, 0.2502235615876531], [1.3208195429593443, 0.3236679200455507, 1.369551294901957], [0.5340100961639119, 1.0870281697948079, 1.362570299726199]]
Save Location: maps/map918/test.txt
