Path: 1480
Path Score: 4.3217299485892084
Waypoints: [[1.0, 1.0, 1.0], [1.5831056317866898, 11.289807463775418, 6.886569014408189], [18.72403228769046, 27.04667286152992, 8.275372330418275], [29.0, 29.0, 14.0]]
Velocity: [[0.0, 0.0, 0.0], [0.5831056317866898, 10.289807463775418, 5.886569014408189], [17.14092665590377, 15.756865397754503, 1.3888033160100859], [10.27596771230954, 1.9533271384700797, 5.724627669581725]]
Attitude: [[0.0, 0.0, 0.0], [1.5216478577442305, 0.5217422173051365, 1.0518517055369716], [0.7452795175959359, 0.8290747186880817, 1.5112176722137245], [0.5320146181463187, 1.4062402530460234, 1.0700368475848865]]
Save Location: maps/map728/test.txt
