Path: 2248
Path Score: 4.111221553799752
Waypoints: [[1.0, 1.0, 1.0], [5.7591996310330025, 10.496060591014656, 1.1961851557501069], [21.391366360934747, 19.016584990160858, 9.132275513596717], [29.0, 29.0, 14.0]]
Velocity: [[0.0, 0.0, 0.0], [4.7591996310330025, 9.496060591014656, 0.19618515575010687], [15.632166729901744, 8.520524399146202, 7.93609035784661], [7.608633639065253, 9.983415009839142, 4.867724486403283]]
Attitude: [[0.0, 0.0, 0.0], [1.1062936554501903, 0.46492826404694765, 1.5523285842779897], [0.6402093091841099, 1.118396690759257, 1.1514734989129745], [0.9701837951063373, 0.7354334851728955, 1.20085483013767]]
Save Location: maps/map2192/test.txt
