Path: 424
Path Score: 4.351299739197511
Waypoints: [[1.0, 1.0, 1.0], [8.23561037690084, 4.511685430060676, 8.33124458240136], [8.698977053221993, 19.48629808039675, 13.371846165404145], [29.0, 29.0, 14.0]]
Velocity: [[0.0, 0.0, 0.0], [7.235610376900841, 3.511685430060676, 7.331244582401361], [0.4633666763211526, 14.974612650336073, 5.040601583002784], [20.301022946778005, 9.51370191960325, 0.6281538345958548]]
Attitude: [[0.0, 0.0, 0.0], [0.8434728410597166, 1.2422312953632766, 0.8316455994328315], [1.5414781179372972, 0.3259707658924376, 1.2462444976089448], [0.4390758398022054, 1.132740622989748, 1.5427856888103315]]
Save Location: maps/map578/test.txt
