Path: 2117
Path Score: 4.2129669990521705
Waypoints: [[1.0, 1.0, 1.0], [7.976694836660609, 10.929766397758005, 9.409001445334173], [14.43692874246404, 21.36894668574859, 11.322509376936443], [29.0, 29.0, 14.0]]
Velocity: [[0.0, 0.0, 0.0], [6.976694836660609, 9.929766397758005, 8.409001445334173], [6.460233905803431, 10.439180287990585, 1.91350793160227], [14.56307125753596, 7.63105331425141, 2.677490623063557]]
Attitude: [[0.0, 0.0, 0.0], [1.0786293818483852, 0.8331465441750755, 0.9648405508336908], [1.0240017770495895, 0.5731494473978334, 1.416172266621099], [0.5069175043207065, 1.0949344880442036, 1.4093618733327953]]
Save Location: maps/map1450/test.txt
