Path: 1999
Path Score: 4.304355593869324
Waypoints: [[1.0, 1.0, 1.0], [7.908661902969909, 13.249370598681029, 5.122888052721978], [17.142077840697404, 12.866671640253438, 8.671369517017055], [29.0, 29.0, 14.0]]
Velocity: [[0.0, 0.0, 0.0], [6.908661902969909, 12.249370598681029, 4.122888052721978], [9.233415937727495, -0.38269895842759105, 3.5484814642950777], [11.857922159302596, 16.133328359746564, 5.328630482982945]]
Attitude: [[0.0, 0.0, 0.0], [1.0799032623057099, 0.5811391675180452, 1.2856207472042467], [0.3688468989822042, 1.60946554988153, 1.2041770198995851], [0.9614723836846367, 0.6782653453057865, 1.3106912242211473]]
Save Location: maps/map833/test.txt
