Path: 2095
Path Score: 4.353480486708167
Waypoints: [[1.0, 1.0, 1.0], [2.1051801977178286, 12.705542697858661, 1.33533427386211], [9.662916602314, 22.21326367479614, 9.15459432162151], [29.0, 29.0, 14.0]]
Velocity: [[0.0, 0.0, 0.0], [1.1051801977178286, 11.705542697858661, 0.3353342738621099], [7.557736404596172, 9.507720976937478, 7.8192600477594], [19.337083397686, 6.7867363252038615, 4.845405678378491]]
Attitude: [[0.0, 0.0, 0.0], [1.4766986395106851, 0.09834724994807642, 1.5422834159518], [1.0201840522476822, 0.8523667680518681, 0.9987973111766002], [0.40714433808387096, 1.242659214067075, 1.3386234911715096]]
Save Location: maps/map559/test.txt
