Path: 1847
Path Score: 4.189803585976809
Waypoints: [[1.0, 1.0, 1.0], [5.142904841761517, 4.732071187514425, 9.090826078056057], [18.987168424161545, 21.350324413129044, 10.434584031210562], [29.0, 29.0, 14.0]]
Velocity: [[0.0, 0.0, 0.0], [4.142904841761517, 3.732071187514425, 8.090826078056057], [13.844263582400028, 16.61825322561462, 1.3437579531545047], [10.012831575838455, 7.649675586870956, 3.565415968789438]]
Attitude: [[0.0, 0.0, 0.0], [1.1355654236864037, 1.1812058528805445, 0.6034260736599171], [0.8778120985902718, 0.6968928969142196, 1.5087495524573222], [0.7003550436294252, 0.9469578898565721, 1.2950479413160163]]
Save Location: maps/map1648/test.txt
