Path: 36
Path Score: 4.083236820215502
Waypoints: [[1.0, 1.0, 1.0], [8.883832853990807, 7.619820070167713, 5.821889119101872], [18.441097262136424, 17.537267266708554, 6.281086639361177], [29.0, 29.0, 14.0]]
Velocity: [[0.0, 0.0, 0.0], [7.883832853990807, 6.619820070167713, 4.821889119101872], [9.557264408145617, 9.917447196540842, 0.4591975202593046], [10.558902737863576, 11.462732733291446, 7.718913360638823]]
Attitude: [[0.0, 0.0, 0.0], [0.8044304960935175, 0.9492050844908356, 1.1327513067607105], [0.8044259701688855, 0.7674814550253869, 1.537468392793906], [0.9183550643402842, 0.8511782172620342, 1.1109269665548651]]
Save Location: maps/map2311/test.txt
