Path: 2044
Path Score: 4.188046563457648
Waypoints: [[1.0, 1.0, 1.0], [1.6574939373145603, 7.640942564656317, 6.853106441814953], [12.704603846584774, 19.922199713463662, 8.33279809450805], [29.0, 29.0, 14.0]]
Velocity: [[0.0, 0.0, 0.0], [0.6574939373145603, 6.640942564656317, 5.853106441814953], [11.047109909270214, 12.281257148807345, 1.4796916526930968], [16.295396153415226, 9.077800286536338, 5.66720190549195]]
Attitude: [[0.0, 0.0, 0.0], [1.4966576018134188, 0.7255359120981532, 0.8507902510389312], [0.8418336661642729, 0.7369668272049377, 1.4814580817948004], [0.5810873343497762, 1.0864359774071253, 1.2758411019683804]]
Save Location: maps/map1660/test.txt
