Path: 722
Path Score: 4.185449270371591
Waypoints: [[1.0, 1.0, 1.0], [12.697608925444278, 6.8811022717284045, 6.207161753256], [15.44249175683154, 18.284183195920107, 9.161844399110448], [29.0, 29.0, 14.0]]
Velocity: [[0.0, 0.0, 0.0], [11.697608925444278, 5.8811022717284045, 5.207161753256], [2.7448828313872617, 11.403080924191702, 2.954682645854448], [13.55750824316846, 10.715816804079893, 4.838155600889552]]
Attitude: [[0.0, 0.0, 0.0], [0.5913478455125089, 1.1402281118229445, 1.1922640516212777], [1.341862670857858, 0.33994080994173204, 1.3240142637364443], [0.714409075190648, 0.9308782745117469, 1.2978165450117953]]
Save Location: maps/map1683/test.txt
