Path: 1907
Path Score: 4.110913357311242
Waypoints: [[1.0, 1.0, 1.0], [8.469661386104097, 5.59096684474812, 2.5279558793890997], [14.31024281394206, 14.397341180730484, 10.344580509492056], [29.0, 29.0, 14.0]]
Velocity: [[0.0, 0.0, 0.0], [7.469661386104097, 4.59096684474812, 1.5279558793890997], [5.840581427837963, 8.806374335982364, 7.8166246301029565], [14.68975718605794, 14.602658819269516, 3.655419490507944]]
Attitude: [[0.0, 0.0, 0.0], [0.5747996990566772, 1.0288000156137393, 1.3982583619310816], [1.1103432272619704, 0.8365970751877465, 0.9339134434382976], [0.7976180124622528, 0.8033878261380559, 1.3961151528842315]]
Save Location: maps/map2194/test.txt
