Path: 2440
Path Score: 4.096884354142654
Waypoints: [[1.0, 1.0, 1.0], [12.422424952449036, 7.364456284222653, 4.120550879483655], [20.852071857601725, 15.195208825034904, 7.612944235060696], [29.0, 29.0, 14.0]]
Velocity: [[0.0, 0.0, 0.0], [11.422424952449036, 6.364456284222653, 3.1205508794836554], [8.429646905152689, 7.8307525408122505, 3.4923933555770406], [8.147928142398275, 13.804791174965096, 6.387055764939304]]
Attitude: [[0.0, 0.0, 0.0], [0.5554007765856399, 1.0776065097557235, 1.3365284239372268], [0.7939011677795892, 0.8615520286916658, 1.2760971498563685], [1.0790221355094318, 0.643470475899189, 1.1916321938329075]]
Save Location: maps/map2264/test.txt
