Path: 1954
Path Score: 4.108976913458367
Waypoints: [[1.0, 1.0, 1.0], [7.908661902969909, 13.249370598681029, 5.122888052721978], [18.987168424161545, 21.350324413129044, 10.434584031210562], [29.0, 29.0, 14.0]]
Velocity: [[0.0, 0.0, 0.0], [6.908661902969909, 12.249370598681029, 4.122888052721978], [11.078506521191636, 8.100953814448015, 5.311695978488585], [10.012831575838455, 7.649675586870956, 3.565415968789438]]
Attitude: [[0.0, 0.0, 0.0], [1.0799032623057099, 0.5811391675180452, 1.2856207472042467], [0.718491936146304, 0.9878685058260636, 1.201524099636591], [0.7003550436294252, 0.9469578898565721, 1.2950479413160163]]
Save Location: maps/map2206/test.txt
