Path: 1364
Path Score: 4.404713257856002
Waypoints: [[1.0, 1.0, 1.0], [2.1166871798879825, 7.959406805005861, 2.641112218552253], [6.938039822185598, 21.090386253324894, 12.519590149875834], [29.0, 29.0, 14.0]]
Velocity: [[0.0, 0.0, 0.0], [1.1166871798879825, 6.959406805005861, 1.6411122185522529], [4.821352642297615, 13.130979448319033, 9.87847793132358], [22.061960177814402, 7.909613746675106, 1.4804098501241665]]
Attitude: [[0.0, 0.0, 0.0], [1.4158739947349994, 0.27784815422419984, 1.3420381855188857], [1.285392261712364, 0.6969712870205372, 0.9559188494604746], [0.3497487223204723, 1.2272661765835426, 1.5077145816114603]]
Save Location: maps/map347/test.txt
