Path: 1321
Path Score: 4.426785717107981
Waypoints: [[1.0, 1.0, 1.0], [3.4670120800623283, 8.98615020457587, 12.766320645476934], [14.43692874246404, 21.36894668574859, 11.322509376936443], [29.0, 29.0, 14.0]]
Velocity: [[0.0, 0.0, 0.0], [2.4670120800623283, 7.986150204575869, 11.766320645476934], [10.969916662401712, 12.38279648117272, -1.4438112685404914], [14.56307125753596, 7.63105331425141, 2.677490623063557]]
Attitude: [[0.0, 0.0, 0.0], [1.399024108228292, 0.9844440153430374, 0.6176559127637982], [0.8491761187469741, 0.7292344980256301, 1.6578517052621016], [0.5069175043207065, 1.0949344880442036, 1.4093618733327953]]
Save Location: maps/map278/test.txt
