Path: 2040
Path Score: 4.249998144668763
Waypoints: [[1.0, 1.0, 1.0], [1.6574939373145603, 7.640942564656317, 6.853106441814953], [9.662916602314, 22.21326367479614, 9.15459432162151], [29.0, 29.0, 14.0]]
Velocity: [[0.0, 0.0, 0.0], [0.6574939373145603, 6.640942564656317, 5.853106441814953], [8.00542266499944, 14.572321110139821, 2.3014878798065563], [19.337083397686, 6.7867363252038615, 4.845405678378491]]
Attitude: [[0.0, 0.0, 0.0], [1.4966576018134188, 0.7255359120981532, 0.8507902510389312], [1.0736273893115649, 0.5192828577000641, 1.433247242871182], [0.40714433808387096, 1.242659214067075, 1.3386234911715096]]
Save Location: maps/map1193/test.txt
