Path: 2427
Path Score: 4.130225689045849
Waypoints: [[1.0, 1.0, 1.0], [12.422424952449036, 7.364456284222653, 4.120550879483655], [22.610660907061256, 12.829583706462888, 7.646387831785042], [29.0, 29.0, 14.0]]
Velocity: [[0.0, 0.0, 0.0], [11.422424952449036, 6.364456284222653, 3.1205508794836554], [10.18823595461222, 5.465127422240235, 3.525836952301387], [6.389339092938744, 16.170416293537112, 6.353612168214958]]
Attitude: [[0.0, 0.0, 0.0], [0.5554007765856399, 1.0776065097557235, 1.3365284239372268], [0.5681500526787782, 1.1016293440927205, 1.2747914566757406], [1.2183916059253201, 0.5083781419888332, 1.2204471921007194]]
Save Location: maps/map2077/test.txt
