Path: 494
Path Score: 4.303296774814763
Waypoints: [[1.0, 1.0, 1.0], [11.29885047226655, 13.922680563011099, 6.0742347128672325], [23.80619581829966, 28.941778377351817, 14.88524117496731], [29.0, 29.0, 14.0]]
Velocity: [[0.0, 0.0, 0.0], [10.29885047226655, 12.922680563011099, 5.0742347128672325], [12.50734534603311, 15.019097814340718, 8.811006462100078], [5.19380418170034, 0.05822162264818331, -0.8852411749673106]]
Attitude: [[0.0, 0.0, 0.0], [0.932550665210745, 0.7263919285052141, 1.2728643435485965], [0.9479051584026449, 0.7946387557059996, 1.1472721781117983], [0.16917730242266035, 1.5597463151797681, 1.7396054079197876]]
Save Location: maps/map841/test.txt
