Path: 1239
Path Score: 4.409240494717492
Waypoints: [[1.0, 1.0, 1.0], [10.98841998167141, 13.67984788740044, 4.669955467169109], [12.699318080032214, 19.485873547121262, 13.643108962855027], [29.0, 29.0, 14.0]]
Velocity: [[0.0, 0.0, 0.0], [9.98841998167141, 12.67984788740044, 3.6699554671691086], [1.7108980983608042, 5.806025659720822, 8.973153495685919], [16.300681919967786, 9.514126452878738, 0.3568910371449725]]
Attitude: [[0.0, 0.0, 0.0], [0.9230317793050691, 0.698207449561829, 1.3472349331065676], [1.4120623837055668, 1.0046152067425622, 0.5934418855225511], [0.5286275051045267, 1.042579273198718, 1.5518895222311728]]
Save Location: maps/map338/test.txt
