Path: 684
Path Score: 4.172366662543365
Waypoints: [[1.0, 1.0, 1.0], [7.279071891786115, 11.99037003440958, 7.619831722996372], [16.562231948918217, 23.36225528971405, 10.468909590942717], [29.0, 29.0, 14.0]]
Velocity: [[0.0, 0.0, 0.0], [6.279071891786115, 10.99037003440958, 6.619831722996372], [9.283160057132102, 11.37188525530447, 2.8490778679463453], [12.437768051081783, 5.637744710285951, 3.531090409057283]]
Attitude: [[0.0, 0.0, 0.0], [1.115662030937802, 0.6928797362779866, 1.088924427386206], [0.9010435098016061, 0.7067575580892853, 1.3790981710782855], [0.4911333101171544, 1.159608420333512, 1.31776151037235]]
Save Location: maps/map1786/test.txt
