Path: 1555
Path Score: 4.06126768280276
Waypoints: [[1.0, 1.0, 1.0], [5.1328300726842055, 6.167067988359742, 4.338023583503114], [16.562231948918217, 23.36225528971405, 10.468909590942717], [29.0, 29.0, 14.0]]
Velocity: [[0.0, 0.0, 0.0], [4.1328300726842055, 5.167067988359742, 3.338023583503114], [11.429401876234012, 17.19518730135431, 6.130886007439603], [12.437768051081783, 5.637744710285951, 3.531090409057283]]
Attitude: [[0.0, 0.0, 0.0], [0.9792202736645594, 0.799275207152919, 1.1035589735254734], [1.0114201117072512, 0.6462324809668348, 1.2821530191172512], [0.4911333101171544, 1.159608420333512, 1.31776151037235]]
Save Location: maps/map2391/test.txt
