Path: 1068
Path Score: 4.172215001980988
Waypoints: [[1.0, 1.0, 1.0], [5.124139793286082, 11.529276214212281, 3.1169525438428494], [14.31024281394206, 14.397341180730484, 10.344580509492056], [29.0, 29.0, 14.0]]
Velocity: [[0.0, 0.0, 0.0], [4.124139793286082, 10.529276214212281, 2.1169525438428494], [9.186103020655978, 2.8680649665182028, 7.227627965649207], [14.68975718605794, 14.602658819269516, 3.655419490507944]]
Attitude: [[0.0, 0.0, 0.0], [1.2041596665548568, 0.4147337109116922, 1.3857324418142094], [0.702449093664343, 1.330177124547449, 0.9266265110016187], [0.7976180124622528, 0.8033878261380559, 1.3961151528842315]]
Save Location: maps/map1788/test.txt
