Path: 402
Path Score: 4.119072279110633
Waypoints: [[1.0, 1.0, 1.0], [8.23561037690084, 4.511685430060676, 8.33124458240136], [19.150517884687012, 16.221567393022806, 9.065163787729501], [29.0, 29.0, 14.0]]
Velocity: [[0.0, 0.0, 0.0], [7.235610376900841, 3.511685430060676, 7.331244582401361], [10.914907507786172, 11.709881962962129, 0.7339192053281405], [9.849482115312988, 12.778432606977194, 4.934836212270499]]
Attitude: [[0.0, 0.0, 0.0], [0.8434728410597166, 1.2422312953632766, 0.8316455994328315], [0.8214986693519553, 0.7514003600171473, 1.5249814248655988], [0.9474095871230266, 0.7114898316461911, 1.2739640805957166]]
Save Location: maps/map2140/test.txt
