Path: 85
Path Score: 4.194471080344158
Waypoints: [[1.0, 1.0, 1.0], [6.844542921659472, 12.575654287568902, 0.7512941296865822], [17.427868364228836, 16.4750747584921, 4.825948732556496], [29.0, 29.0, 14.0]]
Velocity: [[0.0, 0.0, 0.0], [5.844542921659472, 11.575654287568902, -0.24870587031341784], [10.583325442569365, 3.8994204709231965, 4.074654602869914], [11.572131635771164, 12.524925241507901, 9.174051267443504]]
Attitude: [[0.0, 0.0, 0.0], [1.103329579532339, 0.4679236243581791, 1.5899732357353402], [0.48962208448285144, 1.2396148096441955, 1.2241210142125267], [0.930265420446883, 0.8673805595008431, 1.0772217983493675]]
Save Location: maps/map1613/test.txt
