Path: 1412
Path Score: 4.46742839226793
Waypoints: [[1.0, 1.0, 1.0], [10.074445050749116, 1.0357225832720962, 9.412027835082272], [10.035552414872543, 14.727385926720864, 12.424650413075828], [29.0, 29.0, 14.0]]
Velocity: [[0.0, 0.0, 0.0], [9.074445050749116, 0.03572258327209621, 8.412027835082272], [-0.03889263587657332, 13.691663343448766, 3.0126225779935556], [18.96444758512746, 14.272614073279136, 1.5753495869241725]]
Attitude: [[0.0, 0.0, 0.0], [0.7475390695972799, 1.5679093516700198, 0.8232656157544957], [1.573570563450304, 0.21659960534066797, 1.3542150566204143], [0.6480734763088719, 0.9272854822750475, 1.5045215484811172]]
Save Location: maps/map182/test.txt
