Path: 1838
Path Score: 4.298342552723431
Waypoints: [[1.0, 1.0, 1.0], [5.142904841761517, 4.732071187514425, 9.090826078056057], [8.326355677599059, 21.007879601570398, 11.349606769497015], [29.0, 29.0, 14.0]]
Velocity: [[0.0, 0.0, 0.0], [4.142904841761517, 3.732071187514425, 8.090826078056057], [3.183450835837542, 16.275808414055973, 2.2587806914409576], [20.67364432240094, 7.992120398429602, 2.650393230502985]]
Attitude: [[0.0, 0.0, 0.0], [1.1355654236864037, 1.1812058528805445, 0.6034260736599171], [1.3794298761017376, 0.23538204570146093, 1.4354286645205143], [0.3867733775955384, 1.2046409482682174, 1.4517841548325077]]
Save Location: maps/map883/test.txt
