Path: 383
Path Score: 4.476342218618539
Waypoints: [[1.0, 1.0, 1.0], [5.0694130019156045, 0.10947803648002186, 11.387112714668532], [12.699318080032214, 19.485873547121262, 13.643108962855027], [29.0, 29.0, 14.0]]
Velocity: [[0.0, 0.0, 0.0], [4.0694130019156045, -0.8905219635199781, 10.387112714668532], [7.629905078116609, 19.376395510641238, 2.255996248186495], [16.300681919967786, 9.514126452878738, 0.3568910371449725]]
Attitude: [[0.0, 0.0, 0.0], [1.1986423454069668, 1.65045321960768, 0.3814078923026202], [1.1979589145540845, 0.38963259779022363, 1.4628834664932473], [0.5286275051045267, 1.042579273198718, 1.5518895222311728]]
Save Location: maps/map162/test.txt
