Path: 2346
Path Score: 4.209696666632952
Waypoints: [[1.0, 1.0, 1.0], [2.7823021602657514, 3.2626923788090734, 6.811174955232296], [16.562231948918217, 23.36225528971405, 10.468909590942717], [29.0, 29.0, 14.0]]
Velocity: [[0.0, 0.0, 0.0], [1.7823021602657514, 2.2626923788090734, 5.811174955232296], [13.779929788652467, 20.099562910904975, 3.657734635710421], [12.437768051081783, 5.637744710285951, 3.531090409057283]]
Attitude: [[0.0, 0.0, 0.0], [1.2924157480158258, 1.2144350237412072, 0.46016632051788314], [0.9773863057930086, 0.616956913585508, 1.4218144768151346], [0.4911333101171544, 1.159608420333512, 1.31776151037235]]
Save Location: maps/map1474/test.txt
