Path: 1620
Path Score: 4.203493568278908
Waypoints: [[1.0, 1.0, 1.0], [10.36013664890983, 5.847929453477029, 2.4421408215587084], [14.46706287539074, 21.68231868352074, 5.395598205098573], [29.0, 29.0, 14.0]]
Velocity: [[0.0, 0.0, 0.0], [9.36013664890983, 4.847929453477029, 1.4421408215587084], [4.10692622648091, 15.834389230043712, 2.953457383539865], [14.53293712460926, 7.317681316479259, 8.604401794901428]]
Attitude: [[0.0, 0.0, 0.0], [0.49541529610661705, 1.0976792558885609, 1.4348290922750935], [1.3211453397887838, 0.3092232051240716, 1.3921729382909924], [0.6606967282577116, 1.161934980212726, 1.0843680323639853]]
Save Location: maps/map1530/test.txt
