Path: 1783
Path Score: 4.195733483752861
Waypoints: [[1.0, 1.0, 1.0], [5.8300877579373775, 12.986927175779844, 2.2883830638241456], [19.150517884687012, 16.221567393022806, 9.065163787729501], [29.0, 29.0, 14.0]]
Velocity: [[0.0, 0.0, 0.0], [4.8300877579373775, 11.986927175779844, 1.2883830638241456], [13.320430126749635, 3.234640217242962, 6.776780723905356], [9.849482115312988, 12.778432606977194, 4.934836212270499]]
Attitude: [[0.0, 0.0, 0.0], [1.1897394258126446, 0.3951048953544142, 1.471431398260883], [0.513325910275903, 1.3576503381147758, 1.1116521651066258], [0.9474095871230266, 0.7114898316461911, 1.2739640805957166]]
Save Location: maps/map1601/test.txt
