Path: 198
Path Score: 4.385868853400649
Waypoints: [[1.0, 1.0, 1.0], [0.1034748464100077, 6.396090427855569, 9.25430405624771], [19.150517884687012, 16.221567393022806, 9.065163787729501], [29.0, 29.0, 14.0]]
Velocity: [[0.0, 0.0, 0.0], [-0.8965251535899923, 5.396090427855569, 8.25430405624771], [19.047043038277003, 9.825476965167237, -0.18914026851820864], [9.849482115312988, 12.778432606977194, 4.934836212270499]]
Attitude: [[0.0, 0.0, 0.0], [1.6614577493511176, 0.9944855483118206, 0.5852456997051783], [0.47632501752258993, 1.0945668758135114, 1.579621239011492], [0.9474095871230266, 0.7114898316461911, 1.2739640805957166]]
Save Location: maps/map412/test.txt
