Path: 1226
Path Score: 4.453831802697636
Waypoints: [[1.0, 1.0, 1.0], [10.98841998167141, 13.67984788740044, 4.669955467169109], [25.79209058027837, 11.910847199982666, 9.017382596249654], [29.0, 29.0, 14.0]]
Velocity: [[0.0, 0.0, 0.0], [9.98841998167141, 12.67984788740044, 3.6699554671691086], [14.80367059860696, -1.7690006874177744, 4.347427129080545], [3.2079094197216307, 17.089152800017334, 4.982617403750346]]
Attitude: [[0.0, 0.0, 0.0], [0.9230317793050691, 0.698207449561829, 1.3472349331065676], [0.30702800282785503, 1.6849533690708536, 1.2870658088968427], [1.3924977157249556, 0.3337927357398629, 1.2917140564701521]]
Save Location: maps/map206/test.txt
