Path: 2190
Path Score: 4.133770210904541
Waypoints: [[1.0, 1.0, 1.0], [5.839689469355285, 6.231079992564079, 1.4400139470819306], [11.922439956495857, 17.336683693731057, 5.215453288665816], [29.0, 29.0, 14.0]]
Velocity: [[0.0, 0.0, 0.0], [4.839689469355285, 5.231079992564079, 0.44001394708193065], [6.082750487140572, 11.105603701166977, 3.775439341583885], [17.077560043504143, 11.663316306268943, 8.784546711334183]]
Attitude: [[0.0, 0.0, 0.0], [0.8259996858182699, 0.748605830934555, 1.5091311358387776], [1.0924016844332118, 0.5726017427839964, 1.2810253606828783], [0.7073929618515384, 1.0250094498144648, 1.169113814241912]]
Save Location: maps/map2049/test.txt
