Path: 2157
Path Score: 4.128049417642534
Waypoints: [[1.0, 1.0, 1.0], [5.839689469355285, 6.231079992564079, 1.4400139470819306], [11.29885047226655, 13.922680563011099, 6.0742347128672325], [29.0, 29.0, 14.0]]
Velocity: [[0.0, 0.0, 0.0], [4.839689469355285, 5.231079992564079, 0.44001394708193065], [5.459161002911264, 7.69160057044702, 4.634220765785302], [17.70114952773345, 15.077319436988901, 7.9257652871327675]]
Attitude: [[0.0, 0.0, 0.0], [0.8259996858182699, 0.748605830934555, 1.5091311358387776], [1.0245603112248505, 0.7496817301646473, 1.114110255482978], [0.7661818536866618, 0.9099886285213937, 1.2422839364012292]]
Save Location: maps/map2090/test.txt
