# Note +ve X is north
# Note +ve Y is West
# x, y, height
# waypoints
G: (4.0,-2.0,10)
G: (20.589713049745754,2.031464829264273,10)
G: (36.88537054275623,2.127771475714539,10)
G: (52.47418939993521,8.204742469982634,10)
G: (35.990070080417766,6.085292677397533,10)
G: (52.08898004561508,0.08632498964674085,10)
G: (68.03552149661189,7.1259621561937365,10)
G: (79.50160727639943,-7.099897024163553,10)
G: (96.0,-2.0,10)


# wall segments
# x1, y1, x2, y2, z
W: (96.0,-9.200000000000003,0.0,-9.200000000000003,30)
W: (0.0,5.200000000000003,44.0,17.200000000000003,30)
W: (44.0,17.200000000000003,76.0,9.200000000000003,30)
W: (76.0,9.200000000000003,83.2,2.0,30)
W: (83.2,2.0,96.0,5.200000000000003,30)


# environment settings
R: (0)
D: (1)
