Path: 2469
Path Score: 4.35811610992878
Waypoints: [[1.0, 1.0, 1.0], [12.386106231445222, 1.1077460717588705, 7.4490524792482224], [14.43692874246404, 21.36894668574859, 11.322509376936443], [29.0, 29.0, 14.0]]
Velocity: [[0.0, 0.0, 0.0], [11.386106231445222, 0.10774607175887052, 6.4490524792482224], [2.0508225110188185, 20.26120061398972, 3.8734568976882207], [14.56307125753596, 7.63105331425141, 2.677490623063557]]
Attitude: [[0.0, 0.0, 0.0], [0.5154044449224107, 1.562562589250552, 1.0554709245652716], [1.4717032408789261, 0.21303590038056008, 1.3828372925510803], [0.5069175043207065, 1.0949344880442036, 1.4093618733327953]]
Save Location: maps/map530/test.txt
