Path: 25
Path Score: 4.051059339860335
Waypoints: [[1.0, 1.0, 1.0], [8.883832853990807, 7.619820070167713, 5.821889119101872], [20.225861212634335, 15.04532595668622, 11.643310714362196], [29.0, 29.0, 14.0]]
Velocity: [[0.0, 0.0, 0.0], [7.883832853990807, 6.619820070167713, 4.821889119101872], [11.342028358643528, 7.425505886518507, 5.821421595260324], [8.774138787365665, 13.95467404331378, 2.3566892856378043]]
Attitude: [[0.0, 0.0, 0.0], [0.8044304960935175, 0.9492050844908356, 1.1327513067607105], [0.693890904874091, 1.0433813135891954, 1.165189565011621], [1.0158144950798451, 0.5771097040965634, 1.4287893660504631]]
Save Location: maps/map2423/test.txt
