Path: 53
Path Score: 4.245151064524359
Waypoints: [[1.0, 1.0, 1.0], [8.883832853990807, 7.619820070167713, 5.821889119101872], [12.699318080032214, 19.485873547121262, 13.643108962855027], [29.0, 29.0, 14.0]]
Velocity: [[0.0, 0.0, 0.0], [7.883832853990807, 6.619820070167713, 4.821889119101872], [3.8154852260414067, 11.86605347695355, 7.8212198437531555], [16.300681919967786, 9.514126452878738, 0.3568910371449725]]
Attitude: [[0.0, 0.0, 0.0], [0.8044304960935175, 0.9492050844908356, 1.1327513067607105], [1.3085078979829505, 0.6327757943247541, 1.0104121155748684], [0.5286275051045267, 1.042579273198718, 1.5518895222311728]]
Save Location: maps/map1223/test.txt
