Path: 1484
Path Score: 4.4732517207669025
Waypoints: [[1.0, 1.0, 1.0], [1.5831056317866898, 11.289807463775418, 6.886569014408189], [4.741607970860676, 20.312016916218365, 10.401134851825734], [29.0, 29.0, 14.0]]
Velocity: [[0.0, 0.0, 0.0], [0.5831056317866898, 10.289807463775418, 5.886569014408189], [3.1585023390739866, 9.022209452442947, 3.5145658374175452], [24.258392029139323, 8.687983083781635, 3.5988651481742657]]
Attitude: [[0.0, 0.0, 0.0], [1.5216478577442305, 0.5217422173051365, 1.0518517055369716], [1.2554754026473083, 0.48245805510659723, 1.2184700288998673], [0.3698186467173986, 1.2303260930621542, 1.4320257768829774]]
Save Location: maps/map169/test.txt
