Path: 1567
Path Score: 4.171528473473648
Waypoints: [[1.0, 1.0, 1.0], [5.1328300726842055, 6.167067988359742, 4.338023583503114], [11.40378861351021, 23.288761880938765, 11.804403224732908], [29.0, 29.0, 14.0]]
Velocity: [[0.0, 0.0, 0.0], [4.1328300726842055, 5.167067988359742, 3.338023583503114], [6.270958540826005, 17.121693892579025, 7.4663796412297945], [17.59621138648979, 5.711238119061235, 2.1955967752670915]]
Attitude: [[0.0, 0.0, 0.0], [0.9792202736645594, 0.799275207152919, 1.1035589735254734], [1.2468946497918407, 0.51767648314242, 1.1821472838435867], [0.33465120952432154, 1.2592127196021017, 1.4526670982553629]]
Save Location: maps/map1796/test.txt
