Path: 2166
Path Score: 4.143847326190789
Waypoints: [[1.0, 1.0, 1.0], [5.839689469355285, 6.231079992564079, 1.4400139470819306], [14.43692874246404, 21.36894668574859, 11.322509376936443], [29.0, 29.0, 14.0]]
Velocity: [[0.0, 0.0, 0.0], [4.839689469355285, 5.231079992564079, 0.44001394708193065], [8.597239273108755, 15.13786669318451, 9.882495429854512], [14.56307125753596, 7.63105331425141, 2.677490623063557]]
Attitude: [[0.0, 0.0, 0.0], [0.8259996858182699, 0.748605830934555, 1.5091311358387776], [1.1268909739075244, 0.713306514106236, 1.0544872223881712], [0.5069175043207065, 1.0949344880442036, 1.4093618733327953]]
Save Location: maps/map1979/test.txt
