Path: 1845
Path Score: 4.42059813891137
Waypoints: [[1.0, 1.0, 1.0], [5.142904841761517, 4.732071187514425, 9.090826078056057], [7.177206899450002, 15.45719743824309, 14.540668792615357], [29.0, 29.0, 14.0]]
Velocity: [[0.0, 0.0, 0.0], [4.142904841761517, 3.732071187514425, 8.090826078056057], [2.0343020576884845, 10.725126250728666, 5.449842714559299], [21.822793100549998, 13.54280256175691, -0.5406687926153566]]
Attitude: [[0.0, 0.0, 0.0], [1.1355654236864037, 1.1812058528805445, 0.6034260736599171], [1.4032833397892257, 0.49697774753903184, 1.107759566749806], [0.5557718496340723, 1.0155187584190801, 1.591844435500265]]
Save Location: maps/map299/test.txt
