Path: 1686
Path Score: 4.391172552518507
Waypoints: [[1.0, 1.0, 1.0], [1.4862613186235762, 5.302297197202417, 9.54279168299124], [15.684579521262053, 24.294407344774495, 11.460625578176513], [29.0, 29.0, 14.0]]
Velocity: [[0.0, 0.0, 0.0], [0.48626131862357624, 4.302297197202417, 8.54279168299124], [14.198318202638477, 18.992110147572077, 1.9178338951852734], [13.315420478737947, 4.705592655225505, 2.539374421823487]]
Attitude: [[0.0, 0.0, 0.0], [1.520002440634727, 1.1049085373684124, 0.46909167611999897], [0.9312701257797908, 0.6462980887253548, 1.4900940881384777], [0.38185806857320004, 1.2366735425670707, 1.3928860386768187]]
Save Location: maps/map389/test.txt
