Path: 1805
Path Score: 4.202228794557234
Waypoints: [[1.0, 1.0, 1.0], [5.8300877579373775, 12.986927175779844, 2.2883830638241456], [18.72403228769046, 27.04667286152992, 8.275372330418275], [29.0, 29.0, 14.0]]
Velocity: [[0.0, 0.0, 0.0], [4.8300877579373775, 11.986927175779844, 1.2883830638241456], [12.893944529753082, 14.059745685750077, 5.986989266594129], [10.27596771230954, 1.9533271384700797, 5.724627669581725]]
Attitude: [[0.0, 0.0, 0.0], [1.1897394258126446, 0.3951048953544142, 1.471431398260883], [0.8699311196896606, 0.7909281430202594, 1.2666969938347066], [0.5320146181463187, 1.4062402530460234, 1.0700368475848865]]
Save Location: maps/map1545/test.txt
