Path: 2193
Path Score: 4.2280285616218904
Waypoints: [[1.0, 1.0, 1.0], [5.839689469355285, 6.231079992564079, 1.4400139470819306], [9.662916602314, 22.21326367479614, 9.15459432162151], [29.0, 29.0, 14.0]]
Velocity: [[0.0, 0.0, 0.0], [4.839689469355285, 5.231079992564079, 0.44001394708193065], [3.8232271329587153, 15.982183682232058, 7.714580374539579], [19.337083397686, 6.7867363252038615, 4.845405678378491]]
Attitude: [[0.0, 0.0, 0.0], [0.8259996858182699, 0.748605830934555, 1.5091311358387776], [1.3586060744865074, 0.4941446976101196, 1.1318832973364445], [0.40714433808387096, 1.242659214067075, 1.3386234911715096]]
Save Location: maps/map1350/test.txt
