Path: 2238
Path Score: 4.114919660184055
Waypoints: [[1.0, 1.0, 1.0], [5.7591996310330025, 10.496060591014656, 1.1961851557501069], [18.987168424161545, 21.350324413129044, 10.434584031210562], [29.0, 29.0, 14.0]]
Velocity: [[0.0, 0.0, 0.0], [4.7591996310330025, 9.496060591014656, 0.19618515575010687], [13.227968793128543, 10.854263822114389, 9.238398875460454], [10.012831575838455, 7.649675586870956, 3.565415968789438]]
Attitude: [[0.0, 0.0, 0.0], [1.1062936554501903, 0.46492826404694765, 1.5523285842779897], [0.8226990212140586, 0.9786079535062595, 1.0757384242058528], [0.7003550436294252, 0.9469578898565721, 1.2950479413160163]]
Save Location: maps/map2167/test.txt
