# waypoints
G: (11.0,-17.0,15)
G: (13.694743745655272,-15.305310684724262,15)
G: (16.393974488496028,-13.37507625026643,15)
G: (19.42034995441395,-12.968044771444875,15)
G: (23.319041966716583,-12.791118552129424,15)
G: (26.754620267003276,-14.588027034351162,15)
G: (29.0,-17.0,15)


# wall segments
W: (30.0,-18.8,23.2,-15.0,3)
W: (23.2,-15.0,16.0,-15.8,3)
W: (16.0,-15.8,10.0,-18.8,3)
W: (10.0,-15.2,15.0,-11.2,3)
W: (15.0,-11.2,25.0,-11.2,3)
W: (25.0,-11.2,30.0,-15.2,3)


# environment settings
R: (0)
D: (1)
