# Note +ve X is north
# Note +ve Y is West
# x, y, height
# waypoints
G: (11.0,-17.0,15)
G: (14.78039737029646,-16.72879740509225,15)
G: (17.95866292274002,-17.909951796349407,15)
G: (20.31184456566649,-19.83377372176414,15)
G: (23.518050983451474,-20.149341954938663,15)
G: (26.55708453603197,-19.46856356049097,15)
G: (29.0,-17.0,15)


# wall segments
# x1, y1, x2, y2, z
W: (40.0,-14.6,33.6,-19.0,3)
W: (33.6,-19.0,16.0,-18.6,3)
W: (16.0,-18.6,4.0,-14.6,3)
W: (4.0,-14.6,0.0,-14.6,3)
W: (0.0,-7.399999999999999,18.0,-9.399999999999999,3)
W: (18.0,-9.399999999999999,24.0,-13.4,3)
W: (24.0,-13.4,40.0,-7.399999999999999,3)


# environment settings
R: (0)
D: (1)
