Path: 1499
Path Score: 4.262106668430212
Waypoints: [[1.0, 1.0, 1.0], [1.5831056317866898, 11.289807463775418, 6.886569014408189], [20.610598369444524, 19.278006681353382, 8.827928443474919], [29.0, 29.0, 14.0]]
Velocity: [[0.0, 0.0, 0.0], [0.5831056317866898, 10.289807463775418, 5.886569014408189], [19.027492737657834, 7.988199217577964, 1.94135942906673], [8.389401630555476, 9.721993318646618, 5.172071556525081]]
Attitude: [[0.0, 0.0, 0.0], [1.5216478577442305, 0.5217422173051365, 1.0518517055369716], [0.40782198861613594, 1.1751626932012824, 1.476997402856513], [0.919766086046802, 0.7922213235648208, 1.1879058042443305]]
Save Location: maps/map1120/test.txt
