Path: 1095
Path Score: 4.296355844359395
Waypoints: [[1.0, 1.0, 1.0], [6.277705044557794, 0.35330246109405494, 2.6825947684151497], [17.427868364228836, 16.4750747584921, 4.825948732556496], [29.0, 29.0, 14.0]]
Velocity: [[0.0, 0.0, 0.0], [5.277705044557794, -0.6466975389059451, 1.6825947684151497], [11.15016331967104, 16.121772297398042, 2.143353964141346], [11.572131635771164, 12.524925241507901, 9.174051267443504]]
Attitude: [[0.0, 0.0, 0.0], [0.32912608513099045, 1.687014641004876, 1.264321452563771], [0.9698077642515681, 0.6135950519819883, 1.4618852613465791], [0.930265420446883, 0.8673805595008431, 1.0772217983493675]]
Save Location: maps/map897/test.txt
