Path: 1254
Path Score: 4.169465073277706
Waypoints: [[1.0, 1.0, 1.0], [11.681123338592288, 14.089788280863255, 4.111381059339743], [25.428707168258946, 19.405189246924685, 11.09112041789754], [29.0, 29.0, 14.0]]
Velocity: [[0.0, 0.0, 0.0], [10.681123338592288, 13.089788280863255, 3.1113810593397426], [13.747583829666658, 5.31540096606143, 6.979739358557798], [3.5712928317410544, 9.594810753075315, 2.9088795821024593]]
Attitude: [[0.0, 0.0, 0.0], [0.8998039769895753, 0.7044384319041941, 1.3886732407031834], [0.5680124981022006, 1.238802334118299, 1.1285371374537398], [1.228608075856676, 0.4475659367165343, 1.29396325921033]]
Save Location: maps/map1803/test.txt
