Path: 2075
Path Score: 4.361292441899854
Waypoints: [[1.0, 1.0, 1.0], [2.1051801977178286, 12.705542697858661, 1.33533427386211], [11.667426656504041, 23.721439084724487, 3.039376091614793], [29.0, 29.0, 14.0]]
Velocity: [[0.0, 0.0, 0.0], [1.1051801977178286, 11.705542697858661, 0.3353342738621099], [9.562246458786213, 11.015896386865826, 1.704041817752683], [17.33257334349596, 5.278560915275513, 10.960623908385207]]
Attitude: [[0.0, 0.0, 0.0], [1.4766986395106851, 0.09834724994807642, 1.5422834159518], [0.8617695399940148, 0.7226212285851555, 1.4545058219439209], [0.6119895361534354, 1.3188671578153384, 1.026752491502504]]
Save Location: maps/map517/test.txt
