Path: 1636
Path Score: 4.08549973698771
Waypoints: [[1.0, 1.0, 1.0], [10.36013664890983, 5.847929453477029, 2.4421408215587084], [18.441097262136424, 17.537267266708554, 6.281086639361177], [29.0, 29.0, 14.0]]
Velocity: [[0.0, 0.0, 0.0], [9.36013664890983, 4.847929453477029, 1.4421408215587084], [8.080960613226594, 11.689337813231525, 3.8389458178024682], [10.558902737863576, 11.462732733291446, 7.718913360638823]]
Attitude: [[0.0, 0.0, 0.0], [0.49541529610661705, 1.0976792558885609, 1.4348290922750935], [0.9896574430074583, 0.653255163891855, 1.3069486895506184], [0.9183550643402842, 0.8511782172620342, 1.1109269665548651]]
Save Location: maps/map2305/test.txt
