Path: 119
Path Score: 4.181133450194538
Waypoints: [[1.0, 1.0, 1.0], [6.844542921659472, 12.575654287568902, 0.7512941296865822], [21.78645601699983, 26.938246068819566, 10.468055210066508], [29.0, 29.0, 14.0]]
Velocity: [[0.0, 0.0, 0.0], [5.844542921659472, 11.575654287568902, -0.24870587031341784], [14.941913095340357, 14.362591781250664, 9.716761080379925], [7.2135439830001715, 2.0617539311804336, 3.531944789933492]]
Attitude: [[0.0, 0.0, 0.0], [1.103329579532339, 0.4679236243581791, 1.5899732357353402], [0.8595673861296304, 0.8925139356477416, 1.1323925056818103], [0.5157591343381982, 1.3195229300441227, 1.1308007241554319]]
Save Location: maps/map1716/test.txt
