Path: 1573
Path Score: 4.09131374918956
Waypoints: [[1.0, 1.0, 1.0], [5.1328300726842055, 6.167067988359742, 4.338023583503114], [14.664796282188101, 21.28024012885323, 5.468764640312363], [29.0, 29.0, 14.0]]
Velocity: [[0.0, 0.0, 0.0], [4.1328300726842055, 5.167067988359742, 3.338023583503114], [9.531966209503896, 15.113172140493488, 1.1307410568092493], [14.335203717811899, 7.7197598711467705, 8.531235359687637]]
Attitude: [[0.0, 0.0, 0.0], [0.9792202736645594, 0.799275207152919, 1.1035589735254734], [1.0093630635533641, 0.5658492842722577, 1.5075976702583853], [0.6763273336917041, 1.1373758967665009, 1.0881508960767203]]
Save Location: maps/map2284/test.txt
