Path: 1213
Path Score: 4.20287103803579
Waypoints: [[1.0, 1.0, 1.0], [10.98841998167141, 13.67984788740044, 4.669955467169109], [19.778926106740936, 25.028774492325528, 13.753258473645548], [29.0, 29.0, 14.0]]
Velocity: [[0.0, 0.0, 0.0], [9.98841998167141, 12.67984788740044, 3.6699554671691086], [8.790506125069527, 11.348926604925088, 9.08330300647644], [9.221073893259064, 3.971225507674472, 0.24674152635445168]]
Attitude: [[0.0, 0.0, 0.0], [0.9230317793050691, 0.698207449561829, 1.3472349331065676], [1.0269082172031874, 0.8391810788137867, 1.0066401865506283], [0.40736238913210576, 1.1642642704118822, 1.54622508670751]]
Save Location: maps/map1540/test.txt
