Path: 32
Path Score: 4.117214529027973
Waypoints: [[1.0, 1.0, 1.0], [8.883832853990807, 7.619820070167713, 5.821889119101872], [18.278593753428844, 13.542675969678093, 13.490985374955708], [29.0, 29.0, 14.0]]
Velocity: [[0.0, 0.0, 0.0], [7.883832853990807, 6.619820070167713, 4.821889119101872], [9.394760899438037, 5.92285589951038, 7.669096255853836], [10.721406246571156, 15.457324030321907, 0.5090146250442924]]
Attitude: [[0.0, 0.0, 0.0], [0.8044304960935175, 0.9492050844908356, 1.1327513067607105], [0.8008645797357385, 1.116486448573543, 0.9664473024046925], [0.964623337542555, 0.6069540453552669, 1.5437444202820336]]
Save Location: maps/map2150/test.txt
