Path: 2240
Path Score: 4.2006280825998505
Waypoints: [[1.0, 1.0, 1.0], [5.7591996310330025, 10.496060591014656, 1.1961851557501069], [24.80078989068509, 16.52228778449424, 8.560347909072977], [29.0, 29.0, 14.0]]
Velocity: [[0.0, 0.0, 0.0], [4.7591996310330025, 9.496060591014656, 0.19618515575010687], [19.041590259652086, 6.026227193479583, 7.36416275332287], [4.199210109314912, 12.477712215505761, 5.439652090927023]]
Attitude: [[0.0, 0.0, 0.0], [1.1062936554501903, 0.46492826404694765, 1.5523285842779897], [0.463428578475015, 1.283774949920182, 1.2175457453041594], [1.2715632840353657, 0.5034073100322944, 1.1789804677621314]]
Save Location: maps/map1555/test.txt
