Path: 2079
Path Score: 4.2795437443094375
Waypoints: [[1.0, 1.0, 1.0], [2.1051801977178286, 12.705542697858661, 1.33533427386211], [14.201298455250685, 22.98387750158817, 5.257885864403107], [29.0, 29.0, 14.0]]
Velocity: [[0.0, 0.0, 0.0], [1.1051801977178286, 11.705542697858661, 0.3353342738621099], [12.096118257532856, 10.27833480372951, 3.9225515905409973], [14.798701544749315, 6.0161224984118284, 8.742114135596893]]
Attitude: [[0.0, 0.0, 0.0], [1.4766986395106851, 0.09834724994807642, 1.5422834159518], [0.7380376497045344, 0.8910240562505468, 1.328532893605009], [0.622111751572226, 1.2341041498642775, 1.070072352441417]]
Save Location: maps/map997/test.txt
