Path: 442
Path Score: 4.160525498517471
Waypoints: [[1.0, 1.0, 1.0], [8.23561037690084, 4.511685430060676, 8.33124458240136], [17.142077840697404, 12.866671640253438, 8.671369517017055], [29.0, 29.0, 14.0]]
Velocity: [[0.0, 0.0, 0.0], [7.235610376900841, 3.511685430060676, 7.331244582401361], [8.906467463796563, 8.354986210192763, 0.3401249346156945], [11.857922159302596, 16.133328359746564, 5.328630482982945]]
Attitude: [[0.0, 0.0, 0.0], [0.8434728410597166, 1.2422312953632766, 0.8316455994328315], [0.7538734463498821, 0.8176995881756571, 1.542951641857753], [0.9614723836846367, 0.6782653453057865, 1.3106912242211473]]
Save Location: maps/map1881/test.txt
