Path: 725
Path Score: 4.30078317127116
Waypoints: [[1.0, 1.0, 1.0], [12.697608925444278, 6.8811022717284045, 6.207161753256], [16.72641038031882, 15.264827052821502, 13.846194206338602], [29.0, 29.0, 14.0]]
Velocity: [[0.0, 0.0, 0.0], [11.697608925444278, 5.8811022717284045, 5.207161753256], [4.028801454874543, 8.383724781093097, 7.639032453082602], [12.273589619681179, 13.735172947178498, 0.15380579366139813]]
Attitude: [[0.0, 0.0, 0.0], [0.5913478455125089, 1.1402281118229445, 1.1922640516212777], [1.229487739468733, 0.8002382337981954, 0.8832209436462892], [0.8415660736191315, 0.7293004114667039, 1.5624465811421142]]
Save Location: maps/map862/test.txt
