Path: 1307
Path Score: 4.398090419411934
Waypoints: [[1.0, 1.0, 1.0], [11.681123338592288, 14.089788280863255, 4.111381059339743], [11.717608255286521, 26.086366361922085, 10.100298251227693], [29.0, 29.0, 14.0]]
Velocity: [[0.0, 0.0, 0.0], [10.681123338592288, 13.089788280863255, 3.1113810593397426], [0.03648491669423315, 11.99657808105883, 5.988917191887951], [17.28239174471348, 2.913633638077915, 3.8997017487723067]]
Attitude: [[0.0, 0.0, 0.0], [0.8998039769895753, 0.7044384319041941, 1.3886732407031834], [1.5680752829355367, 0.46302986120975914, 1.1077757293174137], [0.27455761083990476, 1.4078003124714065, 1.351856955162436]]
Save Location: maps/map367/test.txt
