Path: 306
Path Score: 4.113958667144412
Waypoints: [[1.0, 1.0, 1.0], [11.62421921707525, 9.637940007438962, 4.108292062461251], [26.70124871286478, 19.147010920760337, 12.70089468843873], [29.0, 29.0, 14.0]]
Velocity: [[0.0, 0.0, 0.0], [10.62421921707525, 8.637940007438962, 3.108292062461251], [15.077029495789528, 9.509070913321375, 8.592602625977479], [2.2987512871352216, 9.852989079239663, 1.29910531156127]]
Attitude: [[0.0, 0.0, 0.0], [0.7126112608988734, 0.9081638967287853, 1.3475745118170808], [0.7045223786592485, 1.0695225699323974, 1.1216140735614673], [1.3434906352786418, 0.26183169500923487, 1.4430944105763563]]
Save Location: maps/map2170/test.txt
