Path: 27
Path Score: 4.2097633768558484
Waypoints: [[1.0, 1.0, 1.0], [8.883832853990807, 7.619820070167713, 5.821889119101872], [24.548396690958242, 11.577212241638717, 14.392801991557022], [29.0, 29.0, 14.0]]
Velocity: [[0.0, 0.0, 0.0], [7.883832853990807, 6.619820070167713, 4.821889119101872], [15.664563836967435, 3.957392171471004, 8.57091287245515], [4.451603309041758, 17.42278775836128, -0.3928019915570218]]
Attitude: [[0.0, 0.0, 0.0], [0.8044304960935175, 0.9492050844908356, 1.1327513067607105], [0.542373668000083, 1.3526943576653438, 1.0830583761224069], [1.3207044969365416, 0.251084454734688, 1.5926364233314274]]
Save Location: maps/map1472/test.txt
