Path: 557
Path Score: 4.107866502159959
Waypoints: [[1.0, 1.0, 1.0], [9.981785049321614, 2.094242845092411, 3.906087432644374], [20.24894541404868, 13.704934531749169, 10.28792228211892], [29.0, 29.0, 14.0]]
Velocity: [[0.0, 0.0, 0.0], [8.981785049321614, 1.094242845092411, 2.906087432644374], [10.267160364727067, 11.610691686656757, 6.381834849474546], [8.75105458595132, 15.295065468250831, 3.7120777178810798]]
Attitude: [[0.0, 0.0, 0.0], [0.33286566125405836, 1.4553984883962245, 1.2600245384619229], [0.9115246412671214, 0.8055748686385225, 1.1801978912416826], [1.0633520659267364, 0.5560751825583984, 1.3631766434720947]]
Save Location: maps/map2210/test.txt
