Path: 1717
Path Score: 4.144685879079892
Waypoints: [[1.0, 1.0, 1.0], [10.805725952785512, 11.283487147150078, 0.7484718343695662], [25.82242157098592, 26.583335307071817, 8.735195019153062], [29.0, 29.0, 14.0]]
Velocity: [[0.0, 0.0, 0.0], [9.805725952785512, 10.283487147150078, -0.2515281656304338], [15.016695618200409, 15.299848159921739, 7.9867231847834965], [3.17757842901408, 2.416664692928183, 5.264804980846938]]
Attitude: [[0.0, 0.0, 0.0], [0.8093250089126587, 0.7617849255869302, 1.5884962164824006], [0.8547601940169269, 0.8382345568337923, 1.2141750041313866], [1.0690872565574958, 1.1963461847155972, 0.6487738662809521]]
Save Location: maps/map1975/test.txt
