Path: 2401
Path Score: 4.103863080943373
Waypoints: [[1.0, 1.0, 1.0], [12.422424952449036, 7.364456284222653, 4.120550879483655], [26.70124871286478, 19.147010920760337, 12.70089468843873], [29.0, 29.0, 14.0]]
Velocity: [[0.0, 0.0, 0.0], [11.422424952449036, 6.364456284222653, 3.1205508794836554], [14.278823760415742, 11.782554636537684, 8.580343808955075], [2.2987512871352216, 9.852989079239663, 1.29910531156127]]
Attitude: [[0.0, 0.0, 0.0], [0.5554007765856399, 1.0776065097557235, 1.3365284239372268], [0.7956863636666671, 0.9551891758126451, 1.1367819908342562], [1.3434906352786418, 0.26183169500923487, 1.4430944105763563]]
Save Location: maps/map2229/test.txt
