Path: 2115
Path Score: 4.2251471454280365
Waypoints: [[1.0, 1.0, 1.0], [7.976694836660609, 10.929766397758005, 9.409001445334173], [19.150517884687012, 16.221567393022806, 9.065163787729501], [29.0, 29.0, 14.0]]
Velocity: [[0.0, 0.0, 0.0], [6.976694836660609, 9.929766397758005, 8.409001445334173], [11.173823048026403, 5.291800995264801, -0.3438376576046718], [9.849482115312988, 12.778432606977194, 4.934836212270499]]
Attitude: [[0.0, 0.0, 0.0], [1.0786293818483852, 0.8331465441750755, 0.9648405508336908], [0.4431119390633896, 1.1286828028026086, 1.5985997432611492], [0.9474095871230266, 0.7114898316461911, 1.2739640805957166]]
Save Location: maps/map1376/test.txt
