Path: 1881
Path Score: 4.106031456290872
Waypoints: [[1.0, 1.0, 1.0], [8.469661386104097, 5.59096684474812, 2.5279558793890997], [26.76543196640594, 17.456646557356017, 7.05435308823407], [29.0, 29.0, 14.0]]
Velocity: [[0.0, 0.0, 0.0], [7.469661386104097, 4.59096684474812, 1.5279558793890997], [18.295770580301845, 11.865679712607896, 4.52639720884497], [2.2345680335940585, 11.543353442643983, 6.94564691176593]]
Attitude: [[0.0, 0.0, 0.0], [0.5747996990566772, 1.0288000156137393, 1.3982583619310816], [0.6067779453378207, 1.0089197964794516, 1.3661329457717062], [1.4064235659655742, 0.5636700246717852, 1.0372176653267735]]
Save Location: maps/map2217/test.txt
