Path: 1614
Path Score: 4.153829617845924
Waypoints: [[1.0, 1.0, 1.0], [10.36013664890983, 5.847929453477029, 2.4421408215587084], [16.060622627406442, 22.284008548073043, 8.655570821620126], [29.0, 29.0, 14.0]]
Velocity: [[0.0, 0.0, 0.0], [9.36013664890983, 4.847929453477029, 1.4421408215587084], [5.700485978496612, 16.436079094596014, 6.213430000061417], [12.939377372593558, 6.715991451926957, 5.344429178379874]]
Attitude: [[0.0, 0.0, 0.0], [0.49541529610661705, 1.0976792558885609, 1.4348290922750935], [1.2570892504547813, 0.4740178401677599, 1.2277533450183473], [0.5856835745155158, 1.123499545747589, 1.2194127759243851]]
Save Location: maps/map1925/test.txt
