Path: 1574
Path Score: 4.020702299507358
Waypoints: [[1.0, 1.0, 1.0], [5.1328300726842055, 6.167067988359742, 4.338023583503114], [18.441097262136424, 17.537267266708554, 6.281086639361177], [29.0, 29.0, 14.0]]
Velocity: [[0.0, 0.0, 0.0], [4.1328300726842055, 5.167067988359742, 3.338023583503114], [13.308267189452218, 11.370199278348812, 1.9430630558580626], [10.558902737863576, 11.462732733291446, 7.718913360638823]]
Attitude: [[0.0, 0.0, 0.0], [0.9792202736645594, 0.799275207152919, 1.1035589735254734], [0.7141421378774647, 0.8689743370763089, 1.4602423931613158], [0.9183550643402842, 0.8511782172620342, 1.1109269665548651]]
Save Location: maps/map2479/test.txt
