Path: 983
Path Score: 4.3794051259718705
Waypoints: [[1.0, 1.0, 1.0], [7.03200889148945, 11.212381035806049, 2.4091861245466912], [10.154931135603169, 27.558570916545424, 10.904913587202246], [29.0, 29.0, 14.0]]
Velocity: [[0.0, 0.0, 0.0], [6.03200889148945, 10.212381035806049, 1.4091861245466912], [3.1229222441137194, 16.346189880739374, 8.495727462655555], [18.84506886439683, 1.441429083454576, 3.0950864127977535]]
Attitude: [[0.0, 0.0, 0.0], [1.0413956223611207, 0.5452295055399751, 1.4525400011168248], [1.402872683884654, 0.5057092150359609, 1.0987805985893868], [0.1792318684503368, 1.4954619679425223, 1.4084768971650652]]
Save Location: maps/map432/test.txt
