Path: 757
Path Score: 4.224335221392105
Waypoints: [[1.0, 1.0, 1.0], [12.697608925444278, 6.8811022717284045, 6.207161753256], [18.295648198935922, 21.67677091998945, 14.790388562251113], [29.0, 29.0, 14.0]]
Velocity: [[0.0, 0.0, 0.0], [11.697608925444278, 5.8811022717284045, 5.207161753256], [5.5980392734916435, 14.795668648261046, 8.583226808995114], [10.704351801064078, 7.323229080010549, -0.7903885622511133]]
Attitude: [[0.0, 0.0, 0.0], [0.5913478455125089, 1.1402281118229445, 1.1922640516212777], [1.2545094223874202, 0.6057399580683317, 1.0736678012910355], [0.6027006201753293, 0.9720633967168617, 1.6316622645059446]]
Save Location: maps/map1383/test.txt
