Path: 1023
Path Score: 4.087193295901122
Waypoints: [[1.0, 1.0, 1.0], [5.124139793286082, 11.529276214212281, 3.1169525438428494], [16.060622627406442, 22.284008548073043, 8.655570821620126], [29.0, 29.0, 14.0]]
Velocity: [[0.0, 0.0, 0.0], [4.124139793286082, 10.529276214212281, 2.1169525438428494], [10.93648283412036, 10.754732333860762, 5.538618277777276], [12.939377372593558, 6.715991451926957, 5.344429178379874]]
Attitude: [[0.0, 0.0, 0.0], [1.2041596665548568, 0.4147337109116922, 1.3857324418142094], [0.8357448705557993, 0.8506690120462505, 1.2242747820066793], [0.5856835745155158, 1.123499545747589, 1.2194127759243851]]
Save Location: maps/map2300/test.txt
