Path: 676
Path Score: 4.198209642957108
Waypoints: [[1.0, 1.0, 1.0], [7.279071891786115, 11.99037003440958, 7.619831722996372], [19.150517884687012, 16.221567393022806, 9.065163787729501], [29.0, 29.0, 14.0]]
Velocity: [[0.0, 0.0, 0.0], [6.279071891786115, 10.99037003440958, 6.619831722996372], [11.871445992900897, 4.231197358613226, 1.4453320647331296], [9.849482115312988, 12.778432606977194, 4.934836212270499]]
Attitude: [[0.0, 0.0, 0.0], [1.115662030937802, 0.6928797362779866, 1.088924427386206], [0.3602063595887617, 1.2307353449752279, 1.456613086158875], [0.9474095871230266, 0.7114898316461911, 1.2739640805957166]]
Save Location: maps/map1576/test.txt
