Path: 11
Path Score: 4.111882142332719
Waypoints: [[1.0, 1.0, 1.0], [8.883832853990807, 7.619820070167713, 5.821889119101872], [17.89500835598713, 12.238417992478578, 7.134004137824853], [29.0, 29.0, 14.0]]
Velocity: [[0.0, 0.0, 0.0], [7.883832853990807, 6.619820070167713, 4.821889119101872], [9.011175501996323, 4.618597922310864, 1.3121150187229809], [11.10499164401287, 16.761582007521422, 6.865995862175147]]
Attitude: [[0.0, 0.0, 0.0], [0.8044304960935175, 0.9492050844908356, 1.1327513067607105], [0.4895601012006739, 1.1014112744259335, 1.441933581662605], [1.0208116603536068, 0.6617621353055158, 1.2417305692240037]]
Save Location: maps/map2185/test.txt
