Path: 17
Path Total Score: 1.8763295729218614
Waypoints: [[0.1, 0.1, 0.1], [2.5983266440289423, 7.970826320489834, 3.8293700635910954], [0.18768853882955128, 4.383062098929539, 5.239047219114501], [5.124139793286082, 11.529276214212281, 3.1169525438428494], [1.3656123311212076, 11.075704750419142, 2.922914508186621], [7.254451148339464, 14.267585409966351, 2.55660005766908], [2.96958825768061, 13.232706336480312, 3.3840386895542656], [9.561746965268512, 15.67442170812023, 2.348925912370328], [8.526631710135366, 14.253606237613791, 3.7913617960008157], [15.0, 15.0, 7.5]]
Velocity: [[0.0, 0.0, 0.0], [2.4983266440289422, 7.870826320489835, 3.7293700635910954], [-2.410638105199391, -3.5877642215602954, 1.4096771555234056], [4.93645125445653, 7.146214115282742, -2.1220946752716516], [-3.7585274621648743, -0.4535714637931392, -0.19403803565622857], [5.888838817218256, 3.191880659547209, -0.36631445051754064], [-4.284862890658854, -1.0348790734860387, 0.8274386318851854], [6.592158707587902, 2.4417153716399174, -1.0351127771839375], [-1.035115255133146, -1.4208154705064384, 1.4424358836304876], [6.473368289864634, 0.7463937623862087, 3.7086382039991843]]
Attitude: [[0.0, 0.0, 0.0], [0.0, 0.0, 0.0], [0.0, 0.0, 0.0], [0.0, 0.0, 0.0], [0.0, 0.0, 0.0], [0.0, 0.0, 0.0], [0.0, 0.0, 0.0], [0.0, 0.0, 0.0], [0.0, 0.0, 0.0], [0.0, 0.0, 0.0]]
Save Location: maps/map18/test.txt
