Path: 770
Path Score: 4.2918776777504295
Waypoints: [[1.0, 1.0, 1.0], [12.697608925444278, 6.8811022717284045, 6.207161753256], [14.68158349565293, 13.843237883893032, 6.016948201033536], [29.0, 29.0, 14.0]]
Velocity: [[0.0, 0.0, 0.0], [11.697608925444278, 5.8811022717284045, 5.207161753256], [1.9839745702086518, 6.962135612164627, -0.19021355222246417], [14.31841650434707, 15.156762116106968, 7.983051798966464]]
Attitude: [[0.0, 0.0, 0.0], [0.5913478455125089, 1.1402281118229445, 1.1922640516212777], [1.2932865815134529, 0.2788162129474781, 1.5970654074340755], [0.8745806038813252, 0.824576452033356, 1.2051434100274334]]
Save Location: maps/map920/test.txt
