# Note +ve X is north
# Note +ve Y is West
# x, y, height
# waypoints
G: (4.0,-2.0,10)
G: (17.02514874651453,0.2982669027351932,10)
G: (28.45863289362812,-4.6064357629785775,10)
G: (40.7329324129376,-2.972572269031474,10)
G: (53.12267937297918,5.809171754920115,10)
G: (68.06298270934258,7.113278088881344,10)
G: (80.95175981176418,1.4542230905165425,10)
G: (96.0,-2.0,10)


# wall segments
# x1, y1, x2, y2, z
W: (96.0,-9.200000000000003,68.0,-1.2000000000000028,30)
W: (68.0,-1.2000000000000028,24.0,-13.200000000000003,30)
W: (24.0,-13.200000000000003,0.0,-9.200000000000003,30)
W: (0.0,5.200000000000003,76.0,13.200000000000003,30)
W: (76.0,13.200000000000003,96.0,5.200000000000003,30)


# environment settings
R: (0)
D: (1)
