Path: 1236
Path Score: 4.1166662890972
Waypoints: [[1.0, 1.0, 1.0], [10.98841998167141, 13.67984788740044, 4.669955467169109], [22.31107341157168, 20.857103800923483, 7.836819148340205], [29.0, 29.0, 14.0]]
Velocity: [[0.0, 0.0, 0.0], [9.98841998167141, 12.67984788740044, 3.6699554671691086], [11.32265342990027, 7.177255913523043, 3.1668636811710966], [6.68892658842832, 8.142896199076517, 6.163180851659795]]
Attitude: [[0.0, 0.0, 0.0], [0.9230317793050691, 0.698207449561829, 1.3472349331065676], [0.6059095172084461, 1.0227234851419131, 1.3388182480263349], [0.9909241630968201, 0.8405978425021317, 1.041586930795209]]
Save Location: maps/map2157/test.txt
