Path: 1466
Path Score: 4.4338705261490645
Waypoints: [[1.0, 1.0, 1.0], [1.5831056317866898, 11.289807463775418, 6.886569014408189], [7.177206899450002, 15.45719743824309, 14.540668792615357], [29.0, 29.0, 14.0]]
Velocity: [[0.0, 0.0, 0.0], [0.5831056317866898, 10.289807463775418, 5.886569014408189], [5.594101267663312, 4.167389974467673, 7.654099778207168], [21.822793100549998, 13.54280256175691, -0.5406687926153566]]
Attitude: [[0.0, 0.0, 0.0], [1.5216478577442305, 0.5217422173051365, 1.0518517055369716], [1.000144513284247, 1.1566442768884608, 0.7390639378538891], [0.5557718496340723, 1.0155187584190801, 1.591844435500265]]
Save Location: maps/map252/test.txt
