Path: 274
Path Score: 4.224396795720886
Waypoints: [[1.0, 1.0, 1.0], [10.236205802881091, 6.726958385030271, 8.616461550781413], [18.441097262136424, 17.537267266708554, 6.281086639361177], [29.0, 29.0, 14.0]]
Velocity: [[0.0, 0.0, 0.0], [9.236205802881091, 5.726958385030271, 7.616461550781413], [8.204891459255332, 10.810308881678282, -2.335374911420236], [10.558902737863576, 11.462732733291446, 7.718913360638823]]
Attitude: [[0.0, 0.0, 0.0], [0.801018365502451, 1.1245932303302049, 0.9595076706588436], [0.9325164884801358, 0.6680800359039296, 1.7412079079588676], [0.9183550643402842, 0.8511782172620342, 1.1109269665548651]]
Save Location: maps/map1382/test.txt
