Path: 743
Path Score: 4.12657158778663
Waypoints: [[1.0, 1.0, 1.0], [12.697608925444278, 6.8811022717284045, 6.207161753256], [20.225861212634335, 15.04532595668622, 11.643310714362196], [29.0, 29.0, 14.0]]
Velocity: [[0.0, 0.0, 0.0], [11.697608925444278, 5.8811022717284045, 5.207161753256], [7.528252287190057, 8.164223684957815, 5.436148961106196], [8.774138787365665, 13.95467404331378, 2.3566892856378043]]
Attitude: [[0.0, 0.0, 0.0], [0.5913478455125089, 1.1402281118229445, 1.1922640516212777], [0.9161732833844137, 0.8495841245317333, 1.1155786572863673], [1.0158144950798451, 0.5771097040965634, 1.4287893660504631]]
Save Location: maps/map2094/test.txt
