Path: 1521
Path Score: 4.493160482217423
Waypoints: [[1.0, 1.0, 1.0], [0.8300875511549277, 1.6500330013832676, 11.560854587793756], [18.278593753428844, 13.542675969678093, 13.490985374955708], [29.0, 29.0, 14.0]]
Velocity: [[0.0, 0.0, 0.0], [-0.16991244884507228, 0.6500330013832676, 10.560854587793756], [17.448506202273915, 11.892642968294826, 1.9301307871619517], [10.721406246571156, 15.457324030321907, 0.5090146250442924]]
Attitude: [[0.0, 0.0, 0.0], [1.5868534482018404, 1.5093306408644638, 0.06353355267918272], [0.6043238749729768, 0.9753634288415807, 1.479643532953431], [0.964623337542555, 0.6069540453552669, 1.5437444202820336]]
Save Location: maps/map125/test.txt
