Path: 1292
Path Score: 4.305035021392449
Waypoints: [[1.0, 1.0, 1.0], [11.681123338592288, 14.089788280863255, 4.111381059339743], [18.295648198935922, 21.67677091998945, 14.790388562251113], [29.0, 29.0, 14.0]]
Velocity: [[0.0, 0.0, 0.0], [10.681123338592288, 13.089788280863255, 3.1113810593397426], [6.614524860343634, 7.586982639126196, 10.679007502911372], [10.704351801064078, 7.323229080010549, -0.7903885622511133]]
Attitude: [[0.0, 0.0, 0.0], [0.8998039769895753, 0.7044384319041941, 1.3886732407031834], [1.1032084249193994, 1.027452974043757, 0.7558322141121047], [0.6027006201753293, 0.9720633967168617, 1.6316622645059446]]
Save Location: maps/map831/test.txt
