Path: 1784
Path Score: 4.132066445420948
Waypoints: [[1.0, 1.0, 1.0], [5.8300877579373775, 12.986927175779844, 2.2883830638241456], [22.16101751903432, 21.88131243389526, 7.844034735289933], [29.0, 29.0, 14.0]]
Velocity: [[0.0, 0.0, 0.0], [4.8300877579373775, 11.986927175779844, 1.2883830638241456], [16.330929761096943, 8.894385258115417, 5.555651671465787], [6.838982480965679, 7.1186875661047395, 6.155965264710067]]
Attitude: [[0.0, 0.0, 0.0], [1.1897394258126446, 0.3951048953544142, 1.471431398260883], [0.5708372590633592, 1.0947350732672834, 1.2804812053083527], [0.9423867443913255, 0.9123337917118957, 1.0131992799999519]]
Save Location: maps/map2061/test.txt
