Path: 805
Path Score: 4.3026008205755355
Waypoints: [[1.0, 1.0, 1.0], [4.844954787942095, 14.493280729732227, 5.905721797057641], [18.92587327321427, 24.46480001449053, 4.551445527047205], [29.0, 29.0, 14.0]]
Velocity: [[0.0, 0.0, 0.0], [3.844954787942095, 13.493280729732227, 4.905721797057641], [14.080918485272173, 9.971519284758305, -1.3542762700104358], [10.074126726785732, 4.535199985509468, 9.448554472952795]]
Attitude: [[0.0, 0.0, 0.0], [1.3091332202726853, 0.43273101466224884, 1.2344339666278068], [0.6204970446112863, 0.9567856391764985, 1.6491259151277522], [0.8051713143812181, 1.2535291924364955, 0.863270668250586]]
Save Location: maps/map851/test.txt
