Path: 2121
Path Score: 4.148596786592149
Waypoints: [[1.0, 1.0, 1.0], [7.976694836660609, 10.929766397758005, 9.409001445334173], [18.987168424161545, 21.350324413129044, 10.434584031210562], [29.0, 29.0, 14.0]]
Velocity: [[0.0, 0.0, 0.0], [6.976694836660609, 9.929766397758005, 8.409001445334173], [11.010473587500936, 10.42055801537104, 1.0255825858763892], [10.012831575838455, 7.649675586870956, 3.565415968789438]]
Attitude: [[0.0, 0.0, 0.0], [1.0786293818483852, 0.8331465441750755, 0.9648405508336908], [0.7602854697050628, 0.8150736075295081, 1.5032476494161766], [0.7003550436294252, 0.9469578898565721, 1.2950479413160163]]
Save Location: maps/map1950/test.txt
