Path: 1737
Path Score: 4.341573624339782
Waypoints: [[1.0, 1.0, 1.0], [10.805725952785512, 11.283487147150078, 0.7484718343695662], [16.883025564776037, 28.590923589761672, 8.346739006746619], [29.0, 29.0, 14.0]]
Velocity: [[0.0, 0.0, 0.0], [9.805725952785512, 10.283487147150078, -0.2515281656304338], [6.077299611990526, 17.307436442611596, 7.598267172377053], [12.116974435223963, 0.4090764102383275, 5.653260993253381]]
Attitude: [[0.0, 0.0, 0.0], [0.8093250089126587, 0.7617849255869302, 1.5884962164824006], [1.259716736944221, 0.5121381857729835, 1.1780890880146837], [0.43753856464082885, 1.5402112905645133, 1.134477297818289]]
Save Location: maps/map620/test.txt
