Path: 786
Path Score: 4.522213480046365
Waypoints: [[1.0, 1.0, 1.0], [4.844954787942095, 14.493280729732227, 5.905721797057641], [5.476426590449544, 24.792019982761524, 11.928629304707748], [29.0, 29.0, 14.0]]
Velocity: [[0.0, 0.0, 0.0], [3.844954787942095, 13.493280729732227, 4.905721797057641], [0.6314718025074493, 10.298739253029296, 6.022907507650107], [23.523573409550455, 4.2079800172384765, 2.071370695292252]]
Attitude: [[0.0, 0.0, 0.0], [1.3091332202726853, 0.43273101466224884, 1.2344339666278068], [1.5179169572489688, 0.5315681232325136, 1.0424307178892034], [0.19680087071921654, 1.3944532215503482, 1.4843332485331382]]
Save Location: maps/map79/test.txt
