Path: 793
Path Score: 4.30523750468855
Waypoints: [[1.0, 1.0, 1.0], [4.844954787942095, 14.493280729732227, 5.905721797057641], [26.70124871286478, 19.147010920760337, 12.70089468843873], [29.0, 29.0, 14.0]]
Velocity: [[0.0, 0.0, 0.0], [3.844954787942095, 13.493280729732227, 4.905721797057641], [21.85629392492268, 4.65373019102811, 6.795172891381089], [2.2987512871352216, 9.852989079239663, 1.29910531156127]]
Attitude: [[0.0, 0.0, 0.0], [1.3091332202726853, 0.43273101466224884, 1.2344339666278068], [0.36036950747378776, 1.370206675042009, 1.2755954729424552], [1.3434906352786418, 0.26183169500923487, 1.4430944105763563]]
Save Location: maps/map830/test.txt
