Path: 2101
Path Score: 4.345736684554259
Waypoints: [[1.0, 1.0, 1.0], [2.1051801977178286, 12.705542697858661, 1.33533427386211], [14.68158349565293, 13.843237883893032, 6.016948201033536], [29.0, 29.0, 14.0]]
Velocity: [[0.0, 0.0, 0.0], [1.1051801977178286, 11.705542697858661, 0.3353342738621099], [12.576403297935101, 1.137695186034371, 4.681613927171426], [14.31841650434707, 15.156762116106968, 7.983051798966464]]
Attitude: [[0.0, 0.0, 0.0], [1.4766986395106851, 0.09834724994807642, 1.5422834159518], [0.3658425664178317, 1.4862194247126514, 1.2157657445586396], [0.8745806038813252, 0.824576452033356, 1.2051434100274334]]
Save Location: maps/map598/test.txt
