Path: 1242
Path Score: 4.394314766433285
Waypoints: [[1.0, 1.0, 1.0], [10.98841998167141, 13.67984788740044, 4.669955467169109], [11.717608255286521, 26.086366361922085, 10.100298251227693], [29.0, 29.0, 14.0]]
Velocity: [[0.0, 0.0, 0.0], [9.98841998167141, 12.67984788740044, 3.6699554671691086], [0.7291882736151116, 12.406518474521645, 5.430342784058585], [17.28239174471348, 2.913633638077915, 3.8997017487723067]]
Attitude: [[0.0, 0.0, 0.0], [0.9230317793050691, 0.698207449561829, 1.3472349331065676], [1.5170054487357658, 0.41587107203036566, 1.158850370278435], [0.27455761083990476, 1.4078003124714065, 1.351856955162436]]
Save Location: maps/map379/test.txt
