Path: 1327
Path Score: 4.413321541354941
Waypoints: [[1.0, 1.0, 1.0], [3.4670120800623283, 8.98615020457587, 12.766320645476934], [18.987168424161545, 21.350324413129044, 10.434584031210562], [29.0, 29.0, 14.0]]
Velocity: [[0.0, 0.0, 0.0], [2.4670120800623283, 7.986150204575869, 11.766320645476934], [15.520156344099217, 12.364174208553175, -2.3317366142663722], [10.012831575838455, 7.649675586870956, 3.565415968789438]]
Attitude: [[0.0, 0.0, 0.0], [1.399024108228292, 0.9844440153430374, 0.6176559127637982], [0.6812286995803453, 0.9035319390606609, 1.6877686682917468], [0.7003550436294252, 0.9469578898565721, 1.2950479413160163]]
Save Location: maps/map320/test.txt
