Path: 1705
Path Score: 4.27306047285601
Waypoints: [[1.0, 1.0, 1.0], [10.805725952785512, 11.283487147150078, 0.7484718343695662], [17.495244973045097, 26.03561227858441, 12.515738341607829], [29.0, 29.0, 14.0]]
Velocity: [[0.0, 0.0, 0.0], [9.805725952785512, 10.283487147150078, -0.2515281656304338], [6.689519020259585, 14.752125131434331, 11.767266507238263], [11.504755026954903, 2.9643877214155907, 1.484261658392171]]
Attitude: [[0.0, 0.0, 0.0], [0.8093250089126587, 0.7617849255869302, 1.5884962164824006], [1.230120794355111, 0.7424270678170114, 0.9425287775895239], [0.2805594303655102, 1.3206025270465491, 1.4465080099651364]]
Save Location: maps/map1034/test.txt
