Path: 1590
Path Score: 4.082384486788952
Waypoints: [[1.0, 1.0, 1.0], [5.1328300726842055, 6.167067988359742, 4.338023583503114], [12.704603846584774, 19.922199713463662, 8.33279809450805], [29.0, 29.0, 14.0]]
Velocity: [[0.0, 0.0, 0.0], [4.1328300726842055, 5.167067988359742, 3.338023583503114], [7.571773773900569, 13.75513172510392, 3.9947745110049357], [16.295396153415226, 9.077800286536338, 5.66720190549195]]
Attitude: [[0.0, 0.0, 0.0], [0.9792202736645594, 0.799275207152919, 1.1035589735254734], [1.084510295071863, 0.5567150388674933, 1.3216612548080002], [0.5810873343497762, 1.0864359774071253, 1.2758411019683804]]
Save Location: maps/map2314/test.txt
