Path: 2257
Path Score: 4.223786011071355
Waypoints: [[1.0, 1.0, 1.0], [5.7591996310330025, 10.496060591014656, 1.1961851557501069], [10.30043474338533, 16.763297732058618, 6.875926560339274], [29.0, 29.0, 14.0]]
Velocity: [[0.0, 0.0, 0.0], [4.7591996310330025, 9.496060591014656, 0.19618515575010687], [4.541235112352327, 6.267237141043962, 5.679741404589167], [18.69956525661467, 12.236702267941382, 7.124073439660726]]
Attitude: [[0.0, 0.0, 0.0], [1.1062936554501903, 0.46492826404694765, 1.5523285842779897], [1.0780537986410237, 0.859474942600239, 0.9377072577217254], [0.6480970733888322, 1.0219569516917306, 1.2621948308972217]]
Save Location: maps/map1385/test.txt
