Path: 1967
Path Score: 4.205921866696295
Waypoints: [[1.0, 1.0, 1.0], [7.908661902969909, 13.249370598681029, 5.122888052721978], [24.29282605726432, 17.273783965333514, 9.528106741585457], [29.0, 29.0, 14.0]]
Velocity: [[0.0, 0.0, 0.0], [6.908661902969909, 12.249370598681029, 4.122888052721978], [16.38416415429441, 4.024413366652485, 4.40521868886348], [4.707173942735679, 11.726216034666486, 4.471893258414543]]
Attitude: [[0.0, 0.0, 0.0], [1.0799032623057099, 0.5811391675180452, 1.2856207472042467], [0.34924805187077984, 1.3378968012437407, 1.3153896834489007], [1.2119605623526288, 0.5056733733733509, 1.2306436859371142]]
Save Location: maps/map1503/test.txt
