Path: 569
Path Score: 4.3849311309296715
Waypoints: [[1.0, 1.0, 1.0], [8.077819295469498, 4.630177089274074, 13.001091877302175], [26.287300151641748, 16.492398494138193, 13.77497605122596], [29.0, 29.0, 14.0]]
Velocity: [[0.0, 0.0, 0.0], [7.077819295469498, 3.630177089274074, 12.001091877302175], [18.20948085617225, 11.862221404864119, 0.7738841739237845], [2.712699848358252, 12.507601505861807, 0.22502394877404086]]
Attitude: [[0.0, 0.0, 0.0], [1.0568857360289043, 1.315913356872022, 0.5853298029477871], [0.5783522109521937, 0.993828322500057, 1.535201680762484], [1.3572535290988061, 0.21428765206758904, 1.553215933347118]]
Save Location: maps/map414/test.txt
