Path: 440
Path Score: 4.2409007161600165
Waypoints: [[1.0, 1.0, 1.0], [8.23561037690084, 4.511685430060676, 8.33124458240136], [12.613060744395664, 17.548051480031873, 8.080005726347148], [29.0, 29.0, 14.0]]
Velocity: [[0.0, 0.0, 0.0], [7.235610376900841, 3.511685430060676, 7.331244582401361], [4.3774503674948235, 13.036366049971196, -0.25123885605421314], [16.386939255604336, 11.451948519968127, 5.919994273652852]]
Attitude: [[0.0, 0.0, 0.0], [0.8434728410597166, 1.2422312953632766, 0.8316455994328315], [1.2468945657226165, 0.3244543068995531, 1.589063969011908], [0.6665783723714116, 0.989326980912511, 1.28290425102486]]
Save Location: maps/map1255/test.txt
