Path: 2446
Path Score: 4.077968731859363
Waypoints: [[1.0, 1.0, 1.0], [12.422424952449036, 7.364456284222653, 4.120550879483655], [20.610598369444524, 19.278006681353382, 8.827928443474919], [29.0, 29.0, 14.0]]
Velocity: [[0.0, 0.0, 0.0], [11.422424952449036, 6.364456284222653, 3.1205508794836554], [8.188173416995488, 11.913550397130729, 4.707377563991264], [8.389401630555476, 9.721993318646618, 5.172071556525081]]
Attitude: [[0.0, 0.0, 0.0], [0.5554007765856399, 1.0776065097557235, 1.3365284239372268], [1.0020441423770459, 0.6703253674509112, 1.2559923886414435], [0.919766086046802, 0.7922213235648208, 1.1879058042443305]]
Save Location: maps/map2338/test.txt
