Path: 1578
Path Score: 4.119854886252813
Waypoints: [[1.0, 1.0, 1.0], [5.1328300726842055, 6.167067988359742, 4.338023583503114], [10.30043474338533, 16.763297732058618, 6.875926560339274], [29.0, 29.0, 14.0]]
Velocity: [[0.0, 0.0, 0.0], [4.1328300726842055, 5.167067988359742, 3.338023583503114], [5.167604670701124, 10.596229743698876, 2.5379029768361603], [18.69956525661467, 12.236702267941382, 7.124073439660726]]
Attitude: [[0.0, 0.0, 0.0], [0.9792202736645594, 0.799275207152919, 1.1035589735254734], [1.1279439619061955, 0.49770260391826954, 1.3587579639214027], [0.6480970733888322, 1.0219569516917306, 1.2621948308972217]]
Save Location: maps/map2135/test.txt
