Path: 2092
Path Score: 4.544319237411699
Waypoints: [[1.0, 1.0, 1.0], [2.1051801977178286, 12.705542697858661, 1.33533427386211], [4.365269226724196, 25.966902102100256, 10.597341597543089], [29.0, 29.0, 14.0]]
Velocity: [[0.0, 0.0, 0.0], [1.1051801977178286, 11.705542697858661, 0.3353342738621099], [2.2600890290063678, 13.261359404241595, 9.26200732368098], [24.634730773275805, 3.0330978978997436, 3.402658402456911]]
Attitude: [[0.0, 0.0, 0.0], [1.4766986395106851, 0.09834724994807642, 1.5422834159518], [1.4319725200665783, 0.6233071437168074, 0.9678346667889502], [0.18296467338108846, 1.4494308590445482, 1.4345563005168933]]
Save Location: maps/map55/test.txt
