Path: 2010
Path Score: 4.30738761254475
Waypoints: [[1.0, 1.0, 1.0], [1.6574939373145603, 7.640942564656317, 6.853106441814953], [5.071981601234553, 16.0705067071635, 8.253409506893876], [29.0, 29.0, 14.0]]
Velocity: [[0.0, 0.0, 0.0], [0.6574939373145603, 6.640942564656317, 5.853106441814953], [3.4144876639199926, 8.429564142507182, 1.4003030650789228], [23.928018398765445, 12.9294932928365, 5.746590493106124]]
Attitude: [[0.0, 0.0, 0.0], [1.4966576018134188, 0.7255359120981532, 0.8507902510389312], [1.190647589681624, 0.4126629749427581, 1.418029329280056], [0.5340100961639119, 1.0870281697948079, 1.362570299726199]]
Save Location: maps/map815/test.txt
