Path: 2292
Path Score: 4.3519550743373046
Waypoints: [[1.0, 1.0, 1.0], [4.608820246079843, 7.120273707001329, 9.286680001717013], [8.326355677599059, 21.007879601570398, 11.349606769497015], [29.0, 29.0, 14.0]]
Velocity: [[0.0, 0.0, 0.0], [3.6088202460798433, 6.120273707001329, 8.286680001717013], [3.7175354315192157, 13.88760589456907, 2.0629267677800023], [20.67364432240094, 7.992120398429602, 2.650393230502985]]
Attitude: [[0.0, 0.0, 0.0], [1.233845257898589, 0.9755770124671417, 0.7087760394342274], [1.3119543482616718, 0.29708060746173176, 1.4282768626822862], [0.3867733775955384, 1.2046409482682174, 1.4517841548325077]]
Save Location: maps/map573/test.txt
