Path: 78
Path Score: 4.183579043285415
Waypoints: [[1.0, 1.0, 1.0], [6.844542921659472, 12.575654287568902, 0.7512941296865822], [25.82242157098592, 26.583335307071817, 8.735195019153062], [29.0, 29.0, 14.0]]
Velocity: [[0.0, 0.0, 0.0], [5.844542921659472, 11.575654287568902, -0.24870587031341784], [18.97787864932645, 14.007681019502915, 7.98390088946648], [3.17757842901408, 2.416664692928183, 5.264804980846938]]
Attitude: [[0.0, 0.0, 0.0], [1.103329579532339, 0.4679236243581791, 1.5899732357353402], [0.7042495933634824, 0.9733794764689858, 1.2444221216697435], [1.0690872565574958, 1.1963461847155972, 0.6487738662809521]]
Save Location: maps/map1698/test.txt
