Path: 170
Path Score: 4.437871283729362
Waypoints: [[1.0, 1.0, 1.0], [0.8689948832512862, 4.64282219210965, 7.776103442790986], [4.741607970860676, 20.312016916218365, 10.401134851825734], [29.0, 29.0, 14.0]]
Velocity: [[0.0, 0.0, 0.0], [-0.13100511674871385, 3.6428221921096497, 6.776103442790986], [3.8726130876093903, 15.669194724108715, 2.625031409034748], [24.258392029139323, 8.687983083781635, 3.5988651481742657]]
Attitude: [[0.0, 0.0, 0.0], [1.5878233126910848, 1.077602275761293, 0.4935415452562085], [1.331707353486602, 0.2901502985821528, 1.4095731563463085], [0.3698186467173986, 1.2303260930621542, 1.4320257768829774]]
Save Location: maps/map237/test.txt
