Path: 546
Path Score: 4.1564544671463945
Waypoints: [[1.0, 1.0, 1.0], [9.981785049321614, 2.094242845092411, 3.906087432644374], [25.79209058027837, 11.910847199982666, 9.017382596249654], [29.0, 29.0, 14.0]]
Velocity: [[0.0, 0.0, 0.0], [8.981785049321614, 1.094242845092411, 2.906087432644374], [15.810305530956756, 9.816604354890254, 5.11129516360528], [3.2079094197216307, 17.089152800017334, 4.982617403750346]]
Attitude: [[0.0, 0.0, 0.0], [0.33286566125405836, 1.4553984883962245, 1.2600245384619229], [0.6107409927578661, 1.0371744437991628, 1.3027523782120347], [1.3924977157249556, 0.3337927357398629, 1.2917140564701521]]
Save Location: maps/map1908/test.txt
