Path: 294
Path Score: 4.202543741506378
Waypoints: [[1.0, 1.0, 1.0], [11.62421921707525, 9.637940007438962, 4.108292062461251], [17.495244973045097, 26.03561227858441, 12.515738341607829], [29.0, 29.0, 14.0]]
Velocity: [[0.0, 0.0, 0.0], [10.62421921707525, 8.637940007438962, 3.108292062461251], [5.871025755969846, 16.397672271145446, 8.407446279146578], [11.504755026954903, 2.9643877214155907, 1.484261658392171]]
Attitude: [[0.0, 0.0, 0.0], [0.7126112608988734, 0.9081638967287853, 1.3475745118170808], [1.2623609781644358, 0.5588589745046727, 1.1210725895628681], [0.2805594303655102, 1.3206025270465491, 1.4465080099651364]]
Save Location: maps/map1541/test.txt
