Path: 2089
Path Score: 4.280055564041216
Waypoints: [[1.0, 1.0, 1.0], [2.1051801977178286, 12.705542697858661, 1.33533427386211], [12.16882105369413, 22.5703746743433, 7.023400396976081], [29.0, 29.0, 14.0]]
Velocity: [[0.0, 0.0, 0.0], [1.1051801977178286, 11.705542697858661, 0.3353342738621099], [10.0636408559763, 9.864831976484638, 5.6880661231139715], [16.83117894630587, 6.429625325656701, 6.976599603023919]]
Attitude: [[0.0, 0.0, 0.0], [1.4766986395106851, 0.09834724994807642, 1.5422834159518], [0.8470233149741462, 0.8643504515176084, 1.1871641082792497], [0.5132908177846113, 1.2315474594293268, 1.2013612558293933]]
Save Location: maps/map993/test.txt
