Path: 8
Path Score: 3.2120118706531566
Waypoints: [[1.0, 1.0, 1.0], [7.908661902969909, 13.249370598681029, 5.122888052721978], [29.0, 29.0, 14.0]]
Velocity: [[0.0, 0.0, 0.0], [6.908661902969909, 12.249370598681029, 4.122888052721978], [21.09133809703009, 15.750629401318971, 8.877111947278022]]
Attitude: [[0.0, 0.0, 0.0], [1.0799032623057099, 0.5811391675180452, 1.2856207472042467], [0.7086722904246092, 0.9679653449835317, 1.2455416314236494]]
Save Location: maps/map3/test.txt
