Path: 2199
Path Score: 4.039004279142161
Waypoints: [[1.0, 1.0, 1.0], [5.839689469355285, 6.231079992564079, 1.4400139470819306], [22.31107341157168, 20.857103800923483, 7.836819148340205], [29.0, 29.0, 14.0]]
Velocity: [[0.0, 0.0, 0.0], [4.839689469355285, 5.231079992564079, 0.44001394708193065], [16.471383942216395, 14.626023808359403, 6.396805201258275], [6.68892658842832, 8.142896199076517, 6.163180851659795]]
Attitude: [[0.0, 0.0, 0.0], [0.8259996858182699, 0.748605830934555, 1.5091311358387776], [0.7697471049782694, 0.8793703048988833, 1.2881736705181737], [0.9909241630968201, 0.8405978425021317, 1.041586930795209]]
Save Location: maps/map2448/test.txt
