Path: 1341
Path Score: 4.460142867582938
Waypoints: [[1.0, 1.0, 1.0], [3.4670120800623283, 8.98615020457587, 12.766320645476934], [21.78645601699983, 26.938246068819566, 10.468055210066508], [29.0, 29.0, 14.0]]
Velocity: [[0.0, 0.0, 0.0], [2.4670120800623283, 7.986150204575869, 11.766320645476934], [18.3194439369375, 17.952095864243695, -2.2982654354104266], [7.2135439830001715, 2.0617539311804336, 3.531944789933492]]
Attitude: [[0.0, 0.0, 0.0], [1.399024108228292, 0.9844440153430374, 0.6176559127637982], [0.7793344445476343, 0.7994284847696823, 1.6601615710161464], [0.5157591343381982, 1.3195229300441227, 1.1308007241554319]]
Save Location: maps/map193/test.txt
