Path: 90
Path Score: 4.452199159414353
Waypoints: [[1.0, 1.0, 1.0], [6.844542921659472, 12.575654287568902, 0.7512941296865822], [8.962504318780672, 19.70715034496878, 6.76140850408924], [29.0, 29.0, 14.0]]
Velocity: [[0.0, 0.0, 0.0], [5.844542921659472, 11.575654287568902, -0.24870587031341784], [2.1179613971212, 7.131496057399879, 6.010114374402658], [20.037495681219326, 9.292849655031219, 7.23859149591076]]
Attitude: [[0.0, 0.0, 0.0], [1.103329579532339, 0.4679236243581791, 1.5899732357353402], [1.347487990184189, 0.7292426383340876, 0.8912682423407776], [0.5314510518725527, 1.159491135048408, 1.2541033357169327]]
Save Location: maps/map210/test.txt
