Path: 1336
Path Score: 4.432072694652359
Waypoints: [[1.0, 1.0, 1.0], [3.4670120800623283, 8.98615020457587, 12.766320645476934], [15.684579521262053, 24.294407344774495, 11.460625578176513], [29.0, 29.0, 14.0]]
Velocity: [[0.0, 0.0, 0.0], [2.4670120800623283, 7.986150204575869, 11.766320645476934], [12.217567441199725, 15.308257140198625, -1.3056950673004213], [13.315420478737947, 4.705592655225505, 2.539374421823487]]
Attitude: [[0.0, 0.0, 0.0], [1.399024108228292, 0.9844440153430374, 0.6176559127637982], [0.8989794268447087, 0.6763533882759131, 1.6373625199647184], [0.38185806857320004, 1.2366735425670707, 1.3928860386768187]]
Save Location: maps/map262/test.txt
