Path: 1124
Path Score: 4.212719789478243
Waypoints: [[1.0, 1.0, 1.0], [7.244355243304841, 4.686769508950413, 5.732290508395203], [8.326355677599059, 21.007879601570398, 11.349606769497015], [29.0, 29.0, 14.0]]
Velocity: [[0.0, 0.0, 0.0], [6.244355243304841, 3.6867695089504133, 4.732290508395203], [1.0820004342942182, 16.321110092619985, 5.617316261101812], [20.67364432240094, 7.992120398429602, 2.650393230502985]]
Attitude: [[0.0, 0.0, 0.0], [0.7653529368027897, 1.1309818444795048, 0.9925991767107255], [1.5081925788551773, 0.3371215437506613, 1.2399944630483206], [0.3867733775955384, 1.2046409482682174, 1.4517841548325077]]
Save Location: maps/map1451/test.txt
