Path: 574
Path Score: 4.359677218105408
Waypoints: [[1.0, 1.0, 1.0], [8.077819295469498, 4.630177089274074, 13.001091877302175], [19.70415101856637, 13.671074305937509, 12.81372080915123], [29.0, 29.0, 14.0]]
Velocity: [[0.0, 0.0, 0.0], [7.077819295469498, 3.630177089274074, 12.001091877302175], [11.626331723096873, 9.040897216663435, -0.18737106815094506], [9.295848981433629, 15.328925694062491, 1.1862791908487704]]
Attitude: [[0.0, 0.0, 0.0], [1.0568857360289043, 1.315913356872022, 0.5853298029477871], [0.6610504666183024, 0.9099128330814366, 1.583517873155344], [1.0269884977688475, 0.548718444626354, 1.5047210663746937]]
Save Location: maps/map523/test.txt
