Path: 1862
Path Score: 4.448728984377036
Waypoints: [[1.0, 1.0, 1.0], [5.142904841761517, 4.732071187514425, 9.090826078056057], [6.596290149546203, 22.34738075894622, 14.267155835962525], [29.0, 29.0, 14.0]]
Velocity: [[0.0, 0.0, 0.0], [4.142904841761517, 3.732071187514425, 8.090826078056057], [1.4533853077846857, 17.615309571431794, 5.176329757906467], [22.403709850453797, 6.652619241053781, -0.2671558359625248]]
Attitude: [[0.0, 0.0, 0.0], [1.1355654236864037, 1.1812058528805445, 0.6034260736599171], [1.4918010951427063, 0.29623639010154146, 1.2859037890903096], [0.2888695544722783, 1.2821661018601413, 1.582227121859774]]
Save Location: maps/map212/test.txt
