Path: 1758
Path Score: 4.3124475518549525
Waypoints: [[1.0, 1.0, 1.0], [10.805725952785512, 11.283487147150078, 0.7484718343695662], [12.704603846584774, 19.922199713463662, 8.33279809450805], [29.0, 29.0, 14.0]]
Velocity: [[0.0, 0.0, 0.0], [9.805725952785512, 10.283487147150078, -0.2515281656304338], [1.8988778937992628, 8.638712566313584, 7.584326260138484], [16.295396153415226, 9.077800286536338, 5.66720190549195]]
Attitude: [[0.0, 0.0, 0.0], [0.8093250089126587, 0.7617849255869302, 1.5884962164824006], [1.407091875180557, 0.7355953894711648, 0.8619782827550798], [0.5810873343497762, 1.0864359774071253, 1.2758411019683804]]
Save Location: maps/map780/test.txt
