Path: 622
Path Score: 4.394935513463824
Waypoints: [[1.0, 1.0, 1.0], [1.9869655009534015, 2.3470905443897805, 9.726710653669548], [12.613060744395664, 17.548051480031873, 8.080005726347148], [29.0, 29.0, 14.0]]
Velocity: [[0.0, 0.0, 0.0], [0.9869655009534015, 1.3470905443897805, 8.726710653669548], [10.626095243442263, 15.200960935642092, -1.6467049273224], [16.386939255604336, 11.451948519968127, 5.919994273652852]]
Attitude: [[0.0, 0.0, 0.0], [1.4594850995761104, 1.4185963426785977, 0.18907565762625306], [0.963450753882046, 0.6156651553763351, 1.6593506797691633], [0.6665783723714116, 0.989326980912511, 1.28290425102486]]
Save Location: maps/map374/test.txt
