Path: 923
Path Score: 4.403912373843409
Waypoints: [[1.0, 1.0, 1.0], [7.363766588778974, 0.518530266354752, 10.190548616200227], [25.752844741997475, 11.22365858767903, 10.0403064910286], [29.0, 29.0, 14.0]]
Velocity: [[0.0, 0.0, 0.0], [6.363766588778974, -0.48146973364524803, 9.190548616200227], [18.3890781532185, 10.705128321324278, -0.15024212517162638], [3.2471552580025254, 17.77634141232097, 3.9596935089714]]
Attitude: [[0.0, 0.0, 0.0], [0.9658135015594402, 1.6138399388547588, 0.6069604064989591], [0.5272309235511087, 1.0436227320598317, 1.5778570867967698], [1.39435302498806, 0.28047766201905855, 1.355080829085384]]
Save Location: maps/map350/test.txt
