Path: 810
Path Score: 4.342276320229203
Waypoints: [[1.0, 1.0, 1.0], [4.844954787942095, 14.493280729732227, 5.905721797057641], [24.80078989068509, 16.52228778449424, 8.560347909072977], [29.0, 29.0, 14.0]]
Velocity: [[0.0, 0.0, 0.0], [3.844954787942095, 13.493280729732227, 4.905721797057641], [19.955835102742995, 2.029007054762012, 2.654626112015336], [4.199210109314912, 12.477712215505761, 5.439652090927023]]
Attitude: [[0.0, 0.0, 0.0], [1.3091332202726853, 0.43273101466224884, 1.2344339666278068], [0.16589315119632997, 1.470348488286711, 1.4392181998962221], [1.2715632840353657, 0.5034073100322944, 1.1789804677621314]]
Save Location: maps/map619/test.txt
