Path: 584
Path Score: 4.454844212647661
Waypoints: [[1.0, 1.0, 1.0], [8.077819295469498, 4.630177089274074, 13.001091877302175], [14.31024281394206, 14.397341180730484, 10.344580509492056], [29.0, 29.0, 14.0]]
Velocity: [[0.0, 0.0, 0.0], [7.077819295469498, 3.630177089274074, 12.001091877302175], [6.232423518472562, 9.76716409145641, -2.6565113678101184], [14.68975718605794, 14.602658819269516, 3.655419490507944]]
Attitude: [[0.0, 0.0, 0.0], [1.0568857360289043, 1.315913356872022, 0.5853298029477871], [1.0188898142885043, 0.6064495570147777, 1.7961825711582806], [0.7976180124622528, 0.8033878261380559, 1.3961151528842315]]
Save Location: maps/map204/test.txt
