Path: 1865
Path Score: 4.27460797345495
Waypoints: [[1.0, 1.0, 1.0], [5.142904841761517, 4.732071187514425, 9.090826078056057], [12.704603846584774, 19.922199713463662, 8.33279809450805], [29.0, 29.0, 14.0]]
Velocity: [[0.0, 0.0, 0.0], [4.142904841761517, 3.732071187514425, 8.090826078056057], [7.561699004823257, 15.190128525949238, -0.7580279835480077], [16.295396153415226, 9.077800286536338, 5.66720190549195]]
Attitude: [[0.0, 0.0, 0.0], [1.1355654236864037, 1.1812058528805445, 0.6034260736599171], [1.1094034034686202, 0.4638863827519765, 1.6154401306782895], [0.5810873343497762, 1.0864359774071253, 1.2758411019683804]]
Save Location: maps/map1026/test.txt
