Path: 768
Path Score: 4.360704911257034
Waypoints: [[1.0, 1.0, 1.0], [12.697608925444278, 6.8811022717284045, 6.207161753256], [12.699318080032214, 19.485873547121262, 13.643108962855027], [29.0, 29.0, 14.0]]
Velocity: [[0.0, 0.0, 0.0], [11.697608925444278, 5.8811022717284045, 5.207161753256], [0.001709154587935302, 12.604771275392856, 7.4359472095990276], [16.300681919967786, 9.514126452878738, 0.3568910371449725]]
Attitude: [[0.0, 0.0, 0.0], [0.5913478455125089, 1.1402281118229445, 1.1922640516212777], [1.5706795387453538, 0.5329830480620295, 1.0378132943162384], [0.5286275051045267, 1.042579273198718, 1.5518895222311728]]
Save Location: maps/map522/test.txt
