Path: 2314
Path Score: 4.236828533228541
Waypoints: [[1.0, 1.0, 1.0], [4.608820246079843, 7.120273707001329, 9.286680001717013], [15.684579521262053, 24.294407344774495, 11.460625578176513], [29.0, 29.0, 14.0]]
Velocity: [[0.0, 0.0, 0.0], [3.6088202460798433, 6.120273707001329, 8.286680001717013], [11.075759275182211, 17.174133637773167, 2.1739455764595004], [13.315420478737947, 4.705592655225505, 2.539374421823487]]
Attitude: [[0.0, 0.0, 0.0], [1.233845257898589, 0.9755770124671417, 0.7087760394342274], [1.0016222789318137, 0.5814303800664596, 1.4648158064562513], [0.38185806857320004, 1.2366735425670707, 1.3928860386768187]]
Save Location: maps/map1286/test.txt
