Path: 87
Path Score: 4.208519397317228
Waypoints: [[1.0, 1.0, 1.0], [6.844542921659472, 12.575654287568902, 0.7512941296865822], [16.562231948918217, 23.36225528971405, 10.468909590942717], [29.0, 29.0, 14.0]]
Velocity: [[0.0, 0.0, 0.0], [5.844542921659472, 11.575654287568902, -0.24870587031341784], [9.717689027258746, 10.786601002145147, 9.717615461256134], [12.437768051081783, 5.637744710285951, 3.531090409057283]]
Attitude: [[0.0, 0.0, 0.0], [1.103329579532339, 0.4679236243581791, 1.5899732357353402], [0.9809467041742023, 0.9053375422665076, 0.9809517712666195], [0.4911333101171544, 1.159608420333512, 1.31776151037235]]
Save Location: maps/map1482/test.txt
