Path: 1706
Path Score: 4.238497618625432
Waypoints: [[1.0, 1.0, 1.0], [10.805725952785512, 11.283487147150078, 0.7484718343695662], [15.326606466973086, 21.339557800606936, 5.709370475713641], [29.0, 29.0, 14.0]]
Velocity: [[0.0, 0.0, 0.0], [9.805725952785512, 10.283487147150078, -0.2515281656304338], [4.520880514187574, 10.056070653456858, 4.960898641344075], [13.673393533026914, 7.660442199393064, 8.29062952428636]]
Attitude: [[0.0, 0.0, 0.0], [0.8093250089126587, 0.7617849255869302, 1.5884962164824006], [1.1875549095984508, 0.5885393205911981, 1.147987824078398], [0.690120256163992, 1.1240390241586073, 1.0842390444713212]]
Save Location: maps/map1274/test.txt
