Path: 6
Path Score: 1.5027530943955625
Waypoints: [[1.0, 1.0, 1.0], [13.622214221490246, 10.560085107867, 6.307093757900562], [29.0, 29.0, 14.0]]
Velocity: [[0.0, 0.0, 0.0], [12.622214221490246, 9.560085107867, 5.307093757900562], [15.377785778509754, 18.439914892133, 7.692906242099438]]
Attitude: [[0.0, 0.0, 0.0], [0.7138698155414545, 0.9612815674177257, 1.2473929819737224], [0.914838330820967, 0.7504678954034324, 1.2607334357451414]]
Save Location: maps/map7/test.txt
