Path: 1314
Path Score: 4.414151204335699
Waypoints: [[1.0, 1.0, 1.0], [3.4670120800623283, 8.98615020457587, 12.766320645476934], [16.72641038031882, 15.264827052821502, 13.846194206338602], [29.0, 29.0, 14.0]]
Velocity: [[0.0, 0.0, 0.0], [2.4670120800623283, 7.986150204575869, 11.766320645476934], [13.259398300256493, 6.278676848245633, 1.0798735608616674], [12.273589619681179, 13.735172947178498, 0.15380579366139813]]
Attitude: [[0.0, 0.0, 0.0], [1.399024108228292, 0.9844440153430374, 0.6176559127637982], [0.44790931102151216, 1.1298280969739922, 1.4973220105156755], [0.8415660736191315, 0.7293004114667039, 1.5624465811421142]]
Save Location: maps/map315/test.txt
