Path: 518
Path Score: 4.1925194373043455
Waypoints: [[1.0, 1.0, 1.0], [9.981785049321614, 2.094242845092411, 3.906087432644374], [16.596716632096093, 19.215720704642216, 5.13918037419731], [29.0, 29.0, 14.0]]
Velocity: [[0.0, 0.0, 0.0], [8.981785049321614, 1.094242845092411, 2.906087432644374], [6.61493158277448, 17.121477859549806, 1.2330929415529361], [12.403283367903907, 9.784279295357784, 8.86081962580269]]
Attitude: [[0.0, 0.0, 0.0], [0.33286566125405836, 1.4553984883962245, 1.2600245384619229], [1.2029785830281665, 0.3744644544638363, 1.5037165319823258], [0.816514821634672, 1.0001521739681158, 1.059633768091095]]
Save Location: maps/map1626/test.txt
