Path: 1265
Path Score: 4.0896602343393855
Waypoints: [[1.0, 1.0, 1.0], [11.681123338592288, 14.089788280863255, 4.111381059339743], [24.231363728279373, 24.064238050008328, 9.859876317962396], [29.0, 29.0, 14.0]]
Velocity: [[0.0, 0.0, 0.0], [10.681123338592288, 13.089788280863255, 3.1113810593397426], [12.550240389687085, 9.974449769145073, 5.748495258622653], [4.768636271720627, 4.935761949991672, 4.140123682037604]]
Attitude: [[0.0, 0.0, 0.0], [0.8998039769895753, 0.7044384319041941, 1.3886732407031834], [0.7422931465740001, 0.9450824449685016, 1.2264961369563019], [0.9335872338350895, 0.9073880140782924, 1.02799260384737]]
Save Location: maps/map2289/test.txt
