# Note +ve X is north
# Note +ve Y is West
# x, y, height
# waypoints
G: (4.0,-2.0,10)
G: (17.02514874651453,0.2982669027351932,10)
G: (28.45863289362812,-4.6064357629785775,10)
G: (41.94860157786104,-7.520524405531184,10)
G: (55.86289033376316,-2.0979883575476492,10)
G: (68.45427405852755,-3.142624994423187,10)
G: (83.6832564279249,-0.5783498278518238,10)
G: (96.0,-2.0,10)


# wall segments
# x1, y1, x2, y2, z
W: (96.0,-9.200000000000003,0.0,-9.200000000000003,30)
W: (0.0,5.200000000000003,96.0,5.200000000000003,30)


# environment settings
R: (0)
D: (1)
