Path: 598
Path Score: 4.421801072293526
Waypoints: [[1.0, 1.0, 1.0], [1.9869655009534015, 2.3470905443897805, 9.726710653669548], [8.326355677599059, 21.007879601570398, 11.349606769497015], [29.0, 29.0, 14.0]]
Velocity: [[0.0, 0.0, 0.0], [0.9869655009534015, 1.3470905443897805, 8.726710653669548], [6.339390176645658, 18.66078905718062, 1.6228961158274675], [20.67364432240094, 7.992120398429602, 2.650393230502985]]
Attitude: [[0.0, 0.0, 0.0], [1.4594850995761104, 1.4185963426785977, 0.18907565762625306], [1.2444571253985033, 0.3372738275574249, 1.4886354387174732], [0.3867733775955384, 1.2046409482682174, 1.4517841548325077]]
Save Location: maps/map295/test.txt
