Path: 1768
Path Score: 4.27314975198956
Waypoints: [[1.0, 1.0, 1.0], [5.8300877579373775, 12.986927175779844, 2.2883830638241456], [16.702169176436314, 28.43696480624766, 9.763844081040961], [29.0, 29.0, 14.0]]
Velocity: [[0.0, 0.0, 0.0], [4.8300877579373775, 11.986927175779844, 1.2883830638241456], [10.872081418498937, 15.450037630467815, 7.475461017216816], [12.297830823563686, 0.5630351937523415, 4.236155918959039]]
Attitude: [[0.0, 0.0, 0.0], [1.1897394258126446, 0.3951048953544142, 1.471431398260883], [1.0061497376345656, 0.7068035660860692, 1.1940061800603787], [0.3344395960989817, 1.5275361923898203, 1.2393843932691453]]
Save Location: maps/map1033/test.txt
