Path: 103
Path Score: 4.168859197827405
Waypoints: [[1.0, 1.0, 1.0], [6.844542921659472, 12.575654287568902, 0.7512941296865822], [18.441097262136424, 17.537267266708554, 6.281086639361177], [29.0, 29.0, 14.0]]
Velocity: [[0.0, 0.0, 0.0], [5.844542921659472, 11.575654287568902, -0.24870587031341784], [11.596554340476953, 4.961612979139652, 5.529792509674595], [10.558902737863576, 11.462732733291446, 7.718913360638823]]
Attitude: [[0.0, 0.0, 0.0], [1.103329579532339, 0.4679236243581791, 1.5899732357353402], [0.5697792257645368, 1.2022494421708365, 1.1576253292293168], [0.9183550643402842, 0.8511782172620342, 1.1109269665548651]]
Save Location: maps/map1808/test.txt
