Path: 2
Path Score: 2.6970531419288184
Waypoints: [[1.0, 1.0, 1.0], [4.714714847898776, 7.140366073995983, 1.66421291967022], [18.499501280508554, 1.2268729645443466, 5.685294065931536], [24.28532102179409, 5.984496632695358, 13.29599596618916], [29.0, 29.0, 14.0]]
Velocity: [[0.0, 0.0, 0.0], [3.714714847898776, 6.140366073995983, 0.66421291967022], [13.784786432609778, -5.913493109451636, 4.021081146261316], [5.785819741285536, 4.757623668151012, 7.610701900257625], [4.71467897820591, 23.015503367304643, 0.7040040338108398]]
Attitude: [[0.0, 0.0, 0.0], [0.0, 0.0, 0.0], [0.0, 0.0, 0.0], [0.0, 0.0, 0.0], [0.0, 0.0, 0.0]]
Save Location: maps/map1/test.txt
