Path: 1200
Path Score: 4.349329571546488
Waypoints: [[1.0, 1.0, 1.0], [10.98841998167141, 13.67984788740044, 4.669955467169109], [14.655112419192436, 29.3283759307992, 11.159787577707847], [29.0, 29.0, 14.0]]
Velocity: [[0.0, 0.0, 0.0], [9.98841998167141, 12.67984788740044, 3.6699554671691086], [3.666692437521027, 15.64852804339876, 6.489832110538739], [14.344887580807564, -0.3283759307992007, 2.8402124222921525]]
Attitude: [[0.0, 0.0, 0.0], [0.9230317793050691, 0.698207449561829, 1.3472349331065676], [1.3576440628682516, 0.4445415855894881, 1.1870285888843262], [0.19673554575391217, 1.5932481293968974, 1.3753795345072697]]
Save Location: maps/map586/test.txt
