Path: 832
Path Score: 4.357743802561726
Waypoints: [[1.0, 1.0, 1.0], [4.844954787942095, 14.493280729732227, 5.905721797057641], [23.80619581829966, 28.941778377351817, 14.88524117496731], [29.0, 29.0, 14.0]]
Velocity: [[0.0, 0.0, 0.0], [3.844954787942095, 13.493280729732227, 4.905721797057641], [18.961241030357563, 14.44849764761959, 8.97951937790967], [5.19380418170034, 0.05822162264818331, -0.8852411749673106]]
Attitude: [[0.0, 0.0, 0.0], [1.3091332202726853, 0.43273101466224884, 1.2344339666278068], [0.7312503913374742, 0.9677084474941795, 1.2105563400216561], [0.16917730242266035, 1.5597463151797681, 1.7396054079197876]]
Save Location: maps/map533/test.txt
