Path: 2230
Path Score: 4.21122022630333
Waypoints: [[1.0, 1.0, 1.0], [5.7591996310330025, 10.496060591014656, 1.1961851557501069], [14.43692874246404, 21.36894668574859, 11.322509376936443], [29.0, 29.0, 14.0]]
Velocity: [[0.0, 0.0, 0.0], [4.7591996310330025, 9.496060591014656, 0.19618515575010687], [8.677729111431038, 10.872886094733934, 10.126324221186337], [14.56307125753596, 7.63105331425141, 2.677490623063557]]
Attitude: [[0.0, 0.0, 0.0], [1.1062936554501903, 0.46492826404694765, 1.5523285842779897], [1.0421935393420683, 0.8867886735568827, 0.9415743077679852], [0.5069175043207065, 1.0949344880442036, 1.4093618733327953]]
Save Location: maps/map1461/test.txt
