Path: 504
Path Score: 4.4395099334201475
Waypoints: [[1.0, 1.0, 1.0], [11.29885047226655, 13.922680563011099, 6.0742347128672325], [12.699318080032214, 19.485873547121262, 13.643108962855027], [29.0, 29.0, 14.0]]
Velocity: [[0.0, 0.0, 0.0], [10.29885047226655, 12.922680563011099, 5.0742347128672325], [1.4004676077656644, 5.563192984110163, 7.568874249987795], [16.300681919967786, 9.514126452878738, 0.3568910371449725]]
Attitude: [[0.0, 0.0, 0.0], [0.932550665210745, 0.7263919285052141, 1.2728643435485965], [1.422796724693407, 0.9449700913499691, 0.6485640733975188], [0.5286275051045267, 1.042579273198718, 1.5518895222311728]]
Save Location: maps/map232/test.txt
