Path: 825
Path Score: 4.322138369106886
Waypoints: [[1.0, 1.0, 1.0], [4.844954787942095, 14.493280729732227, 5.905721797057641], [15.400672772919897, 26.69900395650807, 5.879479941270359], [29.0, 29.0, 14.0]]
Velocity: [[0.0, 0.0, 0.0], [3.844954787942095, 13.493280729732227, 4.905721797057641], [10.555717984977802, 12.205723226775842, -0.026241855787281665], [13.599327227080103, 2.3009960434919314, 8.12052005872964]]
Attitude: [[0.0, 0.0, 0.0], [1.3091332202726853, 0.43273101466224884, 1.2344339666278068], [0.8577639720665265, 0.7130350271601269, 1.572422516792165], [0.5554547236335042, 1.4265344991304623, 1.0386836664292136]]
Save Location: maps/map724/test.txt
