Path: 1886
Path Score: 4.020879795338866
Waypoints: [[1.0, 1.0, 1.0], [8.469661386104097, 5.59096684474812, 2.5279558793890997], [19.150517884687012, 16.221567393022806, 9.065163787729501], [29.0, 29.0, 14.0]]
Velocity: [[0.0, 0.0, 0.0], [7.469661386104097, 4.59096684474812, 1.5279558793890997], [10.680856498582916, 10.630600548274685, 6.5372079083404016], [9.849482115312988, 12.778432606977194, 4.934836212270499]]
Attitude: [[0.0, 0.0, 0.0], [0.5747996990566772, 1.0288000156137393, 1.3982583619310816], [0.8629138800880968, 0.8669339672288773, 1.161492818496432], [0.9474095871230266, 0.7114898316461911, 1.2739640805957166]]
Save Location: maps/map2478/test.txt
