Path: 538
Path Score: 4.175313209902508
Waypoints: [[1.0, 1.0, 1.0], [9.981785049321614, 2.094242845092411, 3.906087432644374], [18.278593753428844, 13.542675969678093, 13.490985374955708], [29.0, 29.0, 14.0]]
Velocity: [[0.0, 0.0, 0.0], [8.981785049321614, 1.094242845092411, 2.906087432644374], [8.29680870410723, 11.448433124585682, 9.584897942311333], [10.721406246571156, 15.457324030321907, 0.5090146250442924]]
Attitude: [[0.0, 0.0, 0.0], [0.33286566125405836, 1.4553984883962245, 1.2600245384619229], [1.0636072867344621, 0.8362798570707113, 0.9750447777974012], [0.964623337542555, 0.6069540453552669, 1.5437444202820336]]
Save Location: maps/map1763/test.txt
