Path: 1241
Path Score: 4.294804918792762
Waypoints: [[1.0, 1.0, 1.0], [10.98841998167141, 13.67984788740044, 4.669955467169109], [12.613060744395664, 17.548051480031873, 8.080005726347148], [29.0, 29.0, 14.0]]
Velocity: [[0.0, 0.0, 0.0], [9.98841998167141, 12.67984788740044, 3.6699554671691086], [1.6246407627242547, 3.868203592631433, 3.410050259178039], [16.386939255604336, 11.451948519968127, 5.919994273652852]]
Attitude: [[0.0, 0.0, 0.0], [0.9230317793050691, 0.698207449561829, 1.3472349331065676], [1.2655854502881991, 0.7735072500814683, 0.8883098628673092], [0.6665783723714116, 0.989326980912511, 1.28290425102486]]
Save Location: maps/map903/test.txt
