Path: 820
Path Score: 4.237836563658272
Waypoints: [[1.0, 1.0, 1.0], [4.844954787942095, 14.493280729732227, 5.905721797057641], [18.72403228769046, 27.04667286152992, 8.275372330418275], [29.0, 29.0, 14.0]]
Velocity: [[0.0, 0.0, 0.0], [3.844954787942095, 13.493280729732227, 4.905721797057641], [13.879077499748364, 12.553392131797693, 2.369650533360634], [10.27596771230954, 1.9533271384700797, 5.724627669581725]]
Attitude: [[0.0, 0.0, 0.0], [1.3091332202726853, 0.43273101466224884, 1.2344339666278068], [0.744002838126143, 0.8426518686227633, 1.4448426361274047], [0.5320146181463187, 1.4062402530460234, 1.0700368475848865]]
Save Location: maps/map1277/test.txt
