Path: 120
Path Score: 4.253576674973299
Waypoints: [[1.0, 1.0, 1.0], [6.844542921659472, 12.575654287568902, 0.7512941296865822], [13.095324436113561, 15.033365545267669, 6.706312039110363], [29.0, 29.0, 14.0]]
Velocity: [[0.0, 0.0, 0.0], [5.844542921659472, 11.575654287568902, -0.24870587031341784], [6.250781514454089, 2.457711257698767, 5.955017909423781], [15.904675563886439, 13.966634454732331, 7.293687960889637]]
Attitude: [[0.0, 0.0, 0.0], [1.103329579532339, 0.4679236243581791, 1.5899732357353402], [0.8004815421563869, 1.2934560611481944, 0.84542680529639], [0.7807156099511975, 0.8971446612687055, 1.2389541045829986]]
Save Location: maps/map1171/test.txt
