Path: 1018
Path Score: 4.345618938533218
Waypoints: [[1.0, 1.0, 1.0], [5.124139793286082, 11.529276214212281, 3.1169525438428494], [10.035552414872543, 14.727385926720864, 12.424650413075828], [29.0, 29.0, 14.0]]
Velocity: [[0.0, 0.0, 0.0], [4.124139793286082, 10.529276214212281, 2.1169525438428494], [4.911412621586461, 3.1981097125085824, 9.307697869232978], [18.96444758512746, 14.272614073279136, 1.5753495869241725]]
Attitude: [[0.0, 0.0, 0.0], [1.2041596665548568, 0.4147337109116922, 1.3857324418142094], [1.1079204492393513, 1.2757778496128556, 0.5619580818623537], [0.6480734763088719, 0.9272854822750475, 1.5045215484811172]]
Save Location: maps/map599/test.txt
