Path: 465
Path Score: 4.289146499065382
Waypoints: [[1.0, 1.0, 1.0], [11.29885047226655, 13.922680563011099, 6.0742347128672325], [19.747287023046923, 29.82416487797133, 10.432454096489826], [29.0, 29.0, 14.0]]
Velocity: [[0.0, 0.0, 0.0], [10.29885047226655, 12.922680563011099, 5.0742347128672325], [8.448436550780373, 15.901484314960232, 4.358219383622593], [9.252712976953077, -0.8241648779713309, 3.567545903510174]]
Attitude: [[0.0, 0.0, 0.0], [0.932550665210745, 0.7263919285052141, 1.2728643435485965], [1.0972765643536493, 0.5388194909808779, 1.3333269536023988], [0.3768134483966241, 1.6537149137271474, 1.2041176775046736]]
Save Location: maps/map937/test.txt
