Path: 4
Path Score: 1.5905414897011838
Waypoints: [[1.0, 1.0, 1.0], [13.932841816051594, 14.196319812103551, 3.9180653371453174], [29.0, 29.0, 14.0]]
Velocity: [[0.0, 0.0, 0.0], [12.932841816051594, 13.196319812103551, 2.9180653371453174], [15.067158183948406, 14.803680187896449, 10.081934662854682]]
Attitude: [[0.0, 0.0, 0.0], [0.8074099090667791, 0.787728223176175, 1.4141608179146328], [0.8714121122562938, 0.8860333355585064, 1.1254702630359659]]
Save Location: maps/map4/test.txt
