Path: 2372
Path Score: 4.166509180296549
Waypoints: [[1.0, 1.0, 1.0], [2.7823021602657514, 3.2626923788090734, 6.811174955232296], [20.610598369444524, 19.278006681353382, 8.827928443474919], [29.0, 29.0, 14.0]]
Velocity: [[0.0, 0.0, 0.0], [1.7823021602657514, 2.2626923788090734, 5.811174955232296], [17.828296209178774, 16.015314302544308, 2.016753488242623], [8.389401630555476, 9.721993318646618, 5.172071556525081]]
Attitude: [[0.0, 0.0, 0.0], [1.2924157480158258, 1.2144350237412072, 0.46016632051788314], [0.7357922824387713, 0.8420759138573471, 1.4868412764740029], [0.919766086046802, 0.7922213235648208, 1.1879058042443305]]
Save Location: maps/map1827/test.txt
