Path: 895
Path Score: 4.236006523328642
Waypoints: [[1.0, 1.0, 1.0], [13.622214221490246, 10.560085107867, 6.307093757900562], [21.79639181727039, 14.477895924297679, 6.70148367285092], [29.0, 29.0, 14.0]]
Velocity: [[0.0, 0.0, 0.0], [12.622214221490246, 9.560085107867, 5.307093757900562], [8.174177595780144, 3.917810816430679, 0.39438991495035847], [7.20360818272961, 14.522104075702321, 7.29851632714908]]
Attitude: [[0.0, 0.0, 0.0], [0.7138698155414545, 0.9612815674177257, 1.2473929819737224], [0.44891166919483677, 1.1243056044228061, 1.5273147988935027], [1.1535972127018381, 0.6148409412743631, 1.1477501781583583]]
Save Location: maps/map1292/test.txt
