Path: 571
Path Score: 4.515786332071914
Waypoints: [[1.0, 1.0, 1.0], [8.077819295469498, 4.630177089274074, 13.001091877302175], [9.057942771808293, 22.483164120725405, 13.633419250864584], [29.0, 29.0, 14.0]]
Velocity: [[0.0, 0.0, 0.0], [7.077819295469498, 3.630177089274074, 12.001091877302175], [0.9801234763387949, 17.85298703145133, 0.6323273735624095], [19.942057228191707, 6.516835879274595, 0.36658074913541583]]
Attitude: [[0.0, 0.0, 0.0], [1.0568857360289043, 1.315913356872022, 0.5853298029477871], [1.5159859909269577, 0.0652406680518381, 1.5354457388797165], [0.3163154151017467, 1.2549974740262801, 1.5533251264663486]]
Save Location: maps/map93/test.txt
