Path: 1680
Path Score: 4.410435448135063
Waypoints: [[1.0, 1.0, 1.0], [1.4862613186235762, 5.302297197202417, 9.54279168299124], [10.752760318917543, 18.75992942067851, 14.80087523764835], [29.0, 29.0, 14.0]]
Velocity: [[0.0, 0.0, 0.0], [0.48626131862357624, 4.302297197202417, 8.54279168299124], [9.266499000293967, 13.457632223476093, 5.2580835546571105], [18.247239681082455, 10.24007057932149, -0.8008752376483503]]
Attitude: [[0.0, 0.0, 0.0], [1.520002440634727, 1.1049085373684124, 0.46909167611999897], [1.000524098825193, 0.6696573970238829, 1.259457783188387], [0.5126920098124623, 1.0598172007710935, 1.6090527819834075]]
Save Location: maps/map330/test.txt
