Path: 268
Path Score: 4.160690186341869
Waypoints: [[1.0, 1.0, 1.0], [10.236205802881091, 6.726958385030271, 8.616461550781413], [19.778926106740936, 25.028774492325528, 13.753258473645548], [29.0, 29.0, 14.0]]
Velocity: [[0.0, 0.0, 0.0], [9.236205802881091, 5.726958385030271, 7.616461550781413], [9.542720303859845, 18.301816107295256, 5.136796922864136], [9.221073893259064, 3.971225507674472, 0.24674152635445168]]
Attitude: [[0.0, 0.0, 0.0], [0.801018365502451, 1.1245932303302049, 0.9595076706588436], [1.105542093903007, 0.5346284029647957, 1.3268788511785559], [0.40736238913210576, 1.1642642704118822, 1.54622508670751]]
Save Location: maps/map1879/test.txt
