Path: 2284
Path Score: 4.241022766042578
Waypoints: [[1.0, 1.0, 1.0], [4.608820246079843, 7.120273707001329, 9.286680001717013], [10.035552414872543, 14.727385926720864, 12.424650413075828], [29.0, 29.0, 14.0]]
Velocity: [[0.0, 0.0, 0.0], [3.6088202460798433, 6.120273707001329, 8.286680001717013], [5.426732168792699, 7.607112219719535, 3.1379704113588147], [18.96444758512746, 14.272614073279136, 1.5753495869241725]]
Attitude: [[0.0, 0.0, 0.0], [1.233845257898589, 0.9755770124671417, 0.7087760394342274], [0.9877916877203072, 0.6892371538194744, 1.2468153887161002], [0.6480734763088719, 0.9272854822750475, 1.5045215484811172]]
Save Location: maps/map1253/test.txt
