Path: 2502
Path Score: 4.676809292900848
Waypoints: [[1.0, 1.0, 1.0], [1.327818985938627, 0.12165432475222393, 2.009587905737008], [7.279071891786115, 11.99037003440958, 7.619831722996372], [29.0, 29.0, 14.0]]
Velocity: [[0.0, 0.0, 0.0], [0.3278189859386269, -0.8783456752477761, 1.0095879057370079], [5.951252905847488, 11.868715709657355, 5.610243817259364], [21.720928108213883, 17.00962996559042, 6.380168277003628]]
Attitude: [[0.0, 0.0, 0.0], [1.3305559476771869, 2.2620673328650165, 0.7484058480919805], [1.145177204450715, 0.6033750667042013, 1.171004827755988], [0.6965306287146221, 0.9264280075600023, 1.343529922060246]]
Save Location: maps/map6/test.txt
