Path: 118
Path Score: 4.155551069637139
Waypoints: [[1.0, 1.0, 1.0], [6.844542921659472, 12.575654287568902, 0.7512941296865822], [20.610598369444524, 19.278006681353382, 8.827928443474919], [29.0, 29.0, 14.0]]
Velocity: [[0.0, 0.0, 0.0], [5.844542921659472, 11.575654287568902, -0.24870587031341784], [13.766055447785053, 6.70235239378448, 8.076634313788336], [8.389401630555476, 9.721993318646618, 5.172071556525081]]
Attitude: [[0.0, 0.0, 0.0], [1.103329579532339, 0.4679236243581791, 1.5899732357353402], [0.6513975896982331, 1.1732237844279412, 1.0853865365849373], [0.919766086046802, 0.7922213235648208, 1.1879058042443305]]
Save Location: maps/map1913/test.txt
