Path: 580
Path Score: 4.436580974500872
Waypoints: [[1.0, 1.0, 1.0], [8.077819295469498, 4.630177089274074, 13.001091877302175], [10.752760318917543, 18.75992942067851, 14.80087523764835], [29.0, 29.0, 14.0]]
Velocity: [[0.0, 0.0, 0.0], [7.077819295469498, 3.630177089274074, 12.001091877302175], [2.6749410234480457, 14.129752331404436, 1.7997833603461757], [18.247239681082455, 10.24007057932149, -0.8008752376483503]]
Attitude: [[0.0, 0.0, 0.0], [1.0568857360289043, 1.315913356872022, 0.5853298029477871], [1.3851630743583796, 0.22433429651201442, 1.4462911912428773], [0.5126920098124623, 1.0598172007710935, 1.6090527819834075]]
Save Location: maps/map242/test.txt
