Path: 261
Path Score: 4.120057663182565
Waypoints: [[1.0, 1.0, 1.0], [10.236205802881091, 6.726958385030271, 8.616461550781413], [18.987168424161545, 21.350324413129044, 10.434584031210562], [29.0, 29.0, 14.0]]
Velocity: [[0.0, 0.0, 0.0], [9.236205802881091, 5.726958385030271, 7.616461550781413], [8.750962621280454, 14.623366028098772, 1.8181224804291496], [10.012831575838455, 7.649675586870956, 3.565415968789438]]
Attitude: [[0.0, 0.0, 0.0], [0.801018365502451, 1.1245932303302049, 0.9595076706588436], [1.0349104011273103, 0.548615856288993, 1.4645121505672511], [0.7003550436294252, 0.9469578898565721, 1.2950479413160163]]
Save Location: maps/map2131/test.txt
