Path: 2437
Path Score: 4.135163812761732
Waypoints: [[1.0, 1.0, 1.0], [12.422424952449036, 7.364456284222653, 4.120550879483655], [21.595430679697905, 24.032909211980147, 6.078853224688489], [29.0, 29.0, 14.0]]
Velocity: [[0.0, 0.0, 0.0], [11.422424952449036, 6.364456284222653, 3.1205508794836554], [9.173005727248869, 16.668452927757492, 1.9583023452048334], [7.404569320302095, 4.967090788019853, 7.921146775311511]]
Attitude: [[0.0, 0.0, 0.0], [0.5554007765856399, 1.0776065097557235, 1.3365284239372268], [1.070596309161886, 0.5125583599760025, 1.468228783817531], [0.9009774146927041, 1.1412360805544841, 0.8444306588818015]]
Save Location: maps/map2035/test.txt
