Path: 653
Path Score: 4.210804554700211
Waypoints: [[1.0, 1.0, 1.0], [12.65259495451803, 15.504691539838976, 1.3902173466937446], [21.595430679697905, 24.032909211980147, 6.078853224688489], [29.0, 29.0, 14.0]]
Velocity: [[0.0, 0.0, 0.0], [11.65259495451803, 14.504691539838976, 0.39021734669374464], [8.942835725179876, 8.52821767214117, 4.688635877994744], [7.404569320302095, 4.967090788019853, 7.921146775311511]]
Attitude: [[0.0, 0.0, 0.0], [0.8941821376993422, 0.6770644370273821, 1.5498263094141658], [0.8276364055439877, 0.8694486021365383, 1.208156282230556], [0.9009774146927041, 1.1412360805544841, 0.8444306588818015]]
Save Location: maps/map1466/test.txt
