Path: 1280
Path Score: 4.4581631215597435
Waypoints: [[1.0, 1.0, 1.0], [11.681123338592288, 14.089788280863255, 4.111381059339743], [11.40378861351021, 23.288761880938765, 11.804403224732908], [29.0, 29.0, 14.0]]
Velocity: [[0.0, 0.0, 0.0], [10.681123338592288, 13.089788280863255, 3.1113810593397426], [-0.2773347250820777, 9.19897360007551, 7.693022165393166], [17.59621138648979, 5.711238119061235, 2.1955967752670915]]
Attitude: [[0.0, 0.0, 0.0], [0.8998039769895753, 0.7044384319041941, 1.3886732407031834], [1.5939192002320253, 0.696801050982037, 0.8745384041375094], [0.33465120952432154, 1.2592127196021017, 1.4526670982553629]]
Save Location: maps/map197/test.txt
