Path: 1156
Path Score: 4.115998684774379
Waypoints: [[1.0, 1.0, 1.0], [7.244355243304841, 4.686769508950413, 5.732290508395203], [18.295648198935922, 21.67677091998945, 14.790388562251113], [29.0, 29.0, 14.0]]
Velocity: [[0.0, 0.0, 0.0], [6.244355243304841, 3.6867695089504133, 4.732290508395203], [11.05129295563108, 16.99000141103904, 9.058098053855911], [10.704351801064078, 7.323229080010549, -0.7903885622511133]]
Attitude: [[0.0, 0.0, 0.0], [0.7653529368027897, 1.1309818444795048, 0.9925991767107255], [1.0497293416401643, 0.6992655975572806, 1.1505095554202605], [0.6027006201753293, 0.9720633967168617, 1.6316622645059446]]
Save Location: maps/map2164/test.txt
