Path: 766
Path Score: 4.130596751345335
Waypoints: [[1.0, 1.0, 1.0], [12.697608925444278, 6.8811022717284045, 6.207161753256], [24.882695815361128, 14.368288597070304, 12.113832918894575], [29.0, 29.0, 14.0]]
Velocity: [[0.0, 0.0, 0.0], [11.697608925444278, 5.8811022717284045, 5.207161753256], [12.18508688991685, 7.4871863253418995, 5.906671165638575], [4.117304184638872, 14.631711402929696, 1.886167081105425]]
Attitude: [[0.0, 0.0, 0.0], [0.5913478455125089, 1.1402281118229445, 1.1922640516212777], [0.6640687697142471, 1.0657159938879337, 1.179125677018966], [1.2986348105444985, 0.30016579609209537, 1.4473372730099068]]
Save Location: maps/map2074/test.txt
