Path: 315
Path Score: 4.179426349415576
Waypoints: [[1.0, 1.0, 1.0], [11.62421921707525, 9.637940007438962, 4.108292062461251], [17.427868364228836, 16.4750747584921, 4.825948732556496], [29.0, 29.0, 14.0]]
Velocity: [[0.0, 0.0, 0.0], [10.62421921707525, 8.637940007438962, 3.108292062461251], [5.803649147153585, 6.837134751053137, 0.7176566700952449], [11.572131635771164, 12.524925241507901, 9.174051267443504]]
Attitude: [[0.0, 0.0, 0.0], [0.7126112608988734, 0.9081638967287853, 1.3475745118170808], [0.8696764865270427, 0.7075672402989952, 1.4909441787533597], [0.930265420446883, 0.8673805595008431, 1.0772217983493675]]
Save Location: maps/map1731/test.txt
