Path: 950
Path Score: 4.123471023164033
Waypoints: [[1.0, 1.0, 1.0], [7.03200889148945, 11.212381035806049, 2.4091861245466912], [16.060622627406442, 22.284008548073043, 8.655570821620126], [29.0, 29.0, 14.0]]
Velocity: [[0.0, 0.0, 0.0], [6.03200889148945, 10.212381035806049, 1.4091861245466912], [9.028613735916991, 11.071627512266994, 6.2463846970734345], [12.939377372593558, 6.715991451926957, 5.344429178379874]]
Attitude: [[0.0, 0.0, 0.0], [1.0413956223611207, 0.5452295055399751, 1.4525400011168248], [0.9532334885514139, 0.7811866182626301, 1.158611959986491], [0.5856835745155158, 1.123499545747589, 1.2194127759243851]]
Save Location: maps/map2112/test.txt
