Path: 2503
Path Score: 4.576407040253508
Waypoints: [[1.0, 1.0, 1.0], [1.327818985938627, 0.12165432475222393, 2.009587905737008], [12.697608925444278, 6.8811022717284045, 6.207161753256], [29.0, 29.0, 14.0]]
Velocity: [[0.0, 0.0, 0.0], [0.3278189859386269, -0.8783456752477761, 1.0095879057370079], [11.369789939505651, 6.759447946976181, 4.197573847518992], [16.30239107455572, 22.118897728271595, 7.792838246744]]
Attitude: [[0.0, 0.0, 0.0], [1.3305559476771869, 2.2620673328650165, 0.7484058480919805], [0.6106014193271101, 1.0620489967357007, 1.2635072709564332], [0.9633309676517934, 0.6849688146731624, 1.2944451911667574]]
Save Location: maps/map33/test.txt
