Path: 2376
Path Score: 4.192182647467383
Waypoints: [[1.0, 1.0, 1.0], [2.7823021602657514, 3.2626923788090734, 6.811174955232296], [14.68158349565293, 13.843237883893032, 6.016948201033536], [29.0, 29.0, 14.0]]
Velocity: [[0.0, 0.0, 0.0], [1.7823021602657514, 2.2626923788090734, 5.811174955232296], [11.89928133538718, 10.580545505083958, -0.7942267541987604], [14.31841650434707, 15.156762116106968, 7.983051798966464]]
Attitude: [[0.0, 0.0, 0.0], [1.2924157480158258, 1.2144350237412072, 0.46016632051788314], [0.7281975606251665, 0.8450975956911221, 1.6206343457671415], [0.8745806038813252, 0.824576452033356, 1.2051434100274334]]
Save Location: maps/map1630/test.txt
