Path: 2124
Path Score: 4.203231808908766
Waypoints: [[1.0, 1.0, 1.0], [7.976694836660609, 10.929766397758005, 9.409001445334173], [20.225861212634335, 15.04532595668622, 11.643310714362196], [29.0, 29.0, 14.0]]
Velocity: [[0.0, 0.0, 0.0], [6.976694836660609, 9.929766397758005, 8.409001445334173], [12.249166375973726, 4.115559558928215, 2.2343092690280226], [8.774138787365665, 13.95467404331378, 2.3566892856378043]]
Attitude: [[0.0, 0.0, 0.0], [1.0786293818483852, 0.8331465441750755, 0.9648405508336908], [0.365161536129977, 1.2515679881291861, 1.3995827259062943], [1.0158144950798451, 0.5771097040965634, 1.4287893660504631]]
Save Location: maps/map1533/test.txt
