Path: 293
Path Score: 4.231484236952576
Waypoints: [[1.0, 1.0, 1.0], [11.62421921707525, 9.637940007438962, 4.108292062461251], [28.580074351282803, 14.872208336339622, 10.610098631150464], [29.0, 29.0, 14.0]]
Velocity: [[0.0, 0.0, 0.0], [10.62421921707525, 8.637940007438962, 3.108292062461251], [16.955855134207553, 5.23426832890066, 6.501806568689213], [0.4199256487171965, 14.127791663660378, 3.389901368849536]]
Attitude: [[0.0, 0.0, 0.0], [0.7126112608988734, 0.9081638967287853, 1.3475745118170808], [0.45744735676015497, 1.2901673074609934, 1.2195916574155903], [1.5419013819474265, 0.2372269626522856, 1.3354029484393914]]
Save Location: maps/map1330/test.txt
