# Note +ve X is north
# Note +ve Y is West
# x, y, height
# waypoints
G: (11.0,-17.0,15)
G: (14.116278882727498,-17.611461796846775,15)
G: (17.113635024325724,-16.91302318992792,15)
G: (19.831325629225027,-14.688652896277496,15)
G: (23.057181290390787,-14.265008676690051,15)
G: (26.031548294037496,-14.949698838443295,15)
G: (29.0,-17.0,15)


# wall segments
# x1, y1, x2, y2, z
W: (40.0,-14.6,26.4,-9.0,3)
W: (26.4,-9.0,10.0,-16.6,3)
W: (10.0,-16.6,0.0,-14.6,3)
W: (0.0,-7.399999999999999,12.0,-7.399999999999999,3)
W: (12.0,-7.399999999999999,18.0,-3.3999999999999986,3)
W: (18.0,-3.3999999999999986,32.0,-3.3999999999999986,3)
W: (32.0,-3.3999999999999986,40.0,-7.399999999999999,3)


# environment settings
R: (0)
D: (1)
