Path: 1459
Path Score: 4.244686669730646
Waypoints: [[1.0, 1.0, 1.0], [1.5831056317866898, 11.289807463775418, 6.886569014408189], [16.060622627406442, 22.284008548073043, 8.655570821620126], [29.0, 29.0, 14.0]]
Velocity: [[0.0, 0.0, 0.0], [0.5831056317866898, 10.289807463775418, 5.886569014408189], [14.477516995619752, 10.994201084297625, 1.7690018072119367], [12.939377372593558, 6.715991451926957, 5.344429178379874]]
Attitude: [[0.0, 0.0, 0.0], [1.5216478577442305, 0.5217422173051365, 1.0518517055369716], [0.6556547958277809, 0.924872795717024, 1.4737908214557074], [0.5856835745155158, 1.123499545747589, 1.2194127759243851]]
Save Location: maps/map1227/test.txt
