Path: 2453
Path Score: 4.122357393988614
Waypoints: [[1.0, 1.0, 1.0], [12.422424952449036, 7.364456284222653, 4.120550879483655], [20.24894541404868, 13.704934531749169, 10.28792228211892], [29.0, 29.0, 14.0]]
Velocity: [[0.0, 0.0, 0.0], [11.422424952449036, 6.364456284222653, 3.1205508794836554], [7.826520461599644, 6.340478247526516, 6.167371402635265], [8.75105458595132, 15.295065468250831, 3.7120777178810798]]
Attitude: [[0.0, 0.0, 0.0], [0.5554007765856399, 1.0776065097557235, 1.3365284239372268], [0.8464263484857064, 1.004106787302524, 1.0213850566477471], [1.0633520659267364, 0.5560751825583984, 1.3631766434720947]]
Save Location: maps/map2119/test.txt
