Path: 866
Path Score: 4.299014375714738
Waypoints: [[1.0, 1.0, 1.0], [13.622214221490246, 10.560085107867, 6.307093757900562], [14.43692874246404, 21.36894668574859, 11.322509376936443], [29.0, 29.0, 14.0]]
Velocity: [[0.0, 0.0, 0.0], [12.622214221490246, 9.560085107867, 5.307093757900562], [0.8147145209737943, 10.80886157788159, 5.015415619035881], [14.56307125753596, 7.63105331425141, 2.677490623063557]]
Attitude: [[0.0, 0.0, 0.0], [0.7138698155414545, 0.9612815674177257, 1.2473929819737224], [1.502529849839327, 0.4394360388315334, 1.1374338032483517], [0.5069175043207065, 1.0949344880442036, 1.4093618733327953]]
Save Location: maps/map875/test.txt
