Path: 1724
Path Score: 4.185037861827372
Waypoints: [[1.0, 1.0, 1.0], [10.805725952785512, 11.283487147150078, 0.7484718343695662], [17.427868364228836, 16.4750747584921, 4.825948732556496], [29.0, 29.0, 14.0]]
Velocity: [[0.0, 0.0, 0.0], [9.805725952785512, 10.283487147150078, -0.2515281656304338], [6.622142411443324, 5.191587611342021, 4.07747689818693], [11.572131635771164, 12.524925241507901, 9.174051267443504]]
Attitude: [[0.0, 0.0, 0.0], [0.8093250089126587, 0.7617849255869302, 1.5884962164824006], [0.7838290960579962, 0.9821658833705982, 1.1195669840381084], [0.930265420446883, 0.8673805595008431, 1.0772217983493675]]
Save Location: maps/map1684/test.txt
