Path: 395
Path Score: 4.233201859567348
Waypoints: [[1.0, 1.0, 1.0], [8.23561037690084, 4.511685430060676, 8.33124458240136], [22.76658572963688, 9.235766945696607, 14.657275630817615], [29.0, 29.0, 14.0]]
Velocity: [[0.0, 0.0, 0.0], [7.235610376900841, 3.511685430060676, 7.331244582401361], [14.53097535273604, 4.724081515635931, 6.3260310484162545], [6.23341427036312, 19.764233054303393, -0.6572756308176153]]
Attitude: [[0.0, 0.0, 0.0], [0.8434728410597166, 1.2422312953632766, 0.8316455994328315], [0.4977172141327032, 1.2811003750059407, 1.1782641004319785], [1.2654404978558256, 0.30710381033439227, 1.6025015139442569]]
Save Location: maps/map1313/test.txt
