Path: 1247
Path Score: 4.245321873182378
Waypoints: [[1.0, 1.0, 1.0], [11.681123338592288, 14.089788280863255, 4.111381059339743], [15.44249175683154, 18.284183195920107, 9.161844399110448], [29.0, 29.0, 14.0]]
Velocity: [[0.0, 0.0, 0.0], [10.681123338592288, 13.089788280863255, 3.1113810593397426], [3.761368418239252, 4.1943949150568525, 5.0504633397707055], [13.55750824316846, 10.715816804079893, 4.838155600889552]]
Attitude: [[0.0, 0.0, 0.0], [0.8998039769895753, 0.7044384319041941, 1.3886732407031834], [1.0505141056523417, 0.9832068377434651, 0.8399506675964974], [0.714409075190648, 0.9308782745117469, 1.2978165450117953]]
Save Location: maps/map1222/test.txt
