Path: 1577
Path Score: 4.096351075617475
Waypoints: [[1.0, 1.0, 1.0], [5.1328300726842055, 6.167067988359742, 4.338023583503114], [12.16882105369413, 22.5703746743433, 7.023400396976081], [29.0, 29.0, 14.0]]
Velocity: [[0.0, 0.0, 0.0], [4.1328300726842055, 5.167067988359742, 3.338023583503114], [7.035990981009924, 16.40330668598356, 2.685376813472967], [16.83117894630587, 6.429625325656701, 6.976599603023919]]
Attitude: [[0.0, 0.0, 0.0], [0.9792202736645594, 0.799275207152919, 1.1035589735254734], [1.170364406520017, 0.43040937407049057, 1.4214635583034496], [0.5132908177846113, 1.2315474594293268, 1.2013612558293933]]
Save Location: maps/map2266/test.txt
