# Note +ve X is north
# Note +ve Y is West
# x, y, height
# waypoints
G: (11.0,-17.0,15)
G: (14.116278882727498,-17.611461796846775,15)
G: (17.077268678692796,-18.313077630255655,15)
G: (20.156385376833907,-20.244120009494,15)
G: (23.207114354113127,-20.227705628205673,15)
G: (26.007481932575384,-18.96153503399044,15)
G: (29.0,-17.0,15)


# wall segments
# x1, y1, x2, y2, z
W: (40.0,-14.6,31.6,-19.0,3)
W: (31.6,-19.0,14.0,-18.6,3)
W: (14.0,-18.6,0.0,-14.6,3)
W: (0.0,-7.399999999999999,20.0,-11.4,3)
W: (20.0,-11.4,28.0,-11.4,3)
W: (28.0,-11.4,40.0,-7.399999999999999,3)


# environment settings
R: (0)
D: (1)
