Path: 235
Path Score: 4.3397598596205
Waypoints: [[1.0, 1.0, 1.0], [0.2429086269009595, 4.401009458247564, 1.9766829018839305], [10.30043474338533, 16.763297732058618, 6.875926560339274], [29.0, 29.0, 14.0]]
Velocity: [[0.0, 0.0, 0.0], [-0.7570913730990405, 3.4010094582475636, 0.9766829018839305], [10.05752611648437, 12.362288273811053, 4.899243658455344], [18.69956525661467, 12.236702267941382, 7.124073439660726]]
Attitude: [[0.0, 0.0, 0.0], [1.7815782743907893, 0.34851827104464184, 1.297497366701187], [0.9232525548440074, 0.7355467554373802, 1.272548008402852], [0.6480970733888322, 1.0219569516917306, 1.2621948308972217]]
Save Location: maps/map632/test.txt
