Path: 903
Path Score: 4.4548078404254
Waypoints: [[1.0, 1.0, 1.0], [13.622214221490246, 10.560085107867, 6.307093757900562], [12.699318080032214, 19.485873547121262, 13.643108962855027], [29.0, 29.0, 14.0]]
Velocity: [[0.0, 0.0, 0.0], [12.622214221490246, 9.560085107867, 5.307093757900562], [-0.9228961414580326, 8.925788439254262, 7.336015204954466], [16.300681919967786, 9.514126452878738, 0.3568910371449725]]
Attitude: [[0.0, 0.0, 0.0], [0.7138698155414545, 0.9612815674177257, 1.2473929819737224], [1.6505062672473758, 0.6918008545760044, 0.8854565205720659], [0.5286275051045267, 1.042579273198718, 1.5518895222311728]]
Save Location: maps/map205/test.txt
