Path: 1076
Path Score: 4.235366562960041
Waypoints: [[1.0, 1.0, 1.0], [5.124139793286082, 11.529276214212281, 3.1169525438428494], [12.699318080032214, 19.485873547121262, 13.643108962855027], [29.0, 29.0, 14.0]]
Velocity: [[0.0, 0.0, 0.0], [4.124139793286082, 10.529276214212281, 2.1169525438428494], [7.575178286746132, 7.956597332908981, 10.526156419012178], [16.300681919967786, 9.514126452878738, 0.3568910371449725]]
Attitude: [[0.0, 0.0, 0.0], [1.2041596665548568, 0.4147337109116922, 1.3857324418142094], [1.0496419805570714, 1.020487499192697, 0.8067679388053459], [0.5286275051045267, 1.042579273198718, 1.5518895222311728]]
Save Location: maps/map1299/test.txt
