Path: 134
Path Score: 4.209125548786281
Waypoints: [[1.0, 1.0, 1.0], [1.4054990619177365, 2.018923329900705, 5.290815032320245], [7.279071891786115, 11.99037003440958, 7.619831722996372], [29.0, 29.0, 14.0]]
Velocity: [[0.0, 0.0, 0.0], [0.40549906191773655, 1.018923329900705, 4.290815032320245], [5.873572829868379, 9.971446704508875, 2.3290166906761263], [21.720928108213883, 17.00962996559042, 6.380168277003628]]
Attitude: [[0.0, 0.0, 0.0], [1.479107067399564, 1.338645930601151, 0.2502235615876531], [1.0500142511156383, 0.5648005078753255, 1.3721991174035768], [0.6965306287146221, 0.9264280075600023, 1.343529922060246]]
Save Location: maps/map1478/test.txt
