Path: 1868
Path Score: 4.255232496334548
Waypoints: [[1.0, 1.0, 1.0], [5.142904841761517, 4.732071187514425, 9.090826078056057], [12.699318080032214, 19.485873547121262, 13.643108962855027], [29.0, 29.0, 14.0]]
Velocity: [[0.0, 0.0, 0.0], [4.142904841761517, 3.732071187514425, 8.090826078056057], [7.5564132382706966, 14.753802359606837, 4.55228288479897], [16.300681919967786, 9.514126452878738, 0.3568910371449725]]
Attitude: [[0.0, 0.0, 0.0], [1.1355654236864037, 1.1812058528805445, 0.6034260736599171], [1.1156641978576916, 0.5388947649774246, 1.302778017954172], [0.5286275051045267, 1.042579273198718, 1.5518895222311728]]
Save Location: maps/map1164/test.txt
