Path: 343
Path Score: 4.279150961273282
Waypoints: [[1.0, 1.0, 1.0], [11.62421921707525, 9.637940007438962, 4.108292062461251], [14.31024281394206, 14.397341180730484, 10.344580509492056], [29.0, 29.0, 14.0]]
Velocity: [[0.0, 0.0, 0.0], [10.62421921707525, 8.637940007438962, 3.108292062461251], [2.686023596866809, 4.759401173291522, 6.236288447030805], [14.68975718605794, 14.602658819269516, 3.655419490507944]]
Attitude: [[0.0, 0.0, 0.0], [0.7126112608988734, 0.9081638967287853, 1.3475745118170808], [1.240917927608553, 0.9594477023257967, 0.7195818428839198], [0.7976180124622528, 0.8033878261380559, 1.3961151528842315]]
Save Location: maps/map1003/test.txt
