Path: 2155
Path Score: 4.267577562606778
Waypoints: [[1.0, 1.0, 1.0], [5.839689469355285, 6.231079992564079, 1.4400139470819306], [10.035552414872543, 14.727385926720864, 12.424650413075828], [29.0, 29.0, 14.0]]
Velocity: [[0.0, 0.0, 0.0], [4.839689469355285, 5.231079992564079, 0.44001394708193065], [4.195862945517257, 8.496305934156783, 10.984636465993898], [18.96444758512746, 14.272614073279136, 1.5753495869241725]]
Attitude: [[0.0, 0.0, 0.0], [0.8259996858182699, 0.748605830934555, 1.5091311358387776], [1.277374924741163, 0.9450935269046444, 0.7117919749405915], [0.6480734763088719, 0.9272854822750475, 1.5045215484811172]]
Save Location: maps/map1069/test.txt
