Path: 1214
Path Score: 4.437346951334327
Waypoints: [[1.0, 1.0, 1.0], [10.98841998167141, 13.67984788740044, 4.669955467169109], [11.40378861351021, 23.288761880938765, 11.804403224732908], [29.0, 29.0, 14.0]]
Velocity: [[0.0, 0.0, 0.0], [9.98841998167141, 12.67984788740044, 3.6699554671691086], [0.4153686318388008, 9.608913993538325, 7.1344477575638], [17.59621138648979, 5.711238119061235, 2.1955967752670915]]
Attitude: [[0.0, 0.0, 0.0], [0.9230317793050691, 0.698207449561829, 1.3472349331065676], [1.5361034728045249, 0.6394823372671873, 0.9325706917364502], [0.33465120952432154, 1.2592127196021017, 1.4526670982553629]]
Save Location: maps/map238/test.txt
