Path: 0
Path Total Score: 2.0558545935572696
Waypoints: [[0.1, 0.1, 0.1], [4.924486794302175, 6.174167350941487, 0.6775924582919646], [1.7921507094046651, 1.4407198471405802, 0.7792189956356249], [7.08346123876688, 5.657287809909405, 0.7848343023834692], [3.052229432184971, 1.6362183660328922, 0.48774823738267914], [9.0881309955271, 4.859188359287185, 1.1957229367758482], [4.738810682574648, 1.4582560568045622, 0.9914212717662652], [10.95339282935764, 5.93102401206366, 0.5168865460339145], [9.253264161730977, 8.047346563319266, 2.4310644356731475], [15.0, 15.0, 7.5]]
Velocity: [[0.0, 0.0, 0.0], [4.824486794302175, 6.0741673509414875, 0.5775924582919646], [-3.13233608489751, -4.733447503800907, 0.10162653734366034], [5.291310529362215, 4.216567962768824, 0.005615306747844273], [-4.031231806581909, -4.021069443876512, -0.29708606500079004], [6.035901563342129, 3.222969993254293, 0.707974699393169], [-4.349320312952452, -3.400932302482623, -0.20430166500958302], [6.214582146782991, 4.472767955259098, -0.47453472573235067], [-1.7001286676266627, 2.116322551255606, 1.914177889639233], [5.746735838269023, 6.952653436680734, 5.0689355643268525]]
Attitude: [[0.0, 0.0, 0.0], [0.0, 0.0, 0.0], [0.0, 0.0, 0.0], [0.0, 0.0, 0.0], [0.0, 0.0, 0.0], [0.0, 0.0, 0.0], [0.0, 0.0, 0.0], [0.0, 0.0, 0.0], [0.0, 0.0, 0.0], [0.0, 0.0, 0.0]]
Save Location: maps/map12/test.txt
