Path: 2421
Path Score: 4.11643095127403
Waypoints: [[1.0, 1.0, 1.0], [12.422424952449036, 7.364456284222653, 4.120550879483655], [22.48463544099993, 22.910796544751268, 5.995441400636155], [29.0, 29.0, 14.0]]
Velocity: [[0.0, 0.0, 0.0], [11.422424952449036, 6.364456284222653, 3.1205508794836554], [10.062210488550894, 15.546340260528615, 1.8748905211524995], [6.515364559000069, 6.089203455248732, 8.004558599363845]]
Attitude: [[0.0, 0.0, 0.0], [0.5554007765856399, 1.0776065097557235, 1.3365284239372268], [0.9996523566267587, 0.5822434804082574, 1.4698962384446688], [0.9959567092637175, 1.0377754035517597, 0.8393162236524304]]
Save Location: maps/map2160/test.txt
