Path: 1299
Path Score: 4.106688735341821
Waypoints: [[1.0, 1.0, 1.0], [11.681123338592288, 14.089788280863255, 4.111381059339743], [26.247862811798445, 26.14012348922666, 9.783949613542193], [29.0, 29.0, 14.0]]
Velocity: [[0.0, 0.0, 0.0], [10.681123338592288, 13.089788280863255, 3.1113810593397426], [14.566739473206157, 12.050335208363405, 5.67256855420245], [2.752137188201555, 2.85987651077334, 4.216050386457807]]
Attitude: [[0.0, 0.0, 0.0], [0.8998039769895753, 0.7044384319041941, 1.3886732407031834], [0.740673239300011, 0.914076256489005, 1.27928823716635], [1.0754951709988285, 1.0542232020541684, 0.7552272384080128]]
Save Location: maps/map2216/test.txt
