Path: 284
Path Score: 4.153164822107738
Waypoints: [[1.0, 1.0, 1.0], [10.236205802881091, 6.726958385030271, 8.616461550781413], [24.882695815361128, 14.368288597070304, 12.113832918894575], [29.0, 29.0, 14.0]]
Velocity: [[0.0, 0.0, 0.0], [9.236205802881091, 5.726958385030271, 7.616461550781413], [14.646490012480037, 7.641330212040033, 3.4973713681131624], [4.117304184638872, 14.631711402929696, 1.886167081105425]]
Attitude: [[0.0, 0.0, 0.0], [0.801018365502451, 1.1245932303302049, 0.9595076706588436], [0.5209066041934327, 1.1012057144795595, 1.3621711341746474], [1.2986348105444985, 0.30016579609209537, 1.4473372730099068]]
Save Location: maps/map1927/test.txt
