Path: 228
Path Score: 4.311765721452022
Waypoints: [[1.0, 1.0, 1.0], [0.2429086269009595, 4.401009458247564, 1.9766829018839305], [13.622214221490246, 10.560085107867, 6.307093757900562], [29.0, 29.0, 14.0]]
Velocity: [[0.0, 0.0, 0.0], [-0.7570913730990405, 3.4010094582475636, 0.9766829018839305], [13.379305594589287, 6.159075649619436, 4.3304108560166314], [15.377785778509754, 18.439914892133, 7.692906242099438]]
Attitude: [[0.0, 0.0, 0.0], [1.7815782743907893, 0.34851827104464184, 1.297497366701187], [0.5125708872003425, 1.1579882113830329, 1.2848457391895143], [0.914838330820967, 0.7504678954034324, 1.2607334357451414]]
Save Location: maps/map786/test.txt
