Path: 1739
Path Score: 4.208978588505568
Waypoints: [[1.0, 1.0, 1.0], [10.805725952785512, 11.283487147150078, 0.7484718343695662], [19.389288025563584, 16.06728025107769, 3.2087782934268243], [29.0, 29.0, 14.0]]
Velocity: [[0.0, 0.0, 0.0], [9.805725952785512, 10.283487147150078, -0.2515281656304338], [8.583562072778072, 4.7837931039276125, 2.460306459057258], [9.610711974436416, 12.93271974892231, 10.791221706573175]]
Attitude: [[0.0, 0.0, 0.0], [0.8093250089126587, 0.7617849255869302, 1.5884962164824006], [0.5598264389454726, 1.078961732025839, 1.325467663416298], [1.0522852008502876, 0.8407680585630531, 0.9806749590669072]]
Save Location: maps/map1479/test.txt
