Path: 2175
Path Score: 4.0776703116885145
Waypoints: [[1.0, 1.0, 1.0], [5.839689469355285, 6.231079992564079, 1.4400139470819306], [22.48463544099993, 22.910796544751268, 5.995441400636155], [29.0, 29.0, 14.0]]
Velocity: [[0.0, 0.0, 0.0], [4.839689469355285, 5.231079992564079, 0.44001394708193065], [16.644945971644646, 16.679716552187188, 4.555427453554224], [6.515364559000069, 6.089203455248732, 8.004558599363845]]
Attitude: [[0.0, 0.0, 0.0], [0.8259996858182699, 0.748605830934555, 1.5091311358387776], [0.8044217727668285, 0.8024088684134324, 1.3798314378432697], [0.9959567092637175, 1.0377754035517597, 0.8393162236524304]]
Save Location: maps/map2341/test.txt
