Path: 539
Path Score: 4.160547182467902
Waypoints: [[1.0, 1.0, 1.0], [9.981785049321614, 2.094242845092411, 3.906087432644374], [25.752844741997475, 11.22365858767903, 10.0403064910286], [29.0, 29.0, 14.0]]
Velocity: [[0.0, 0.0, 0.0], [8.981785049321614, 1.094242845092411, 2.906087432644374], [15.77105969267586, 9.129415742586618, 6.134219058384226], [3.2471552580025254, 17.77634141232097, 3.9596935089714]]
Attitude: [[0.0, 0.0, 0.0], [0.33286566125405836, 1.4553984883962245, 1.2600245384619229], [0.6089840221961286, 1.0760510545854212, 1.2460886944704705], [1.39435302498806, 0.28047766201905855, 1.355080829085384]]
Save Location: maps/map1880/test.txt
