Path: 813
Path Score: 4.210601785841199
Waypoints: [[1.0, 1.0, 1.0], [4.844954787942095, 14.493280729732227, 5.905721797057641], [19.778926106740936, 25.028774492325528, 13.753258473645548], [29.0, 29.0, 14.0]]
Velocity: [[0.0, 0.0, 0.0], [3.844954787942095, 13.493280729732227, 4.905721797057641], [14.933971318798841, 10.535493762593301, 7.847536676587907], [9.221073893259064, 3.971225507674472, 0.24674152635445168]]
Attitude: [[0.0, 0.0, 0.0], [1.3091332202726853, 0.43273101466224884, 1.2344339666278068], [0.7214696618564762, 1.0125572530314488, 1.1652172767922337], [0.40736238913210576, 1.1642642704118822, 1.54622508670751]]
Save Location: maps/map1468/test.txt
