Path: 2045
Path Score: 4.381456951281638
Waypoints: [[1.0, 1.0, 1.0], [1.6574939373145603, 7.640942564656317, 6.853106441814953], [4.23820593081067, 17.853982910663618, 13.793695135435073], [29.0, 29.0, 14.0]]
Velocity: [[0.0, 0.0, 0.0], [0.6574939373145603, 6.640942564656317, 5.853106441814953], [2.58071199349611, 10.2130403460073, 6.9405886936201195], [24.761794069189328, 11.146017089336382, 0.20630486456492747]]
Attitude: [[0.0, 0.0, 0.0], [1.4966576018134188, 0.7255359120981532, 0.8507902510389312], [1.3647668317564055, 0.6273337740784513, 0.9882097074181039], [0.42302582521687426, 1.1478475994517368, 1.5631990947061005]]
Save Location: maps/map427/test.txt
