Path: 2390
Path Score: 4.175928228829838
Waypoints: [[1.0, 1.0, 1.0], [12.422424952449036, 7.364456284222653, 4.120550879483655], [15.326606466973086, 21.339557800606936, 5.709370475713641], [29.0, 29.0, 14.0]]
Velocity: [[0.0, 0.0, 0.0], [11.422424952449036, 6.364456284222653, 3.1205508794836554], [2.9041815145240495, 13.975101516384283, 1.5888195962299854], [13.673393533026914, 7.660442199393064, 8.29062952428636]]
Attitude: [[0.0, 0.0, 0.0], [0.5554007765856399, 1.0776065097557235, 1.3365284239372268], [1.3671768782593405, 0.23258999746337827, 1.4599414640655026], [0.690120256163992, 1.1240390241586073, 1.0842390444713212]]
Save Location: maps/map1760/test.txt
