Path: 1016
Path Score: 4.113558387405668
Waypoints: [[1.0, 1.0, 1.0], [5.124139793286082, 11.529276214212281, 3.1169525438428494], [16.596716632096093, 19.215720704642216, 5.13918037419731], [29.0, 29.0, 14.0]]
Velocity: [[0.0, 0.0, 0.0], [4.124139793286082, 10.529276214212281, 2.1169525438428494], [11.472576838810012, 7.686444490429935, 2.0222278303544607], [12.403283367903907, 9.784279295357784, 8.86081962580269]]
Attitude: [[0.0, 0.0, 0.0], [1.2041596665548568, 0.4147337109116922, 1.3857324418142094], [0.6058660177569046, 0.9875539897922511, 1.4253920364961952], [0.816514821634672, 1.0001521739681158, 1.059633768091095]]
Save Location: maps/map2175/test.txt
