Path: 1144
Path Score: 4.261437862186132
Waypoints: [[1.0, 1.0, 1.0], [7.244355243304841, 4.686769508950413, 5.732290508395203], [20.941187860159854, 5.775881785340472, 14.270885595565682], [29.0, 29.0, 14.0]]
Velocity: [[0.0, 0.0, 0.0], [6.244355243304841, 3.6867695089504133, 4.732290508395203], [13.696832616855012, 1.0891122763900585, 8.538595087170478], [8.058812139840146, 23.224118214659526, -0.2708855955656819]]
Attitude: [[0.0, 0.0, 0.0], [0.7653529368027897, 1.1309818444795048, 0.9925991767107255], [0.5610763394171379, 1.5034208406634009, 1.0147627347544887], [1.236816017767965, 0.3341762810916468, 1.5818152855342118]]
Save Location: maps/map1127/test.txt
