Path: 1822
Path Score: 4.196313627453678
Waypoints: [[1.0, 1.0, 1.0], [5.8300877579373775, 12.986927175779844, 2.2883830638241456], [12.613060744395664, 17.548051480031873, 8.080005726347148], [29.0, 29.0, 14.0]]
Velocity: [[0.0, 0.0, 0.0], [4.8300877579373775, 11.986927175779844, 1.2883830638241456], [6.782972986458287, 4.561124304252029, 5.791622662523002], [16.386939255604336, 11.451948519968127, 5.919994273652852]]
Attitude: [[0.0, 0.0, 0.0], [1.1897394258126446, 0.3951048953544142, 1.471431398260883], [0.826988563847981, 1.0980827963951005, 0.9543544277800942], [0.6665783723714116, 0.989326980912511, 1.28290425102486]]
Save Location: maps/map1597/test.txt
