Path: 388
Path Score: 4.46816520039269
Waypoints: [[1.0, 1.0, 1.0], [5.0694130019156045, 0.10947803648002186, 11.387112714668532], [17.142077840697404, 12.866671640253438, 8.671369517017055], [29.0, 29.0, 14.0]]
Velocity: [[0.0, 0.0, 0.0], [4.0694130019156045, -0.8905219635199781, 10.387112714668532], [12.0726648387818, 12.757193603773416, -2.715743197651477], [11.857922159302596, 16.133328359746564, 5.328630482982945]]
Attitude: [[0.0, 0.0, 0.0], [1.1986423454069668, 1.65045321960768, 0.3814078923026202], [0.8240156700146696, 0.7701656866223313, 1.7242011065502447], [0.9614723836846367, 0.6782653453057865, 1.3106912242211473]]
Save Location: maps/map181/test.txt
