Path: 91
Path Score: 4.1644401908183
Waypoints: [[1.0, 1.0, 1.0], [6.844542921659472, 12.575654287568902, 0.7512941296865822], [18.987168424161545, 21.350324413129044, 10.434584031210562], [29.0, 29.0, 14.0]]
Velocity: [[0.0, 0.0, 0.0], [5.844542921659472, 11.575654287568902, -0.24870587031341784], [12.142625502502074, 8.774670125560142, 9.68328990152398], [10.012831575838455, 7.649675586870956, 3.565415968789438]]
Attitude: [[0.0, 0.0, 0.0], [1.103329579532339, 0.4679236243581791, 1.5899732357353402], [0.8220703649286326, 1.0565243953744898, 0.9969841517738729], [0.7003550436294252, 0.9469578898565721, 1.2950479413160163]]
Save Location: maps/map1849/test.txt
