Path: 644
Path Score: 4.400384050131149
Waypoints: [[1.0, 1.0, 1.0], [12.65259495451803, 15.504691539838976, 1.3902173466937446], [16.883025564776037, 28.590923589761672, 8.346739006746619], [29.0, 29.0, 14.0]]
Velocity: [[0.0, 0.0, 0.0], [11.65259495451803, 14.504691539838976, 0.39021734669374464], [4.230430610258008, 13.086232049922696, 6.956521660052874], [12.116974435223963, 0.4090764102383275, 5.653260993253381]]
Attitude: [[0.0, 0.0, 0.0], [0.8941821376993422, 0.6770644370273821, 1.5498263094141658], [1.2927433470290528, 0.5565611164556911, 1.1025058378128845], [0.43753856464082885, 1.5402112905645133, 1.134477297818289]]
Save Location: maps/map359/test.txt
