Path: 1091
Path Score: 4.269411726699806
Waypoints: [[1.0, 1.0, 1.0], [6.277705044557794, 0.35330246109405494, 2.6825947684151497], [17.21982023619961, 8.006705393204069, 10.081471535117235], [29.0, 29.0, 14.0]]
Velocity: [[0.0, 0.0, 0.0], [5.277705044557794, -0.6466975389059451, 1.6825947684151497], [10.942115191641815, 7.653402932110014, 7.3988767667020845], [11.78017976380039, 20.99329460679593, 3.9185284648827654]]
Attitude: [[0.0, 0.0, 0.0], [0.32912608513099045, 1.687014641004876, 1.264321452563771], [0.7716397430566494, 1.0456499844884493, 1.0648141523671304], [1.0667154657863167, 0.5340499258370055, 1.4094321512942536]]
Save Location: maps/map1058/test.txt
