Path: 415
Path Score: 4.1769759144405505
Waypoints: [[1.0, 1.0, 1.0], [8.23561037690084, 4.511685430060676, 8.33124458240136], [19.778926106740936, 25.028774492325528, 13.753258473645548], [29.0, 29.0, 14.0]]
Velocity: [[0.0, 0.0, 0.0], [7.235610376900841, 3.511685430060676, 7.331244582401361], [11.543315729840096, 20.51708906226485, 5.4220138912441875], [9.221073893259064, 3.971225507674472, 0.24674152635445168]]
Attitude: [[0.0, 0.0, 0.0], [0.8434728410597166, 1.2422312953632766, 0.8316455994328315], [1.0726128828582342, 0.5561459285798778, 1.3444260151667609], [0.40736238913210576, 1.1642642704118822, 1.54622508670751]]
Save Location: maps/map1748/test.txt
