Path: 986
Path Score: 4.235638001105709
Waypoints: [[1.0, 1.0, 1.0], [7.03200889148945, 11.212381035806049, 2.4091861245466912], [15.400672772919897, 26.69900395650807, 5.879479941270359], [29.0, 29.0, 14.0]]
Velocity: [[0.0, 0.0, 0.0], [6.03200889148945, 10.212381035806049, 1.4091861245466912], [8.368663881430447, 15.48662292070202, 3.470293816723668], [13.599327227080103, 2.3009960434919314, 8.12052005872964]]
Attitude: [[0.0, 0.0, 0.0], [1.0413956223611207, 0.5452295055399751, 1.4525400011168248], [1.0855452716204146, 0.5293164695266646, 1.3761515257701826], [0.5554547236335042, 1.4265344991304623, 1.0386836664292136]]
Save Location: maps/map1295/test.txt
