Path: 2347
Path Score: 4.327495876304027
Waypoints: [[1.0, 1.0, 1.0], [2.7823021602657514, 3.2626923788090734, 6.811174955232296], [7.177206899450002, 15.45719743824309, 14.540668792615357], [29.0, 29.0, 14.0]]
Velocity: [[0.0, 0.0, 0.0], [1.7823021602657514, 2.2626923788090734, 5.811174955232296], [4.39490473918425, 12.194505059434018, 7.72949383738306], [21.822793100549998, 13.54280256175691, -0.5406687926153566]]
Attitude: [[0.0, 0.0, 0.0], [1.2924157480158258, 1.2144350237412072, 0.46016632051788314], [1.2753059454901978, 0.6300209104797954, 1.033097520381418], [0.5557718496340723, 1.0155187584190801, 1.591844435500265]]
Save Location: maps/map696/test.txt
