Path: 552
Path Score: 4.096173175354707
Waypoints: [[1.0, 1.0, 1.0], [9.981785049321614, 2.094242845092411, 3.906087432644374], [20.610598369444524, 19.278006681353382, 8.827928443474919], [29.0, 29.0, 14.0]]
Velocity: [[0.0, 0.0, 0.0], [8.981785049321614, 1.094242845092411, 2.906087432644374], [10.62881332012291, 17.183763836260972, 4.921841010830545], [8.389401630555476, 9.721993318646618, 5.172071556525081]]
Attitude: [[0.0, 0.0, 0.0], [0.33286566125405836, 1.4553984883962245, 1.2600245384619229], [1.0343364535329684, 0.5982947448003727, 1.3318579426324093], [0.919766086046802, 0.7922213235648208, 1.1879058042443305]]
Save Location: maps/map2267/test.txt
