Path: 2180
Path Score: 4.088118540730653
Waypoints: [[1.0, 1.0, 1.0], [5.839689469355285, 6.231079992564079, 1.4400139470819306], [19.389288025563584, 16.06728025107769, 3.2087782934268243], [29.0, 29.0, 14.0]]
Velocity: [[0.0, 0.0, 0.0], [4.839689469355285, 5.231079992564079, 0.44001394708193065], [13.549598556208299, 9.83620025851361, 1.7687643463448937], [9.610711974436416, 12.93271974892231, 10.791221706573175]]
Attitude: [[0.0, 0.0, 0.0], [0.8259996858182699, 0.748605830934555, 1.5091311358387776], [0.6355073608149314, 0.9468832474223111, 1.465547377034626], [1.0522852008502876, 0.8407680585630531, 0.9806749590669072]]
Save Location: maps/map2296/test.txt
