Path: 2107
Path Score: 4.3164377087099455
Waypoints: [[1.0, 1.0, 1.0], [7.976694836660609, 10.929766397758005, 9.409001445334173], [16.702169176436314, 28.43696480624766, 9.763844081040961], [29.0, 29.0, 14.0]]
Velocity: [[0.0, 0.0, 0.0], [6.976694836660609, 9.929766397758005, 8.409001445334173], [8.725474339775705, 17.507198408489653, 0.3548426357067882], [12.297830823563686, 0.5630351937523415, 4.236155918959039]]
Attitude: [[0.0, 0.0, 0.0], [1.0786293818483852, 0.8331465441750755, 0.9648405508336908], [1.1085167037225907, 0.4626915420905032, 1.552658079890595], [0.3344395960989817, 1.5275361923898203, 1.2393843932691453]]
Save Location: maps/map751/test.txt
