Path: 2382
Path Score: 4.4427844794611495
Waypoints: [[1.0, 1.0, 1.0], [15.603290829642386, 18.063146062168478, 0.9416043571728144], [24.013532940146337, 29.028146483657324, 4.668353156957871], [29.0, 29.0, 14.0]]
Velocity: [[0.0, 0.0, 0.0], [14.603290829642386, 17.063146062168478, -0.05839564282718557], [8.410242110503951, 10.965000421488845, 3.726748799785057], [4.986467059853663, -0.02814648365732353, 9.33164684304213]]
Attitude: [[0.0, 0.0, 0.0], [0.8629255758540022, 0.7078775934918604, 1.5733964198307167], [0.9426958257676125, 0.6980369787352827, 1.307379124218], [1.080041236209045, 1.57345657260159, 0.4907636031931793]]
Save Location: maps/map220/test.txt
