Path: 260
Path Score: 4.45569666405588
Waypoints: [[1.0, 1.0, 1.0], [10.236205802881091, 6.726958385030271, 8.616461550781413], [9.057942771808293, 22.483164120725405, 13.633419250864584], [29.0, 29.0, 14.0]]
Velocity: [[0.0, 0.0, 0.0], [9.236205802881091, 5.726958385030271, 7.616461550781413], [-1.1782630310727988, 15.756205735695133, 5.0169577000831715], [19.942057228191707, 6.516835879274595, 0.36658074913541583]]
Attitude: [[0.0, 0.0, 0.0], [0.801018365502451, 1.1245932303302049, 0.9595076706588436], [1.6419319980040838, 0.3161075647154195, 1.2633401421445067], [0.3163154151017467, 1.2549974740262801, 1.5533251264663486]]
Save Location: maps/map203/test.txt
