Path: 715
Path Score: 4.246533987834619
Waypoints: [[1.0, 1.0, 1.0], [7.279071891786115, 11.99037003440958, 7.619831722996372], [12.699318080032214, 19.485873547121262, 13.643108962855027], [29.0, 29.0, 14.0]]
Velocity: [[0.0, 0.0, 0.0], [6.279071891786115, 10.99037003440958, 6.619831722996372], [5.420246188246098, 7.495503512711682, 6.023277239858656], [16.300681919967786, 9.514126452878738, 0.3568910371449725]]
Attitude: [[0.0, 0.0, 0.0], [1.115662030937802, 0.6928797362779866, 1.088924427386206], [1.0575072862755586, 0.8243255559366857, 0.9936001926495295], [0.5286275051045267, 1.042579273198718, 1.5518895222311728]]
Save Location: maps/map1217/test.txt
