Path: 1121
Path Score: 4.0576938821412405
Waypoints: [[1.0, 1.0, 1.0], [7.244355243304841, 4.686769508950413, 5.732290508395203], [17.89500835598713, 12.238417992478578, 7.134004137824853], [29.0, 29.0, 14.0]]
Velocity: [[0.0, 0.0, 0.0], [6.244355243304841, 3.6867695089504133, 4.732290508395203], [10.650653112682289, 7.551648483528164, 1.4017136294296497], [11.10499164401287, 16.761582007521422, 6.865995862175147]]
Attitude: [[0.0, 0.0, 0.0], [0.7653529368027897, 1.1309818444795048, 0.9925991767107255], [0.6247750276085182, 0.9580800833697523, 1.4638458090309732], [1.0208116603536068, 0.6617621353055158, 1.2417305692240037]]
Save Location: maps/map2403/test.txt
