Path: 1371
Path Score: 4.424720702944255
Waypoints: [[1.0, 1.0, 1.0], [2.1166871798879825, 7.959406805005861, 2.641112218552253], [9.057942771808293, 22.483164120725405, 13.633419250864584], [29.0, 29.0, 14.0]]
Velocity: [[0.0, 0.0, 0.0], [1.1166871798879825, 6.959406805005861, 1.6411122185522529], [6.94125559192031, 14.523757315719545, 10.99230703231233], [19.942057228191707, 6.516835879274595, 0.36658074913541583]]
Attitude: [[0.0, 0.0, 0.0], [1.4158739947349994, 0.27784815422419984, 1.3420381855188857], [1.2067035538005244, 0.7301105005226018, 0.9716598842613731], [0.3163154151017467, 1.2549974740262801, 1.5533251264663486]]
Save Location: maps/map283/test.txt
