Path: 1184
Path Score: 4.37234603992928
Waypoints: [[1.0, 1.0, 1.0], [10.98841998167141, 13.67984788740044, 4.669955467169109], [16.72641038031882, 15.264827052821502, 13.846194206338602], [29.0, 29.0, 14.0]]
Velocity: [[0.0, 0.0, 0.0], [9.98841998167141, 12.67984788740044, 3.6699554671691086], [5.737990398647412, 1.5849791654210623, 9.176238739169493], [12.273589619681179, 13.735172947178498, 0.15380579366139813]]
Attitude: [[0.0, 0.0, 0.0], [0.9230317793050691, 0.698207449561829, 1.3472349331065676], [1.018560718965736, 1.4253787298712868, 0.5754797061299954], [0.8415660736191315, 0.7293004114667039, 1.5624465811421142]]
Save Location: maps/map452/test.txt
