Path: 1799
Path Score: 4.265285180260912
Waypoints: [[1.0, 1.0, 1.0], [5.8300877579373775, 12.986927175779844, 2.2883830638241456], [16.883025564776037, 28.590923589761672, 8.346739006746619], [29.0, 29.0, 14.0]]
Velocity: [[0.0, 0.0, 0.0], [4.8300877579373775, 11.986927175779844, 1.2883830638241456], [11.05293780683866, 15.603996413981829, 6.058355942922473], [12.116974435223963, 0.4090764102383275, 5.653260993253381]]
Attitude: [[0.0, 0.0, 0.0], [1.1897394258126446, 0.3951048953544142, 1.471431398260883], [0.9872023402234568, 0.679459589476232, 1.2639752600842522], [0.43753856464082885, 1.5402112905645133, 1.134477297818289]]
Save Location: maps/map1089/test.txt
