Path: 146
Path Score: 4.257369803692396
Waypoints: [[1.0, 1.0, 1.0], [1.4054990619177365, 2.018923329900705, 5.290815032320245], [9.833184348662794, 7.49990030059201, 14.292253637188676], [29.0, 29.0, 14.0]]
Velocity: [[0.0, 0.0, 0.0], [0.40549906191773655, 1.018923329900705, 4.290815032320245], [8.427685286745056, 5.480976970691305, 9.00143860486843], [19.166815651337206, 21.50009969940799, -0.2922536371886757]]
Attitude: [[0.0, 0.0, 0.0], [1.479107067399564, 1.338645930601151, 0.2502235615876531], [0.8962510496350009, 1.1525337570010654, 0.840539727963284], [0.8427567005134493, 0.7281432487926576, 1.5809425666442078]]
Save Location: maps/map1148/test.txt
