# waypoints
G: (11.0,-17.0,15)
G: (13.694743745655272,-15.305310684724262,15)
G: (16.702336816890487,-13.315158608529252,15)
G: (20.411679325325654,-13.071433143062249,15)
G: (24.09191078949902,-13.160517093232455,15)
G: (26.754620267003276,-14.588027034351162,15)
G: (29.0,-17.0,15)


# wall segments
W: (30.0,-18.8,26.0,-16.8,3)
W: (26.0,-16.8,22.0,-14.8,3)
W: (22.0,-14.8,15.8,-16.0,3)
W: (15.8,-16.0,10.0,-18.8,3)
W: (10.0,-15.2,15.2,-12.0,3)
W: (15.2,-12.0,25.0,-11.2,3)
W: (25.0,-11.2,30.0,-15.2,3)


# environment settings
R: (0)
D: (1)
