Path: 1924
Path Score: 4.143616757476829
Waypoints: [[1.0, 1.0, 1.0], [7.908661902969909, 13.249370598681029, 5.122888052721978], [15.44249175683154, 18.284183195920107, 9.161844399110448], [29.0, 29.0, 14.0]]
Velocity: [[0.0, 0.0, 0.0], [6.908661902969909, 12.249370598681029, 4.122888052721978], [7.533829853861631, 5.034812597239078, 4.038956346388471], [13.55750824316846, 10.715816804079893, 4.838155600889552]]
Attitude: [[0.0, 0.0, 0.0], [1.0799032623057099, 0.5811391675180452, 1.2856207472042467], [0.7084029147136727, 1.0385111431877, 1.1514949443917097], [0.714409075190648, 0.9308782745117469, 1.2978165450117953]]
Save Location: maps/map1983/test.txt
