Path: 1089
Path Score: 4.337357206650588
Waypoints: [[1.0, 1.0, 1.0], [6.277705044557794, 0.35330246109405494, 2.6825947684151497], [13.087340273241828, 5.327732014381174, 10.224027309293486], [29.0, 29.0, 14.0]]
Velocity: [[0.0, 0.0, 0.0], [5.277705044557794, -0.6466975389059451, 1.6825947684151497], [6.8096352286840345, 4.974429553287119, 7.541432540878336], [15.912659726758172, 23.672267985618827, 3.7759726907065136]]
Attitude: [[0.0, 0.0, 0.0], [0.32912608513099045, 1.687014641004876, 1.264321452563771], [0.924896060414314, 1.1155316903063697, 0.8411545413810323], [0.9847705918519819, 0.604574187949006, 1.4391804148890455]]
Save Location: maps/map645/test.txt
