Path: 1107
Path Score: 4.38656814556056
Waypoints: [[1.0, 1.0, 1.0], [6.277705044557794, 0.35330246109405494, 2.6825947684151497], [19.855389601570533, 3.989344341366384, 11.517567209159857], [29.0, 29.0, 14.0]]
Velocity: [[0.0, 0.0, 0.0], [5.277705044557794, -0.6466975389059451, 1.6825947684151497], [13.577684557012738, 3.6360418802723293, 8.834972440744707], [9.144610398429467, 25.010655658633617, 2.482432790840143]]
Attitude: [[0.0, 0.0, 0.0], [0.32912608513099045, 1.687014641004876, 1.264321452563771], [0.6131709465697921, 1.3499961618662375, 1.0096481478117139], [1.2218448019742547, 0.3621515302486786, 1.4778455356048157]]
Save Location: maps/map410/test.txt
