Path: 188
Path Score: 4.364289027596114
Waypoints: [[1.0, 1.0, 1.0], [0.1034748464100077, 6.396090427855569, 9.25430405624771], [16.72641038031882, 15.264827052821502, 13.846194206338602], [29.0, 29.0, 14.0]]
Velocity: [[0.0, 0.0, 0.0], [-0.8965251535899923, 5.396090427855569, 8.25430405624771], [16.622935533908812, 8.868736624965933, 4.591890150090892], [12.273589619681179, 13.735172947178498, 0.15380579366139813]]
Attitude: [[0.0, 0.0, 0.0], [1.6614577493511176, 0.9944855483118206, 0.5852456997051783], [0.5410043935659397, 1.0958030058942303, 1.3317366464085665], [0.8415660736191315, 0.7293004114667039, 1.5624465811421142]]
Save Location: maps/map497/test.txt
