Path: 1196
Path Score: 4.110712158369147
Waypoints: [[1.0, 1.0, 1.0], [10.98841998167141, 13.67984788740044, 4.669955467169109], [22.16101751903432, 21.88131243389526, 7.844034735289933], [29.0, 29.0, 14.0]]
Velocity: [[0.0, 0.0, 0.0], [9.98841998167141, 12.67984788740044, 3.6699554671691086], [11.172597537362911, 8.20146454649482, 3.174079268120824], [6.838982480965679, 7.1186875661047395, 6.155965264710067]]
Attitude: [[0.0, 0.0, 0.0], [0.9230317793050691, 0.698207449561829, 1.3472349331065676], [0.6668418344246423, 0.9559702606146072, 1.3456634607463822], [0.9423867443913255, 0.9123337917118957, 1.0131992799999519]]
Save Location: maps/map2195/test.txt
