Path: 239
Path Score: 4.352394495169368
Waypoints: [[1.0, 1.0, 1.0], [0.2429086269009595, 4.401009458247564, 1.9766829018839305], [7.976694836660609, 10.929766397758005, 9.409001445334173], [29.0, 29.0, 14.0]]
Velocity: [[0.0, 0.0, 0.0], [-0.7570913730990405, 3.4010094582475636, 0.9766829018839305], [7.73378620975965, 6.5287569395104414, 7.432318543450243], [21.02330516333939, 18.070233602241995, 4.590998554665827]]
Attitude: [[0.0, 0.0, 0.0], [1.7815782743907893, 0.34851827104464184, 1.297497366701187], [0.9072686919078877, 1.0240223511102133, 0.9373925473859401], [0.7254969031588144, 0.8722868357785716, 1.4066777616859754]]
Save Location: maps/map568/test.txt
