Path: 961
Path Score: 4.528299313664845
Waypoints: [[1.0, 1.0, 1.0], [7.03200889148945, 11.212381035806049, 2.4091861245466912], [6.938039822185598, 21.090386253324894, 12.519590149875834], [29.0, 29.0, 14.0]]
Velocity: [[0.0, 0.0, 0.0], [6.03200889148945, 10.212381035806049, 1.4091861245466912], [-0.09396906930385196, 9.878005217518846, 10.110404025329142], [22.061960177814402, 7.909613746675106, 1.4804098501241665]]
Attitude: [[0.0, 0.0, 0.0], [1.0413956223611207, 0.5452295055399751, 1.4525400011168248], [1.5774442491876295, 0.7970459072288936, 0.7737946257359767], [0.3497487223204723, 1.2272661765835426, 1.5077145816114603]]
Save Location: maps/map70/test.txt
