Path: 422
Path Score: 4.186039187152095
Waypoints: [[1.0, 1.0, 1.0], [8.23561037690084, 4.511685430060676, 8.33124458240136], [18.441097262136424, 17.537267266708554, 6.281086639361177], [29.0, 29.0, 14.0]]
Velocity: [[0.0, 0.0, 0.0], [7.235610376900841, 3.511685430060676, 7.331244582401361], [10.205486885235583, 13.025581836647877, -2.050157943040184], [10.558902737863576, 11.462732733291446, 7.718913360638823]]
Attitude: [[0.0, 0.0, 0.0], [0.8434728410597166, 1.2422312953632766, 0.8316455994328315], [0.9121316258446622, 0.6742216074282673, 1.694063945195721], [0.9183550643402842, 0.8511782172620342, 1.1109269665548651]]
Save Location: maps/map1677/test.txt
