Path: 233
Path Score: 4.319048464844181
Waypoints: [[1.0, 1.0, 1.0], [0.2429086269009595, 4.401009458247564, 1.9766829018839305], [11.681123338592288, 14.089788280863255, 4.111381059339743], [29.0, 29.0, 14.0]]
Velocity: [[0.0, 0.0, 0.0], [-0.7570913730990405, 3.4010094582475636, 0.9766829018839305], [11.438214711691328, 9.688778822615692, 2.134698157455812], [17.318876661407714, 14.910211719136745, 9.888618940660258]]
Attitude: [[0.0, 0.0, 0.0], [1.7815782743907893, 0.34851827104464184, 1.297497366701187], [0.7144918825536335, 0.876445890320502, 1.4293408946707293], [0.8016545124622462, 0.92880948410089, 1.1624165959922155]]
Save Location: maps/map740/test.txt
