Path: 624
Path Score: 4.370134797016622
Waypoints: [[1.0, 1.0, 1.0], [1.9869655009534015, 2.3470905443897805, 9.726710653669548], [20.24894541404868, 13.704934531749169, 10.28792228211892], [29.0, 29.0, 14.0]]
Velocity: [[0.0, 0.0, 0.0], [0.9869655009534015, 1.3470905443897805, 8.726710653669548], [18.261979913095278, 11.357843987359388, 0.5612116284493727], [8.75105458595132, 15.295065468250831, 3.7120777178810798]]
Attitude: [[0.0, 0.0, 0.0], [1.4594850995761104, 1.4185963426785977, 0.18907565762625306], [0.5569423266511492, 1.0146125990323773, 1.544706452345132], [1.0633520659267364, 0.5560751825583984, 1.3631766434720947]]
Save Location: maps/map465/test.txt
