Path: 112
Path Score: 4.27664447723091
Waypoints: [[1.0, 1.0, 1.0], [6.844542921659472, 12.575654287568902, 0.7512941296865822], [21.79639181727039, 14.477895924297679, 6.70148367285092], [29.0, 29.0, 14.0]]
Velocity: [[0.0, 0.0, 0.0], [5.844542921659472, 11.575654287568902, -0.24870587031341784], [14.951848895610919, 1.9022416367287764, 5.950189543164338], [7.20360818272961, 14.522104075702321, 7.29851632714908]]
Attitude: [[0.0, 0.0, 0.0], [1.103329579532339, 0.4679236243581791, 1.5899732357353402], [0.3957552185941189, 1.4531342437371424, 1.1948026435203714], [1.1535972127018381, 0.6148409412743631, 1.1477501781583583]]
Save Location: maps/map1019/test.txt
