Path: 3
Path Score: 4.1579183998906135
Waypoints: [[1.0, 1.0, 1.0], [8.883832853990807, 7.619820070167713, 5.821889119101872], [15.326606466973086, 21.339557800606936, 5.709370475713641], [29.0, 29.0, 14.0]]
Velocity: [[0.0, 0.0, 0.0], [7.883832853990807, 6.619820070167713, 4.821889119101872], [6.442773612982279, 13.719737730439224, -0.11251864338823125], [13.673393533026914, 7.660442199393064, 8.29062952428636]]
Attitude: [[0.0, 0.0, 0.0], [0.8044304960935175, 0.9492050844908356, 1.1327513067607105], [1.1317769649976988, 0.43909096952350646, 1.5782196384771359], [0.690120256163992, 1.1240390241586073, 1.0842390444713212]]
Save Location: maps/map1894/test.txt
