Path: 1641
Path Score: 4.105307380365224
Waypoints: [[1.0, 1.0, 1.0], [10.36013664890983, 5.847929453477029, 2.4421408215587084], [21.595430679697905, 24.032909211980147, 6.078853224688489], [29.0, 29.0, 14.0]]
Velocity: [[0.0, 0.0, 0.0], [9.36013664890983, 4.847929453477029, 1.4421408215587084], [11.235294030788076, 18.18497975850312, 3.6367124031297804], [7.404569320302095, 4.967090788019853, 7.921146775311511]]
Attitude: [[0.0, 0.0, 0.0], [0.49541529610661705, 1.0976792558885609, 1.4348290922750935], [1.026095495607297, 0.5759489429225361, 1.4022777515577742], [0.9009774146927041, 1.1412360805544841, 0.8444306588818015]]
Save Location: maps/map2222/test.txt
