Path: 1977
Path Score: 4.273761905231783
Waypoints: [[1.0, 1.0, 1.0], [7.908661902969909, 13.249370598681029, 5.122888052721978], [17.10037516700489, 29.239729622642756, 11.903971497075933], [29.0, 29.0, 14.0]]
Velocity: [[0.0, 0.0, 0.0], [6.908661902969909, 12.249370598681029, 4.122888052721978], [9.191713264034982, 15.990359023961727, 6.781083444353955], [11.899624832995109, -0.23972962264275566, 2.0960285029240673]]
Attitude: [[0.0, 0.0, 0.0], [1.0799032623057099, 0.5811391675180452, 1.2856207472042467], [1.084055654993287, 0.6202781206696274, 1.2184770637663647], [0.17546746908711836, 1.5906342688103356, 1.396477078710701]]
Save Location: maps/map1030/test.txt
