Path: 692
Path Score: 4.190166632076711
Waypoints: [[1.0, 1.0, 1.0], [7.279071891786115, 11.99037003440958, 7.619831722996372], [19.778926106740936, 25.028774492325528, 13.753258473645548], [29.0, 29.0, 14.0]]
Velocity: [[0.0, 0.0, 0.0], [6.279071891786115, 10.99037003440958, 6.619831722996372], [12.499854214954821, 13.038404457915949, 6.133426750649177], [9.221073893259064, 3.971225507674472, 0.24674152635445168]]
Attitude: [[0.0, 0.0, 0.0], [1.115662030937802, 0.6928797362779866, 1.088924427386206], [0.8562276493056163, 0.8182158491847554, 1.24344258414001], [0.40736238913210576, 1.1642642704118822, 1.54622508670751]]
Save Location: maps/map1646/test.txt
