# Note +ve X is north
# Note +ve Y is West
# x, y, height
# waypoints
G: (11.0,-17.0,15)
G: (14.155014359638542,-16.40754037260009,15)
G: (16.514517588420887,-14.275273441961277,15)
G: (19.477423869600393,-13.679500269567498,15)
G: (22.57180299870248,-14.647771550683945,15)
G: (26.395615746656176,-15.111346959453513,15)
G: (29.0,-17.0,15)


# wall segments
# x1, y1, x2, y2, z
W: (40.0,-14.6,28.0,-10.600000000000001,3)
W: (28.0,-10.600000000000001,12.0,-10.600000000000001,3)
W: (12.0,-10.600000000000001,0.0,-14.6,3)
W: (0.0,-7.399999999999999,18.0,-1.3999999999999986,3)
W: (18.0,-1.3999999999999986,38.0,-5.399999999999999,3)
W: (38.0,-5.399999999999999,40.0,-7.399999999999999,3)


# environment settings
R: (0)
D: (1)
