Path: 2196
Path Score: 4.044981796593731
Waypoints: [[1.0, 1.0, 1.0], [5.839689469355285, 6.231079992564079, 1.4400139470819306], [20.852071857601725, 15.195208825034904, 7.612944235060696], [29.0, 29.0, 14.0]]
Velocity: [[0.0, 0.0, 0.0], [4.839689469355285, 5.231079992564079, 0.44001394708193065], [15.01238238824644, 8.964128832470823, 6.172930287978765], [8.147928142398275, 13.804791174965096, 6.387055764939304]]
Attitude: [[0.0, 0.0, 0.0], [0.8259996858182699, 0.748605830934555, 1.5091311358387776], [0.6273076179981673, 1.0662260794585134, 1.2314155513561054], [1.0790221355094318, 0.643470475899189, 1.1916321938329075]]
Save Location: maps/map2437/test.txt
