Path: 1458
Path Score: 4.313877021554596
Waypoints: [[1.0, 1.0, 1.0], [1.5831056317866898, 11.289807463775418, 6.886569014408189], [10.81745541664519, 17.765990078921153, 6.9670533080542265], [29.0, 29.0, 14.0]]
Velocity: [[0.0, 0.0, 0.0], [0.5831056317866898, 10.289807463775418, 5.886569014408189], [9.2343497848585, 6.476182615145735, 0.08048429364603749], [18.18254458335481, 11.234009921078847, 7.0329466919457735]]
Attitude: [[0.0, 0.0, 0.0], [1.5216478577442305, 0.5217422173051365, 1.0518517055369716], [0.6116438781229818, 0.9592066040827689, 1.5636606356668046], [0.6298821484480811, 1.0480294904711909, 1.2528998172006138]]
Save Location: maps/map769/test.txt
