Path: 2356
Path Score: 4.172606180869142
Waypoints: [[1.0, 1.0, 1.0], [2.7823021602657514, 3.2626923788090734, 6.811174955232296], [18.278593753428844, 13.542675969678093, 13.490985374955708], [29.0, 29.0, 14.0]]
Velocity: [[0.0, 0.0, 0.0], [1.7823021602657514, 2.2626923788090734, 5.811174955232296], [15.496291593163093, 10.27998359086902, 6.679810419723411], [10.721406246571156, 15.457324030321907, 0.5090146250442924]]
Attitude: [[0.0, 0.0, 0.0], [1.2924157480158258, 1.2144350237412072, 0.46016632051788314], [0.6693099259129748, 1.0236427314183256, 1.2259439565054149], [0.964623337542555, 0.6069540453552669, 1.5437444202820336]]
Save Location: maps/map1783/test.txt
