Path: 2508
Path Score: 4.627229480367492
Waypoints: [[1.0, 1.0, 1.0], [1.327818985938627, 0.12165432475222393, 2.009587905737008], [14.696872763728088, 4.97389321596623, 6.620202261803812], [29.0, 29.0, 14.0]]
Velocity: [[0.0, 0.0, 0.0], [0.3278189859386269, -0.8783456752477761, 1.0095879057370079], [13.36905377778946, 4.852238891214006, 4.6106143560668045], [14.303127236271912, 24.02610678403377, 7.379797738196188]]
Attitude: [[0.0, 0.0, 0.0], [1.3305559476771869, 2.2620673328650165, 0.7484058480919805], [0.46418014529376805, 1.2402689483911535, 1.2573058672432842], [1.053425426436436, 0.5902278867042227, 1.3127514281918207]]
Save Location: maps/map10/test.txt
