Path: 627
Path Score: 4.370133875358935
Waypoints: [[1.0, 1.0, 1.0], [12.65259495451803, 15.504691539838976, 1.3902173466937446], [18.1367759330625, 27.51943688599429, 5.760318237087204], [29.0, 29.0, 14.0]]
Velocity: [[0.0, 0.0, 0.0], [11.65259495451803, 14.504691539838976, 0.39021734669374464], [5.484180978544469, 12.014745346155312, 4.370100890393459], [10.863224066937502, 1.4805631140057116, 8.239681762912795]]
Attitude: [[0.0, 0.0, 0.0], [0.8941821376993422, 0.6770644370273821, 1.5498263094141658], [1.1655763013177929, 0.5283114961976889, 1.2512485800188888], [0.6565808947189486, 1.462631373986738, 0.9263070006364166]]
Save Location: maps/map466/test.txt
