Path: 1661
Path Score: 4.344397206520185
Waypoints: [[1.0, 1.0, 1.0], [1.4862613186235762, 5.302297197202417, 9.54279168299124], [10.035552414872543, 14.727385926720864, 12.424650413075828], [29.0, 29.0, 14.0]]
Velocity: [[0.0, 0.0, 0.0], [0.48626131862357624, 4.302297197202417, 8.54279168299124], [8.549291096248966, 9.425088729518446, 2.8818587300845877], [18.96444758512746, 14.272614073279136, 1.5753495869241725]]
Attitude: [[0.0, 0.0, 0.0], [1.520002440634727, 1.1049085373684124, 0.46909167611999897], [0.8562671291121722, 0.7635475083578366, 1.3480791051752448], [0.6480734763088719, 0.9272854822750475, 1.5045215484811172]]
Save Location: maps/map606/test.txt
