Path: 520
Path Score: 4.362281111090729
Waypoints: [[1.0, 1.0, 1.0], [9.981785049321614, 2.094242845092411, 3.906087432644374], [10.035552414872543, 14.727385926720864, 12.424650413075828], [29.0, 29.0, 14.0]]
Velocity: [[0.0, 0.0, 0.0], [8.981785049321614, 1.094242845092411, 2.906087432644374], [0.05376736555092876, 12.633143081628452, 8.518562980431454], [18.96444758512746, 14.272614073279136, 1.5753495869241725]]
Attitude: [[0.0, 0.0, 0.0], [0.33286566125405836, 1.4553984883962245, 1.2600245384619229], [1.5672675744335567, 0.5932797335419279, 0.9775300247207389], [0.6480734763088719, 0.9272854822750475, 1.5045215484811172]]
Save Location: maps/map511/test.txt
