Path: 490
Path Score: 4.373214606691194
Waypoints: [[1.0, 1.0, 1.0], [11.29885047226655, 13.922680563011099, 6.0742347128672325], [12.16882105369413, 22.5703746743433, 7.023400396976081], [29.0, 29.0, 14.0]]
Velocity: [[0.0, 0.0, 0.0], [10.29885047226655, 12.922680563011099, 5.0742347128672325], [0.8699705814275802, 8.6476941113322, 0.9491656841088485], [16.83117894630587, 6.429625325656701, 6.976599603023919]]
Attitude: [[0.0, 0.0, 0.0], [0.932550665210745, 0.7263919285052141, 1.2728643435485965], [1.4711267897516147, 0.1478027019381446, 1.4620192419515996], [0.5132908177846113, 1.2315474594293268, 1.2013612558293933]]
Save Location: maps/map447/test.txt
