Path: 1278
Path Score: 4.165133159354453
Waypoints: [[1.0, 1.0, 1.0], [11.681123338592288, 14.089788280863255, 4.111381059339743], [22.48463544099993, 22.910796544751268, 5.995441400636155], [29.0, 29.0, 14.0]]
Velocity: [[0.0, 0.0, 0.0], [10.681123338592288, 13.089788280863255, 3.1113810593397426], [10.803512102407643, 8.821008263888013, 1.8840603412964123], [6.515364559000069, 6.089203455248732, 8.004558599363845]]
Attitude: [[0.0, 0.0, 0.0], [0.8998039769895753, 0.7044384319041941, 1.3886732407031834], [0.6956686107634809, 0.8934057241277364, 1.4365244923396912], [0.9959567092637175, 1.0377754035517597, 0.8393162236524304]]
Save Location: maps/map1839/test.txt
