Path: 365
Path Score: 4.409364681288136
Waypoints: [[1.0, 1.0, 1.0], [5.0694130019156045, 0.10947803648002186, 11.387112714668532], [16.72641038031882, 15.264827052821502, 13.846194206338602], [29.0, 29.0, 14.0]]
Velocity: [[0.0, 0.0, 0.0], [4.0694130019156045, -0.8905219635199781, 10.387112714668532], [11.656997378403217, 15.15534901634148, 2.4590814916700694], [12.273589619681179, 13.735172947178498, 0.15380579366139813]]
Attitude: [[0.0, 0.0, 0.0], [1.1986423454069668, 1.65045321960768, 0.3814078923026202], [0.9214093091846646, 0.6662048226509723, 1.4428847368871958], [0.8415660736191315, 0.7293004114667039, 1.5624465811421142]]
Save Location: maps/map336/test.txt
