Path: 1640
Path Score: 4.159073198164962
Waypoints: [[1.0, 1.0, 1.0], [10.36013664890983, 5.847929453477029, 2.4421408215587084], [25.79209058027837, 11.910847199982666, 9.017382596249654], [29.0, 29.0, 14.0]]
Velocity: [[0.0, 0.0, 0.0], [9.36013664890983, 4.847929453477029, 1.4421408215587084], [15.43195393136854, 6.0629177465056365, 6.575241774690945], [3.2079094197216307, 17.089152800017334, 4.982617403750346]]
Attitude: [[0.0, 0.0, 0.0], [0.49541529610661705, 1.0976792558885609, 1.4348290922750935], [0.5252605438941473, 1.223966826192043, 1.1932493901400731], [1.3924977157249556, 0.3337927357398629, 1.2917140564701521]]
Save Location: maps/map1884/test.txt
