Path: 1453
Path Score: 4.320490416430937
Waypoints: [[1.0, 1.0, 1.0], [1.5831056317866898, 11.289807463775418, 6.886569014408189], [16.72641038031882, 15.264827052821502, 13.846194206338602], [29.0, 29.0, 14.0]]
Velocity: [[0.0, 0.0, 0.0], [0.5831056317866898, 10.289807463775418, 5.886569014408189], [15.143304748532131, 3.9750195890460844, 6.959625191930413], [12.273589619681179, 13.735172947178498, 0.15380579366139813]]
Attitude: [[0.0, 0.0, 0.0], [1.5216478577442305, 0.5217422173051365, 1.0518517055369716], [0.48678396177693845, 1.3366602000139034, 1.1525048338711672], [0.8415660736191315, 0.7293004114667039, 1.5624465811421142]]
Save Location: maps/map733/test.txt
