Path: 35
Path Score: 4.050678417795076
Waypoints: [[1.0, 1.0, 1.0], [8.883832853990807, 7.619820070167713, 5.821889119101872], [24.29282605726432, 17.273783965333514, 9.528106741585457], [29.0, 29.0, 14.0]]
Velocity: [[0.0, 0.0, 0.0], [7.883832853990807, 6.619820070167713, 4.821889119101872], [15.408993203273514, 9.653963895165802, 3.706217622483585], [4.707173942735679, 11.726216034666486, 4.471893258414543]]
Attitude: [[0.0, 0.0, 0.0], [0.8044304960935175, 0.9492050844908356, 1.1327513067607105], [0.5910640365063544, 1.0236813132334042, 1.3697263515112565], [1.2119605623526288, 0.5056733733733509, 1.2306436859371142]]
Save Location: maps/map2424/test.txt
