Path: 1733
Path Score: 4.197303655933004
Waypoints: [[1.0, 1.0, 1.0], [10.805725952785512, 11.283487147150078, 0.7484718343695662], [25.89146789512382, 17.947079052650324, 10.291630941969098], [29.0, 29.0, 14.0]]
Velocity: [[0.0, 0.0, 0.0], [9.805725952785512, 10.283487147150078, -0.2515281656304338], [15.08574194233831, 6.663591905500246, 9.543159107599532], [3.108532104876179, 11.052920947349676, 3.708369058030902]]
Attitude: [[0.0, 0.0, 0.0], [0.8093250089126587, 0.7617849255869302, 1.5884962164824006], [0.6571503660049577, 1.2135226172994933, 1.046218037587554], [1.3102246373088302, 0.4126571490004325, 1.2583924394013435]]
Save Location: maps/map1587/test.txt
