Path: 655
Path Score: 4.2814142981519
Waypoints: [[1.0, 1.0, 1.0], [12.65259495451803, 15.504691539838976, 1.3902173466937446], [22.781985147361475, 18.865246195222316, 4.237269029022857], [29.0, 29.0, 14.0]]
Velocity: [[0.0, 0.0, 0.0], [11.65259495451803, 14.504691539838976, 0.39021734669374464], [10.129390192843445, 3.360554655383339, 2.8470516823291128], [6.218014852638525, 10.134753804777684, 9.762730970977142]]
Attitude: [[0.0, 0.0, 0.0], [0.8941821376993422, 0.6770644370273821, 1.5498263094141658], [0.4101564330597319, 1.261649664596085, 1.3100971464081395], [1.154725411250614, 0.8516309695069436, 0.8833371316925762]]
Save Location: maps/map984/test.txt
