Path: 1529
Path Score: 4.526841011153478
Waypoints: [[1.0, 1.0, 1.0], [0.8300875511549277, 1.6500330013832676, 11.560854587793756], [12.699318080032214, 19.485873547121262, 13.643108962855027], [29.0, 29.0, 14.0]]
Velocity: [[0.0, 0.0, 0.0], [-0.16991244884507228, 0.6500330013832676, 10.560854587793756], [11.869230528877285, 17.835840545737994, 2.0822543750612716], [16.300681919967786, 9.514126452878738, 0.3568910371449725]]
Attitude: [[0.0, 0.0, 0.0], [1.5868534482018404, 1.5093306408644638, 0.06353355267918272], [0.986739883104694, 0.5941848657747201, 1.473908884655511], [0.5286275051045267, 1.042579273198718, 1.5518895222311728]]
Save Location: maps/map73/test.txt
