Path: 390
Path Score: 4.176370349648072
Waypoints: [[1.0, 1.0, 1.0], [8.23561037690084, 4.511685430060676, 8.33124458240136], [17.495244973045097, 26.03561227858441, 12.515738341607829], [29.0, 29.0, 14.0]]
Velocity: [[0.0, 0.0, 0.0], [7.235610376900841, 3.511685430060676, 7.331244582401361], [9.259634596144256, 21.523926848523733, 4.184493759206468], [11.504755026954903, 2.9643877214155907, 1.484261658392171]]
Attitude: [[0.0, 0.0, 0.0], [0.8434728410597166, 1.2422312953632766, 0.8316455994328315], [1.1712186877279946, 0.44107175960933104, 1.3940728200118933], [0.2805594303655102, 1.3206025270465491, 1.4465080099651364]]
Save Location: maps/map1758/test.txt
