Path: 2414
Path Score: 4.088561600707843
Waypoints: [[1.0, 1.0, 1.0], [12.422424952449036, 7.364456284222653, 4.120550879483655], [22.592720703848663, 25.526803242435573, 12.228206346267022], [29.0, 29.0, 14.0]]
Velocity: [[0.0, 0.0, 0.0], [11.422424952449036, 6.364456284222653, 3.1205508794836554], [10.170295751399626, 18.162346958212922, 8.107655466783367], [6.407279296151337, 3.473196757564427, 1.7717936537329777]]
Attitude: [[0.0, 0.0, 0.0], [0.5554007765856399, 1.0776065097557235, 1.3365284239372268], [1.0981244887439867, 0.6214658730983625, 1.1993816436318878], [0.5466676487799201, 1.0893405550292934, 1.3323147563268598]]
Save Location: maps/map2293/test.txt
