Path: 1550
Path Score: 4.076145360175351
Waypoints: [[1.0, 1.0, 1.0], [5.1328300726842055, 6.167067988359742, 4.338023583503114], [14.43692874246404, 21.36894668574859, 11.322509376936443], [29.0, 29.0, 14.0]]
Velocity: [[0.0, 0.0, 0.0], [4.1328300726842055, 5.167067988359742, 3.338023583503114], [9.304098669779835, 15.201878697388848, 6.984485793433329], [14.56307125753596, 7.63105331425141, 2.677490623063557]]
Attitude: [[0.0, 0.0, 0.0], [0.9792202736645594, 0.799275207152919, 1.1035589735254734], [1.0632472999476776, 0.6532203265603101, 1.197311233065775], [0.5069175043207065, 1.0949344880442036, 1.4093618733327953]]
Save Location: maps/map2345/test.txt
