Path: 1421
Path Score: 4.339431810375948
Waypoints: [[1.0, 1.0, 1.0], [10.074445050749116, 1.0357225832720962, 9.412027835082272], [14.43692874246404, 21.36894668574859, 11.322509376936443], [29.0, 29.0, 14.0]]
Velocity: [[0.0, 0.0, 0.0], [9.074445050749116, 0.03572258327209621, 8.412027835082272], [4.362483691714925, 20.333224102476493, 1.9104815418541712], [14.56307125753596, 7.63105331425141, 2.677490623063557]]
Attitude: [[0.0, 0.0, 0.0], [0.7475390695972799, 1.5679093516700198, 0.8232656157544957], [1.360350365162595, 0.2300740978166898, 1.479185482279618], [0.5069175043207065, 1.0949344880442036, 1.4093618733327953]]
Save Location: maps/map634/test.txt
