Path: 287
Path Score: 4.135677688654951
Waypoints: [[1.0, 1.0, 1.0], [10.236205802881091, 6.726958385030271, 8.616461550781413], [21.78645601699983, 26.938246068819566, 10.468055210066508], [29.0, 29.0, 14.0]]
Velocity: [[0.0, 0.0, 0.0], [9.236205802881091, 5.726958385030271, 7.616461550781413], [11.550250214118737, 20.211287683789294, 1.8515936592850952], [7.2135439830001715, 2.0617539311804336, 3.531944789933492]]
Attitude: [[0.0, 0.0, 0.0], [0.801018365502451, 1.1245932303302049, 0.9595076706588436], [1.0534133270276282, 0.5246641841897739, 1.491423660411947], [0.5157591343381982, 1.3195229300441227, 1.1308007241554319]]
Save Location: maps/map2031/test.txt
