Path: 2326
Path Score: 4.336964933742685
Waypoints: [[1.0, 1.0, 1.0], [4.608820246079843, 7.120273707001329, 9.286680001717013], [7.2422472543241465, 15.760615466297706, 13.658007264698963], [29.0, 29.0, 14.0]]
Velocity: [[0.0, 0.0, 0.0], [3.6088202460798433, 6.120273707001329, 8.286680001717013], [2.633427008244303, 8.640341759296376, 4.37132726298195], [21.75775274567585, 13.239384533702294, 0.34199273530103724]]
Attitude: [[0.0, 0.0, 0.0], [1.233845257898589, 0.9755770124671417, 0.7087760394342274], [1.3052596364976627, 0.5335040780416994, 1.1200771211845022], [0.5467872106274848, 1.0242120818809008, 1.5573694452781284]]
Save Location: maps/map646/test.txt
