Path: 845
Path Score: 4.367901168689297
Waypoints: [[1.0, 1.0, 1.0], [4.844954787942095, 14.493280729732227, 5.905721797057641], [20.24894541404868, 13.704934531749169, 10.28792228211892], [29.0, 29.0, 14.0]]
Velocity: [[0.0, 0.0, 0.0], [3.844954787942095, 13.493280729732227, 4.905721797057641], [15.403990626106586, -0.7883461979830582, 4.382200485061279], [8.75105458595132, 15.295065468250831, 3.7120777178810798]]
Attitude: [[0.0, 0.0, 0.0], [1.3091332202726853, 0.43273101466224884, 1.2344339666278068], [0.2813822783506572, 1.619981501682266, 1.2939777973311024], [1.0633520659267364, 0.5560751825583984, 1.3631766434720947]]
Save Location: maps/map478/test.txt
