Path: 719
Path Score: 4.2252399530687565
Waypoints: [[1.0, 1.0, 1.0], [7.279071891786115, 11.99037003440958, 7.619831722996372], [24.539485932888955, 19.73672816277327, 8.00225603479158], [29.0, 29.0, 14.0]]
Velocity: [[0.0, 0.0, 0.0], [6.279071891786115, 10.99037003440958, 6.619831722996372], [17.26041404110284, 7.746358128363692, 0.38242431179520864], [4.4605140671110455, 9.263271837226728, 5.99774396520842]]
Attitude: [[0.0, 0.0, 0.0], [1.115662030937802, 0.6928797362779866, 1.088924427386206], [0.42230482568641453, 1.1490380066060601, 1.5505852923169816], [1.1866756395694507, 0.678936129498745, 1.0426972103159322]]
Save Location: maps/map1374/test.txt
