Path: 1582
Path Score: 4.071437373937025
Waypoints: [[1.0, 1.0, 1.0], [5.1328300726842055, 6.167067988359742, 4.338023583503114], [15.684579521262053, 24.294407344774495, 11.460625578176513], [29.0, 29.0, 14.0]]
Velocity: [[0.0, 0.0, 0.0], [4.1328300726842055, 5.167067988359742, 3.338023583503114], [10.551749448577848, 18.12733935641475, 7.122601994673399], [13.315420478737947, 4.705592655225505, 2.539374421823487]]
Attitude: [[0.0, 0.0, 0.0], [0.9792202736645594, 0.799275207152919, 1.1035589735254734], [1.0742938390931014, 0.6122633247593681, 1.2434344015461478], [0.38185806857320004, 1.2366735425670707, 1.3928860386768187]]
Save Location: maps/map2366/test.txt
