Path: 392
Path Score: 4.330615393991214
Waypoints: [[1.0, 1.0, 1.0], [8.23561037690084, 4.511685430060676, 8.33124458240136], [10.035552414872543, 14.727385926720864, 12.424650413075828], [29.0, 29.0, 14.0]]
Velocity: [[0.0, 0.0, 0.0], [7.235610376900841, 3.511685430060676, 7.331244582401361], [1.799942037971702, 10.215700496660187, 4.093405830674467], [18.96444758512746, 14.272614073279136, 1.5753495869241725]]
Attitude: [[0.0, 0.0, 0.0], [0.8434728410597166, 1.2422312953632766, 0.8316455994328315], [1.4086792946865077, 0.41259884126971363, 1.1949373212237315], [0.6480734763088719, 0.9272854822750475, 1.5045215484811172]]
Save Location: maps/map678/test.txt
