Path: 335
Path Score: 4.24717108334297
Waypoints: [[1.0, 1.0, 1.0], [11.62421921707525, 9.637940007438962, 4.108292062461251], [14.664796282188101, 21.28024012885323, 5.468764640312363], [29.0, 29.0, 14.0]]
Velocity: [[0.0, 0.0, 0.0], [10.62421921707525, 8.637940007438962, 3.108292062461251], [3.040577065112851, 11.642300121414268, 1.3604725778511124], [14.335203717811899, 7.7197598711467705, 8.531235359687637]]
Attitude: [[0.0, 0.0, 0.0], [0.7126112608988734, 0.9081638967287853, 1.3475745118170808], [1.3169891832327882, 0.2786723442310585, 1.4582107642895472], [0.6763273336917041, 1.1373758967665009, 1.0881508960767203]]
Save Location: maps/map1214/test.txt
