Path: 1564
Path Score: 4.204085193606275
Waypoints: [[1.0, 1.0, 1.0], [5.1328300726842055, 6.167067988359742, 4.338023583503114], [24.548396690958242, 11.577212241638717, 14.392801991557022], [29.0, 29.0, 14.0]]
Velocity: [[0.0, 0.0, 0.0], [4.1328300726842055, 5.167067988359742, 3.338023583503114], [19.415566618274035, 5.410144253278975, 10.054778408053908], [4.451603309041758, 17.42278775836128, -0.3928019915570218]]
Attitude: [[0.0, 0.0, 0.0], [0.9792202736645594, 0.799275207152919, 1.1035589735254734], [0.5316080879421872, 1.3282304210806433, 1.108055847834384], [1.3207044969365416, 0.251084454734688, 1.5926364233314274]]
Save Location: maps/map1523/test.txt
