Path: 583
Path Score: 4.430343009094364
Waypoints: [[1.0, 1.0, 1.0], [8.077819295469498, 4.630177089274074, 13.001091877302175], [15.684579521262053, 24.294407344774495, 11.460625578176513], [29.0, 29.0, 14.0]]
Velocity: [[0.0, 0.0, 0.0], [7.077819295469498, 3.630177089274074, 12.001091877302175], [7.606760225792556, 19.66423025550042, -1.5404662991256615], [13.315420478737947, 4.705592655225505, 2.539374421823487]]
Attitude: [[0.0, 0.0, 0.0], [1.0568857360289043, 1.315913356872022, 0.5853298029477871], [1.2027208231221502, 0.37591602474720265, 1.6437292240480874], [0.38185806857320004, 1.2366735425670707, 1.3928860386768187]]
Save Location: maps/map268/test.txt
