Path: 462
Path Score: 4.136864186521433
Waypoints: [[1.0, 1.0, 1.0], [11.29885047226655, 13.922680563011099, 6.0742347128672325], [22.16101751903432, 21.88131243389526, 7.844034735289933], [29.0, 29.0, 14.0]]
Velocity: [[0.0, 0.0, 0.0], [10.29885047226655, 12.922680563011099, 5.0742347128672325], [10.862167046767771, 7.958631870884162, 1.7698000224227002], [6.838982480965679, 7.1186875661047395, 6.155965264710067]]
Attitude: [[0.0, 0.0, 0.0], [0.932550665210745, 0.7263919285052141, 1.2728643435485965], [0.6438787844710376, 0.9446973033206857, 1.4401156269229638], [0.9423867443913255, 0.9123337917118957, 1.0131992799999519]]
Save Location: maps/map2022/test.txt
