Path: 1367
Path Score: 4.25593935015821
Waypoints: [[1.0, 1.0, 1.0], [2.1166871798879825, 7.959406805005861, 2.641112218552253], [16.562231948918217, 23.36225528971405, 10.468909590942717], [29.0, 29.0, 14.0]]
Velocity: [[0.0, 0.0, 0.0], [1.1166871798879825, 6.959406805005861, 1.6411122185522529], [14.445544769030235, 15.402848484708189, 7.827797372390464], [12.437768051081783, 5.637744710285951, 3.531090409057283]]
Attitude: [[0.0, 0.0, 0.0], [1.4158739947349994, 0.27784815422419984, 1.3420381855188857], [0.8744417398085099, 0.8176570302416053, 1.2158100085554178], [0.4911333101171544, 1.159608420333512, 1.31776151037235]]
Save Location: maps/map1159/test.txt
