Path: 1356
Path Score: 4.1683747873053765
Waypoints: [[1.0, 1.0, 1.0], [2.1166871798879825, 7.959406805005861, 2.641112218552253], [11.29885047226655, 13.922680563011099, 6.0742347128672325], [29.0, 29.0, 14.0]]
Velocity: [[0.0, 0.0, 0.0], [1.1166871798879825, 6.959406805005861, 1.6411122185522529], [9.182163292378567, 5.963273758005238, 3.4331224943149796], [17.70114952773345, 15.077319436988901, 7.9257652871327675]]
Attitude: [[0.0, 0.0, 0.0], [1.4158739947349994, 0.27784815422419984, 1.3420381855188857], [0.6431030393133594, 1.0242872980740851, 1.2669405359657098], [0.7661818536866618, 0.9099886285213937, 1.2422839364012292]]
Save Location: maps/map1815/test.txt
