Path: 1310
Path Score: 4.158708031967138
Waypoints: [[1.0, 1.0, 1.0], [11.681123338592288, 14.089788280863255, 4.111381059339743], [24.539485932888955, 19.73672816277327, 8.00225603479158], [29.0, 29.0, 14.0]]
Velocity: [[0.0, 0.0, 0.0], [10.681123338592288, 13.089788280863255, 3.1113810593397426], [12.858362594296667, 5.646939881910017, 3.8908749754518377], [4.4605140671110455, 9.263271837226728, 5.99774396520842]]
Attitude: [[0.0, 0.0, 0.0], [0.8998039769895753, 0.7044384319041941, 1.3886732407031834], [0.4899463250841122, 1.172877511692121, 1.300520698871398], [1.1866756395694507, 0.678936129498745, 1.0426972103159322]]
Save Location: maps/map1887/test.txt
