Path: 1109
Path Score: 4.251769644066494
Waypoints: [[1.0, 1.0, 1.0], [6.277705044557794, 0.35330246109405494, 2.6825947684151497], [17.142077840697404, 12.866671640253438, 8.671369517017055], [29.0, 29.0, 14.0]]
Velocity: [[0.0, 0.0, 0.0], [5.277705044557794, -0.6466975389059451, 1.6825947684151497], [10.864372796139609, 12.513369179159383, 5.988774748601905], [11.857922159302596, 16.133328359746564, 5.328630482982945]]
Attitude: [[0.0, 0.0, 0.0], [0.32912608513099045, 1.687014641004876, 1.264321452563771], [0.9064135040631219, 0.7810752051784576, 1.2240133043945902], [0.9614723836846367, 0.6782653453057865, 1.3106912242211473]]
Save Location: maps/map1182/test.txt
