Path: 928
Path Score: 4.373076105038657
Waypoints: [[1.0, 1.0, 1.0], [7.363766588778974, 0.518530266354752, 10.190548616200227], [14.31024281394206, 14.397341180730484, 10.344580509492056], [29.0, 29.0, 14.0]]
Velocity: [[0.0, 0.0, 0.0], [6.363766588778974, -0.48146973364524803, 9.190548616200227], [6.946476225163085, 13.878810914375732, 0.15403189329182965], [14.68975718605794, 14.602658819269516, 3.655419490507944]]
Attitude: [[0.0, 0.0, 0.0], [0.9658135015594402, 1.6138399388547588, 0.6069604064989591], [1.1067658766303512, 0.46415347923729655, 1.5608720104457077], [0.7976180124622528, 0.8033878261380559, 1.3961151528842315]]
Save Location: maps/map449/test.txt
