Path: 2368
Path Score: 4.189013381490522
Waypoints: [[1.0, 1.0, 1.0], [2.7823021602657514, 3.2626923788090734, 6.811174955232296], [20.852071857601725, 15.195208825034904, 7.612944235060696], [29.0, 29.0, 14.0]]
Velocity: [[0.0, 0.0, 0.0], [1.7823021602657514, 2.2626923788090734, 5.811174955232296], [18.069769697335975, 11.93251644622583, 0.8017692798283997], [8.147928142398275, 13.804791174965096, 6.387055764939304]]
Attitude: [[0.0, 0.0, 0.0], [1.2924157480158258, 1.2144350237412072, 0.46016632051788314], [0.5846584646333539, 0.9876261301309367, 1.5337870802454718], [1.0790221355094318, 0.643470475899189, 1.1916321938329075]]
Save Location: maps/map1656/test.txt
