Path: 1538
Path Score: 4.18171552324389
Waypoints: [[1.0, 1.0, 1.0], [5.1328300726842055, 6.167067988359742, 4.338023583503114], [10.035552414872543, 14.727385926720864, 12.424650413075828], [29.0, 29.0, 14.0]]
Velocity: [[0.0, 0.0, 0.0], [4.1328300726842055, 5.167067988359742, 3.338023583503114], [4.902722342188337, 8.560317938361122, 8.086626829572714], [18.96444758512746, 14.272614073279136, 1.5753495869241725]]
Attitude: [[0.0, 0.0, 0.0], [0.9792202736645594, 0.799275207152919, 1.1035589735254734], [1.1762885927180708, 0.8351120472155533, 0.8841344403371643], [0.6480734763088719, 0.9272854822750475, 1.5045215484811172]]
Save Location: maps/map1712/test.txt
