Path: 14
Path Total Score: 1.982590739343384
Waypoints: [[0.1, 0.1, 0.1], [6.122326872609092, 5.696967386459411, 4.424458590946371], [4.339787059993104, 1.4898112823776632, 3.5835311307883755], [8.757664754296371, 6.806165467520006, 4.5494874092303235], [4.140543901821888, 2.213098504257187, 4.562838388886321], [9.841604354561724, 4.332276044060159, 4.136049477684804], [4.339787059993104, 1.4898112823776632, 3.5835311307883755], [8.922316822943513, 4.339751776248945, 3.130204965774741], [7.244355243304841, 4.686769508950413, 5.732290508395203], [15.0, 15.0, 7.5]]
Velocity: [[0.0, 0.0, 0.0], [6.022326872609092, 5.596967386459411, 4.324458590946372], [-1.7825398126159877, -4.207156104081748, -0.8409274601579959], [4.417877694303267, 5.316354185142343, 0.965956278441948], [-4.617120852474483, -4.593066963262819, 0.013350979655997186], [5.701060452739836, 2.119177539802972, -0.4267889112015171], [-5.50181729456862, -2.8424647616824963, -0.5525183468964281], [4.582529762950409, 2.849940493871282, -0.45332616501363443], [-1.677961579638672, 0.3470177327014685, 2.602085542620462], [7.755644756695159, 10.313230491049588, 1.7677094916047968]]
Attitude: [[0.0, 0.0, 0.0], [0.0, 0.0, 0.0], [0.0, 0.0, 0.0], [0.0, 0.0, 0.0], [0.0, 0.0, 0.0], [0.0, 0.0, 0.0], [0.0, 0.0, 0.0], [0.0, 0.0, 0.0], [0.0, 0.0, 0.0], [0.0, 0.0, 0.0]]
Save Location: maps/map16/test.txt
