Path: 474
Path Score: 4.247897495876703
Waypoints: [[1.0, 1.0, 1.0], [11.29885047226655, 13.922680563011099, 6.0742347128672325], [24.80078989068509, 16.52228778449424, 8.560347909072977], [29.0, 29.0, 14.0]]
Velocity: [[0.0, 0.0, 0.0], [10.29885047226655, 12.922680563011099, 5.0742347128672325], [13.501939418418539, 2.59960722148314, 2.4861131962057446], [4.199210109314912, 12.477712215505761, 5.439652090927023]]
Attitude: [[0.0, 0.0, 0.0], [0.932550665210745, 0.7263919285052141, 1.2728643435485965], [0.2603621321507312, 1.3836592037151045, 1.391919624732054], [1.2715632840353657, 0.5034073100322944, 1.1789804677621314]]
Save Location: maps/map1205/test.txt
