Path: 484
Path Score: 4.137531719310315
Waypoints: [[1.0, 1.0, 1.0], [11.29885047226655, 13.922680563011099, 6.0742347128672325], [21.391366360934747, 19.016584990160858, 9.132275513596717], [29.0, 29.0, 14.0]]
Velocity: [[0.0, 0.0, 0.0], [10.29885047226655, 12.922680563011099, 5.0742347128672325], [10.092515888668197, 5.093904427149759, 3.0580408007294846], [7.608633639065253, 9.983415009839142, 4.867724486403283]]
Attitude: [[0.0, 0.0, 0.0], [0.932550665210745, 0.7263919285052141, 1.2728643435485965], [0.5320598299499124, 1.1208132148352732, 1.3066190300589124], [0.9701837951063373, 0.7354334851728955, 1.20085483013767]]
Save Location: maps/map2018/test.txt
