Path: 2388
Path Score: 4.195984158466422
Waypoints: [[1.0, 1.0, 1.0], [12.422424952449036, 7.364456284222653, 4.120550879483655], [28.580074351282803, 14.872208336339622, 10.610098631150464], [29.0, 29.0, 14.0]]
Velocity: [[0.0, 0.0, 0.0], [11.422424952449036, 6.364456284222653, 3.1205508794836554], [16.15764939883377, 7.5077520521169685, 6.489547751666809], [0.4199256487171965, 14.127791663660378, 3.389901368849536]]
Attitude: [[0.0, 0.0, 0.0], [0.5554007765856399, 1.0776065097557235, 1.3365284239372268], [0.5507822456197782, 1.1637042776992008, 1.2214932332866895], [1.5419013819474265, 0.2372269626522856, 1.3354029484393914]]
Save Location: maps/map1598/test.txt
