Path: 2317
Path Score: 4.2734506798645855
Waypoints: [[1.0, 1.0, 1.0], [4.608820246079843, 7.120273707001329, 9.286680001717013], [20.852071857601725, 15.195208825034904, 7.612944235060696], [29.0, 29.0, 14.0]]
Velocity: [[0.0, 0.0, 0.0], [3.6088202460798433, 6.120273707001329, 8.286680001717013], [16.24325161152188, 8.074935118033576, -1.6737357666563168], [8.147928142398275, 13.804791174965096, 6.387055764939304]]
Attitude: [[0.0, 0.0, 0.0], [1.233845257898589, 0.9755770124671417, 0.7087760394342274], [0.469782464469482, 1.111552592397921, 1.662805144487789], [1.0790221355094318, 0.643470475899189, 1.1916321938329075]]
Save Location: maps/map1032/test.txt
