Path: 2168
Path Score: 4.1245524236239035
Waypoints: [[1.0, 1.0, 1.0], [5.839689469355285, 6.231079992564079, 1.4400139470819306], [14.46706287539074, 21.68231868352074, 5.395598205098573], [29.0, 29.0, 14.0]]
Velocity: [[0.0, 0.0, 0.0], [4.839689469355285, 5.231079992564079, 0.44001394708193065], [8.627373406035455, 15.45123869095666, 3.9555842580166427], [14.53293712460926, 7.317681316479259, 8.604401794901428]]
Attitude: [[0.0, 0.0, 0.0], [0.8259996858182699, 0.748605830934555, 1.5091311358387776], [1.0749532227506913, 0.5508330707832166, 1.3508897673373994], [0.6606967282577116, 1.161934980212726, 1.0843680323639853]]
Save Location: maps/map2106/test.txt
