Path: 553
Path Score: 4.204471685209396
Waypoints: [[1.0, 1.0, 1.0], [9.981785049321614, 2.094242845092411, 3.906087432644374], [13.095324436113561, 15.033365545267669, 6.706312039110363], [29.0, 29.0, 14.0]]
Velocity: [[0.0, 0.0, 0.0], [8.981785049321614, 1.094242845092411, 2.906087432644374], [3.113539386791947, 12.939122700175258, 2.8002246064659895], [15.904675563886439, 13.966634454732331, 7.293687960889637]]
Attitude: [[0.0, 0.0, 0.0], [0.33286566125405836, 1.4553984883962245, 1.2600245384619229], [1.3398087106006944, 0.31299501609277164, 1.3634120434997625], [0.7807156099511975, 0.8971446612687055, 1.2389541045829986]]
Save Location: maps/map1518/test.txt
