Path: 2500
Path Score: 4.595991950210902
Waypoints: [[1.0, 1.0, 1.0], [1.327818985938627, 0.12165432475222393, 2.009587905737008], [11.62421921707525, 9.637940007438962, 4.108292062461251], [29.0, 29.0, 14.0]]
Velocity: [[0.0, 0.0, 0.0], [0.3278189859386269, -0.8783456752477761, 1.0095879057370079], [10.296400231136623, 9.516285682686737, 2.098704156724243], [17.37578078292475, 19.362059992561036, 9.891707937538749]]
Attitude: [[0.0, 0.0, 0.0], [1.3305559476771869, 2.2620673328650165, 0.7484058480919805], [0.757890012195522, 0.8348886098253515, 1.4222117008303266], [0.8965659978428239, 0.8014560323534023, 1.207454132976777]]
Save Location: maps/map24/test.txt
