Path: 459
Path Score: 4.14765686500499
Waypoints: [[1.0, 1.0, 1.0], [11.29885047226655, 13.922680563011099, 6.0742347128672325], [25.82242157098592, 26.583335307071817, 8.735195019153062], [29.0, 29.0, 14.0]]
Velocity: [[0.0, 0.0, 0.0], [10.29885047226655, 12.922680563011099, 5.0742347128672325], [14.523571098719371, 12.660654744060718, 2.66096030628583], [3.17757842901408, 2.416664692928183, 5.264804980846938]]
Attitude: [[0.0, 0.0, 0.0], [0.932550665210745, 0.7263919285052141, 1.2728643435485965], [0.7276962564227759, 0.8619880782992434, 1.4335564344868175], [1.0690872565574958, 1.1963461847155972, 0.6487738662809521]]
Save Location: maps/map1958/test.txt
