Path: 2438
Path Score: 4.290750808853214
Waypoints: [[1.0, 1.0, 1.0], [12.422424952449036, 7.364456284222653, 4.120550879483655], [14.31024281394206, 14.397341180730484, 10.344580509492056], [29.0, 29.0, 14.0]]
Velocity: [[0.0, 0.0, 0.0], [11.422424952449036, 6.364456284222653, 3.1205508794836554], [1.8878178614930228, 7.032884896507831, 6.224029630008401], [14.68975718605794, 14.602658819269516, 3.655419490507944]]
Attitude: [[0.0, 0.0, 0.0], [0.5554007765856399, 1.0776065097557235, 1.3365284239372268], [1.3724261993165465, 0.7463503821448007, 0.8635614845508223], [0.7976180124622528, 0.8033878261380559, 1.3961151528842315]]
Save Location: maps/map926/test.txt
