Path: 931
Path Score: 4.39552609556306
Waypoints: [[1.0, 1.0, 1.0], [7.363766588778974, 0.518530266354752, 10.190548616200227], [12.699318080032214, 19.485873547121262, 13.643108962855027], [29.0, 29.0, 14.0]]
Velocity: [[0.0, 0.0, 0.0], [6.363766588778974, -0.48146973364524803, 9.190548616200227], [5.33555149125324, 18.96734328076651, 3.452560346654801], [16.300681919967786, 9.514126452878738, 0.3568910371449725]]
Attitude: [[0.0, 0.0, 0.0], [0.9658135015594402, 1.6138399388547588, 0.6069604064989591], [1.3007997856361748, 0.3233027809887732, 1.3973317052235943], [0.5286275051045267, 1.042579273198718, 1.5518895222311728]]
Save Location: maps/map371/test.txt
