Path: 1386
Path Score: 4.433403610355974
Waypoints: [[1.0, 1.0, 1.0], [2.1166871798879825, 7.959406805005861, 2.641112218552253], [4.741607970860676, 20.312016916218365, 10.401134851825734], [29.0, 29.0, 14.0]]
Velocity: [[0.0, 0.0, 0.0], [1.1166871798879825, 6.959406805005861, 1.6411122185522529], [2.624920790972694, 12.352610111212504, 7.760022633273481], [24.258392029139323, 8.687983083781635, 3.5988651481742657]]
Attitude: [[0.0, 0.0, 0.0], [1.4158739947349994, 0.27784815422419984, 1.3420381855188857], [1.3927624507661471, 0.585582233489808, 1.0197916309883828], [0.3698186467173986, 1.2303260930621542, 1.4320257768829774]]
Save Location: maps/map256/test.txt
