Path: 499
Path Score: 4.312720799464236
Waypoints: [[1.0, 1.0, 1.0], [11.29885047226655, 13.922680563011099, 6.0742347128672325], [12.704603846584774, 19.922199713463662, 8.33279809450805], [29.0, 29.0, 14.0]]
Velocity: [[0.0, 0.0, 0.0], [10.29885047226655, 12.922680563011099, 5.0742347128672325], [1.4057533743182251, 5.999519150452564, 2.2585633816408173], [16.295396153415226, 9.077800286536338, 5.66720190549195]]
Attitude: [[0.0, 0.0, 0.0], [0.932550665210745, 0.7263919285052141, 1.2728643435485965], [1.3549262233067905, 0.4173690359600665, 1.2194717654093499], [0.5810873343497762, 1.0864359774071253, 1.2758411019683804]]
Save Location: maps/map776/test.txt
