Path: 1323
Path Score: 4.518789386505437
Waypoints: [[1.0, 1.0, 1.0], [3.4670120800623283, 8.98615020457587, 12.766320645476934], [26.287300151641748, 16.492398494138193, 13.77497605122596], [29.0, 29.0, 14.0]]
Velocity: [[0.0, 0.0, 0.0], [2.4670120800623283, 7.986150204575869, 11.766320645476934], [22.82028807157942, 7.506248289562324, 1.0086554057490247], [2.712699848358252, 12.507601505861807, 0.22502394877404086]]
Attitude: [[0.0, 0.0, 0.0], [1.399024108228292, 0.9844440153430374, 0.6176559127637982], [0.3204466087968435, 1.2533046805312311, 1.5288340766179436], [1.3572535290988061, 0.21428765206758904, 1.553215933347118]]
Save Location: maps/map86/test.txt
