Path: 1742
Path Score: 4.297087050409014
Waypoints: [[1.0, 1.0, 1.0], [10.805725952785512, 11.283487147150078, 0.7484718343695662], [14.664796282188101, 21.28024012885323, 5.468764640312363], [29.0, 29.0, 14.0]]
Velocity: [[0.0, 0.0, 0.0], [9.805725952785512, 10.283487147150078, -0.2515281656304338], [3.8590703294025896, 9.996752981703152, 4.7202928059427975], [14.335203717811899, 7.7197598711467705, 8.531235359687637]]
Attitude: [[0.0, 0.0, 0.0], [0.8093250089126587, 0.7617849255869302, 1.5884962164824006], [1.2349461584166508, 0.547666767431355, 1.1558705579746185], [0.6763273336917041, 1.1373758967665009, 1.0881508960767203]]
Save Location: maps/map890/test.txt
