Path: 1849
Path Score: 4.193415545879223
Waypoints: [[1.0, 1.0, 1.0], [5.142904841761517, 4.732071187514425, 9.090826078056057], [19.70415101856637, 13.671074305937509, 12.81372080915123], [29.0, 29.0, 14.0]]
Velocity: [[0.0, 0.0, 0.0], [4.142904841761517, 3.732071187514425, 8.090826078056057], [14.561246176804854, 8.939003118423084, 3.722894731095172], [9.295848981433629, 15.328925694062491, 1.1862791908487704]]
Attitude: [[0.0, 0.0, 0.0], [1.1355654236864037, 1.1812058528805445, 0.6034260736599171], [0.586849845823774, 1.034239696443172, 1.3562595594253688], [1.0269884977688475, 0.548718444626354, 1.5047210663746937]]
Save Location: maps/map1624/test.txt
