Path: 1452
Path Score: 4.315896259398945
Waypoints: [[1.0, 1.0, 1.0], [1.5831056317866898, 11.289807463775418, 6.886569014408189], [15.326606466973086, 21.339557800606936, 5.709370475713641], [29.0, 29.0, 14.0]]
Velocity: [[0.0, 0.0, 0.0], [0.5831056317866898, 10.289807463775418, 5.886569014408189], [13.743500835186396, 10.049750336831519, -1.1771985386945483], [13.673393533026914, 7.660442199393064, 8.29062952428636]]
Attitude: [[0.0, 0.0, 0.0], [1.5216478577442305, 0.5217422173051365, 1.0518517055369716], [0.6346338980017705, 0.9411528746394826, 1.6398280934861107], [0.690120256163992, 1.1240390241586073, 1.0842390444713212]]
Save Location: maps/map754/test.txt
