Path: 1548
Path Score: 4.231058449259159
Waypoints: [[1.0, 1.0, 1.0], [5.1328300726842055, 6.167067988359742, 4.338023583503114], [8.326355677599059, 21.007879601570398, 11.349606769497015], [29.0, 29.0, 14.0]]
Velocity: [[0.0, 0.0, 0.0], [4.1328300726842055, 5.167067988359742, 3.338023583503114], [3.1935256049148535, 14.840811613210656, 7.011583185993901], [20.67364432240094, 7.992120398429602, 2.650393230502985]]
Attitude: [[0.0, 0.0, 0.0], [0.9792202736645594, 0.799275207152919, 1.1035589735254734], [1.378633346118881, 0.47884973806059833, 1.1381068655614215], [0.3867733775955384, 1.2046409482682174, 1.4517841548325077]]
Save Location: maps/map1334/test.txt
