Path: 209
Path Score: 4.422295479429533
Waypoints: [[1.0, 1.0, 1.0], [0.1034748464100077, 6.396090427855569, 9.25430405624771], [8.698977053221993, 19.48629808039675, 13.371846165404145], [29.0, 29.0, 14.0]]
Velocity: [[0.0, 0.0, 0.0], [-0.8965251535899923, 5.396090427855569, 8.25430405624771], [8.595502206811986, 13.090207652541181, 4.117542109156435], [20.301022946778005, 9.51370191960325, 0.6281538345958548]]
Attitude: [[0.0, 0.0, 0.0], [1.6614577493511176, 0.9944855483118206, 0.5852456997051783], [1.0112059443193815, 0.6293298937253424, 1.3136825739436007], [0.4390758398022054, 1.132740622989748, 1.5427856888103315]]
Save Location: maps/map294/test.txt
