Path: 2373
Path Score: 4.240821929127057
Waypoints: [[1.0, 1.0, 1.0], [2.7823021602657514, 3.2626923788090734, 6.811174955232296], [12.699318080032214, 19.485873547121262, 13.643108962855027], [29.0, 29.0, 14.0]]
Velocity: [[0.0, 0.0, 0.0], [1.7823021602657514, 2.2626923788090734, 5.811174955232296], [9.917015919766463, 16.223181168312188, 6.831934007622731], [16.300681919967786, 9.514126452878738, 0.3568910371449725]]
Attitude: [[0.0, 0.0, 0.0], [1.2924157480158258, 1.2144350237412072, 0.46016632051788314], [1.057746537666735, 0.638557353354104, 1.22585399126135], [0.5286275051045267, 1.042579273198718, 1.5518895222311728]]
Save Location: maps/map1258/test.txt
