Path: 1419
Path Score: 4.265109536500241
Waypoints: [[1.0, 1.0, 1.0], [10.074445050749116, 1.0357225832720962, 9.412027835082272], [26.70124871286478, 19.147010920760337, 12.70089468843873], [29.0, 29.0, 14.0]]
Velocity: [[0.0, 0.0, 0.0], [9.074445050749116, 0.03572258327209621, 8.412027835082272], [16.626803662115663, 18.11128833748824, 3.288866853356458], [2.2987512871352216, 9.852989079239663, 1.29910531156127]]
Attitude: [[0.0, 0.0, 0.0], [0.7475390695972799, 1.5679093516700198, 0.8232656157544957], [0.8361812101711095, 0.7522579878245613, 1.4378156535805795], [1.3434906352786418, 0.26183169500923487, 1.4430944105763563]]
Save Location: maps/map1090/test.txt
