Path: 1031
Path Score: 4.247520426037973
Waypoints: [[1.0, 1.0, 1.0], [5.124139793286082, 11.529276214212281, 3.1169525438428494], [12.142435065036207, 21.100167310234387, 2.8615106291366024], [29.0, 29.0, 14.0]]
Velocity: [[0.0, 0.0, 0.0], [4.124139793286082, 10.529276214212281, 2.1169525438428494], [7.018295271750125, 9.570891096022105, -0.255441914706247], [16.857564934963793, 7.8998326897656135, 11.138489370863397]]
Attitude: [[0.0, 0.0, 0.0], [1.2041596665548568, 0.4147337109116922, 1.3857324418142094], [0.9382416045040056, 0.6330401775727373, 1.5923159023060247], [0.6808408924814575, 1.198086991553404, 1.0316252245918605]]
Save Location: maps/map1207/test.txt
