Path: 404
Path Score: 4.180469928480365
Waypoints: [[1.0, 1.0, 1.0], [8.23561037690084, 4.511685430060676, 8.33124458240136], [14.43692874246404, 21.36894668574859, 11.322509376936443], [29.0, 29.0, 14.0]]
Velocity: [[0.0, 0.0, 0.0], [7.235610376900841, 3.511685430060676, 7.331244582401361], [6.2013183655632, 16.857261255687913, 2.9912647945350823], [14.56307125753596, 7.63105331425141, 2.677490623063557]]
Attitude: [[0.0, 0.0, 0.0], [0.8434728410597166, 1.2422312953632766, 0.8316455994328315], [1.223282269173871, 0.38775477269951003, 1.4057752873543499], [0.5069175043207065, 1.0949344880442036, 1.4093618733327953]]
Save Location: maps/map1721/test.txt
