Path: 2000
Path Score: 4.152229697343071
Waypoints: [[1.0, 1.0, 1.0], [1.6574939373145603, 7.640942564656317, 6.853106441814953], [15.44249175683154, 18.284183195920107, 9.161844399110448], [29.0, 29.0, 14.0]]
Velocity: [[0.0, 0.0, 0.0], [0.6574939373145603, 6.640942564656317, 5.853106441814953], [13.78499781951698, 10.64324063126379, 2.308737957295495], [13.55750824316846, 10.715816804079893, 4.838155600889552]]
Attitude: [[0.0, 0.0, 0.0], [1.4966576018134188, 0.7255359120981532, 0.8507902510389312], [0.6686412777249267, 0.9199867271119543, 1.4389979318558042], [0.714409075190648, 0.9308782745117469, 1.2978165450117953]]
Save Location: maps/map1932/test.txt
