Path: 2090
Path Score: 4.274464511972168
Waypoints: [[1.0, 1.0, 1.0], [2.1051801977178286, 12.705542697858661, 1.33533427386211], [10.30043474338533, 16.763297732058618, 6.875926560339274], [29.0, 29.0, 14.0]]
Velocity: [[0.0, 0.0, 0.0], [1.1051801977178286, 11.705542697858661, 0.3353342738621099], [8.1952545456675, 4.057755034199957, 5.540592286477164], [18.69956525661467, 12.236702267941382, 7.124073439660726]]
Attitude: [[0.0, 0.0, 0.0], [1.4766986395106851, 0.09834724994807642, 1.5422834159518], [0.6974823499653472, 1.1815385898789612, 1.026069786622398], [0.6480970733888322, 1.0219569516917306, 1.2621948308972217]]
Save Location: maps/map1027/test.txt
