Path: 1167
Path Score: 4.127389747831659
Waypoints: [[1.0, 1.0, 1.0], [7.244355243304841, 4.686769508950413, 5.732290508395203], [27.392959345270903, 23.005156066345783, 14.43568391042985], [29.0, 29.0, 14.0]]
Velocity: [[0.0, 0.0, 0.0], [6.244355243304841, 3.6867695089504133, 4.732290508395203], [20.14860410196606, 18.31838655739537, 8.703393402034646], [1.6070406547290972, 5.9948439336542165, -0.4356839104298498]]
Attitude: [[0.0, 0.0, 0.0], [0.7653529368027897, 1.1309818444795048, 0.9925991767107255], [0.7886688557358226, 0.8752955507756999, 1.261444505559649], [1.309541788024109, 0.27091869121991397, 1.6408792813009851]]
Save Location: maps/map2091/test.txt
