Path: 660
Path Score: 4.232187236585381
Waypoints: [[1.0, 1.0, 1.0], [12.65259495451803, 15.504691539838976, 1.3902173466937446], [24.539485932888955, 19.73672816277327, 8.00225603479158], [29.0, 29.0, 14.0]]
Velocity: [[0.0, 0.0, 0.0], [11.65259495451803, 14.504691539838976, 0.39021734669374464], [11.886890978370925, 4.232036622934295, 6.612038688097836], [4.4605140671110455, 9.263271837226728, 5.99774396520842]]
Attitude: [[0.0, 0.0, 0.0], [0.8941821376993422, 0.6770644370273821, 1.5498263094141658], [0.583670521636275, 1.2691591195040712, 1.0881134787032662], [1.1866756395694507, 0.678936129498745, 1.0426972103159322]]
Save Location: maps/map1324/test.txt
