Path: 2084
Path Score: 4.255074017373482
Waypoints: [[1.0, 1.0, 1.0], [2.1051801977178286, 12.705542697858661, 1.33533427386211], [14.664796282188101, 21.28024012885323, 5.468764640312363], [29.0, 29.0, 14.0]]
Velocity: [[0.0, 0.0, 0.0], [1.1051801977178286, 11.705542697858661, 0.3353342738621099], [12.559616084470273, 8.574697430994568, 4.133430366450254], [14.335203717811899, 7.7197598711467705, 8.531235359687637]]
Attitude: [[0.0, 0.0, 0.0], [1.4766986395106851, 0.09834724994807642, 1.5422834159518], [0.6485395510253156, 0.9954743813783595, 1.3054063373179992], [0.6763273336917041, 1.1373758967665009, 1.0881508960767203]]
Save Location: maps/map1167/test.txt
