Path: 1958
Path Score: 4.22130201416728
Waypoints: [[1.0, 1.0, 1.0], [7.908661902969909, 13.249370598681029, 5.122888052721978], [25.89146789512382, 17.947079052650324, 10.291630941969098], [29.0, 29.0, 14.0]]
Velocity: [[0.0, 0.0, 0.0], [6.908661902969909, 12.249370598681029, 4.122888052721978], [17.982805992153914, 4.697708453969295, 5.16874288924712], [3.108532104876179, 11.052920947349676, 3.708369058030902]]
Attitude: [[0.0, 0.0, 0.0], [1.0799032623057099, 0.5811391675180452, 1.2856207472042467], [0.37046939829702763, 1.3248125389930578, 1.2995554233192734], [1.3102246373088302, 0.4126571490004325, 1.2583924394013435]]
Save Location: maps/map1401/test.txt
