Path: 289
Path Score: 4.139958895280754
Waypoints: [[1.0, 1.0, 1.0], [10.236205802881091, 6.726958385030271, 8.616461550781413], [20.24894541404868, 13.704934531749169, 10.28792228211892], [29.0, 29.0, 14.0]]
Velocity: [[0.0, 0.0, 0.0], [9.236205802881091, 5.726958385030271, 7.616461550781413], [10.01273961116759, 6.977976146718897, 1.6714607313375076], [8.75105458595132, 15.295065468250831, 3.7120777178810798]]
Attitude: [[0.0, 0.0, 0.0], [0.801018365502451, 1.1245932303302049, 0.9595076706588436], [0.6217961191080709, 0.968578372485915, 1.4346873939449785], [1.0633520659267364, 0.5560751825583984, 1.3631766434720947]]
Save Location: maps/map2000/test.txt
