Path: 2408
Path Score: 4.191625863189049
Waypoints: [[1.0, 1.0, 1.0], [12.422424952449036, 7.364456284222653, 4.120550879483655], [17.427868364228836, 16.4750747584921, 4.825948732556496], [29.0, 29.0, 14.0]]
Velocity: [[0.0, 0.0, 0.0], [11.422424952449036, 6.364456284222653, 3.1205508794836554], [5.005443411779799, 9.110618474269446, 0.7053978530728404], [11.572131635771164, 12.524925241507901, 9.174051267443504]]
Attitude: [[0.0, 0.0, 0.0], [0.5554007765856399, 1.0776065097557235, 1.3365284239372268], [1.0696681870314417, 0.5065488596904103, 1.503041425247201], [0.930265420446883, 0.8673805595008431, 1.0772217983493675]]
Save Location: maps/map1636/test.txt
