Path: 1861
Path Score: 4.259733268469772
Waypoints: [[1.0, 1.0, 1.0], [5.142904841761517, 4.732071187514425, 9.090826078056057], [15.684579521262053, 24.294407344774495, 11.460625578176513], [29.0, 29.0, 14.0]]
Velocity: [[0.0, 0.0, 0.0], [4.142904841761517, 3.732071187514425, 8.090826078056057], [10.541674679500536, 19.56233615726007, 2.3697995001204557], [13.315420478737947, 4.705592655225505, 2.539374421823487]]
Attitude: [[0.0, 0.0, 0.0], [1.1355654236864037, 1.1812058528805445, 0.6034260736599171], [1.079569517067732, 0.5046262295355695, 1.464555234994844], [0.38185806857320004, 1.2366735425670707, 1.3928860386768187]]
Save Location: maps/map1140/test.txt
