Path: 709
Path Score: 4.264722299058267
Waypoints: [[1.0, 1.0, 1.0], [7.279071891786115, 11.99037003440958, 7.619831722996372], [20.852071857601725, 15.195208825034904, 7.612944235060696], [29.0, 29.0, 14.0]]
Velocity: [[0.0, 0.0, 0.0], [6.279071891786115, 10.99037003440958, 6.619831722996372], [13.57299996581561, 3.204838790625324, -0.006887487935675729], [8.147928142398275, 13.804791174965096, 6.387055764939304]]
Attitude: [[0.0, 0.0, 0.0], [1.115662030937802, 0.6928797362779866, 1.088924427386206], [0.23187234338953583, 1.3389245286722677, 1.5712901869692062], [1.0790221355094318, 0.643470475899189, 1.1916321938329075]]
Save Location: maps/map1093/test.txt
