Path: 807
Path Score: 4.332826072089354
Waypoints: [[1.0, 1.0, 1.0], [4.844954787942095, 14.493280729732227, 5.905721797057641], [8.962504318780672, 19.70715034496878, 6.76140850408924], [29.0, 29.0, 14.0]]
Velocity: [[0.0, 0.0, 0.0], [3.844954787942095, 13.493280729732227, 4.905721797057641], [4.117549530838577, 5.213869615236554, 0.855686707031599], [20.037495681219326, 9.292849655031219, 7.23859149591076]]
Attitude: [[0.0, 0.0, 0.0], [1.3091332202726853, 0.43273101466224884, 1.2344339666278068], [0.9088024785988077, 0.6787540924806211, 1.4427046535418735], [0.5314510518725527, 1.159491135048408, 1.2541033357169327]]
Save Location: maps/map669/test.txt
