Path: 1515
Path Score: 4.531540336817246
Waypoints: [[1.0, 1.0, 1.0], [0.8300875511549277, 1.6500330013832676, 11.560854587793756], [14.43692874246404, 21.36894668574859, 11.322509376936443], [29.0, 29.0, 14.0]]
Velocity: [[0.0, 0.0, 0.0], [-0.16991244884507228, 0.6500330013832676, 10.560854587793756], [13.606841191309112, 19.718913684365322, -0.23834521085731275], [14.56307125753596, 7.63105331425141, 2.677490623063557]]
Attitude: [[0.0, 0.0, 0.0], [1.5868534482018404, 1.5093306408644638, 0.06353355267918272], [0.9668203267428558, 0.6040818506681808, 1.5807444942199707], [0.5069175043207065, 1.0949344880442036, 1.4093618733327953]]
Save Location: maps/map64/test.txt
