Path: 2103
Path Score: 4.356824205556268
Waypoints: [[1.0, 1.0, 1.0], [2.1051801977178286, 12.705542697858661, 1.33533427386211], [11.225244532442668, 18.039136413409185, 1.6937355284165434], [29.0, 29.0, 14.0]]
Velocity: [[0.0, 0.0, 0.0], [1.1051801977178286, 11.705542697858661, 0.3353342738621099], [9.12006433472484, 5.333593715550524, 0.3584012545544335], [17.774755467557334, 10.960863586590815, 12.306264471583457]]
Attitude: [[0.0, 0.0, 0.0], [1.4766986395106851, 0.09834724994807642, 1.5422834159518], [0.5301649537902969, 1.0419497333916048, 1.536886422278449], [0.7476130628336437, 1.101565407758508, 1.0382760933131312]]
Save Location: maps/map544/test.txt
