Path: 1852
Path Score: 4.3160439260806935
Waypoints: [[1.0, 1.0, 1.0], [5.142904841761517, 4.732071187514425, 9.090826078056057], [11.40378861351021, 23.288761880938765, 11.804403224732908], [29.0, 29.0, 14.0]]
Velocity: [[0.0, 0.0, 0.0], [4.142904841761517, 3.732071187514425, 8.090826078056057], [6.260883771748693, 18.55669069342434, 2.713577146676851], [17.59621138648979, 5.711238119061235, 2.1955967752670915]]
Attitude: [[0.0, 0.0, 0.0], [1.1355654236864037, 1.1812058528805445, 0.6034260736599171], [1.2485882683170928, 0.35237209130824365, 1.433114977939764], [0.33465120952432154, 1.2592127196021017, 1.4526670982553629]]
Save Location: maps/map753/test.txt
