Path: 2176
Path Score: 4.135078066176561
Waypoints: [[1.0, 1.0, 1.0], [5.839689469355285, 6.231079992564079, 1.4400139470819306], [10.98841998167141, 13.67984788740044, 4.669955467169109], [29.0, 29.0, 14.0]]
Velocity: [[0.0, 0.0, 0.0], [4.839689469355285, 5.231079992564079, 0.44001394708193065], [5.148730512316124, 7.448767894836361, 3.229941520087178], [18.01158001832859, 15.32015211259956, 9.330044532830891]]
Attitude: [[0.0, 0.0, 0.0], [0.8259996858182699, 0.748605830934555, 1.5091311358387776], [1.0056332908719443, 0.6844045979629078, 1.2281639961535986], [0.7833397152626365, 0.9239381699714816, 1.1949753614469707]]
Save Location: maps/map2037/test.txt
