Path: 1858
Path Score: 4.321370140105668
Waypoints: [[1.0, 1.0, 1.0], [5.142904841761517, 4.732071187514425, 9.090826078056057], [8.698977053221993, 19.48629808039675, 13.371846165404145], [29.0, 29.0, 14.0]]
Velocity: [[0.0, 0.0, 0.0], [4.142904841761517, 3.732071187514425, 8.090826078056057], [3.556072211460476, 14.754226892882325, 4.281020087348088], [20.301022946778005, 9.51370191960325, 0.6281538345958548]]
Attitude: [[0.0, 0.0, 0.0], [1.1355654236864037, 1.1812058528805445, 0.6034260736599171], [1.3433288745673644, 0.3606995388124177, 1.2958616767848172], [0.4390758398022054, 1.132740622989748, 1.5427856888103315]]
Save Location: maps/map729/test.txt
