Path: 1634
Path Score: 4.060940105423132
Waypoints: [[1.0, 1.0, 1.0], [10.36013664890983, 5.847929453477029, 2.4421408215587084], [24.29282605726432, 17.273783965333514, 9.528106741585457], [29.0, 29.0, 14.0]]
Velocity: [[0.0, 0.0, 0.0], [9.36013664890983, 4.847929453477029, 1.4421408215587084], [13.932689408354491, 11.425854511856485, 7.085965920026749], [4.707173942735679, 11.726216034666486, 4.471893258414543]]
Attitude: [[0.0, 0.0, 0.0], [0.49541529610661705, 1.0976792558885609, 1.4348290922750935], [0.7675770384659415, 0.9395859920824697, 1.1961151651239164], [1.2119605623526288, 0.5056733733733509, 1.2306436859371142]]
Save Location: maps/map2393/test.txt
