# Note +ve X is north
# Note +ve Y is West
# x, y, height
# waypoints
G: (11.0,-17.0,15)
G: (14.041794905704176,-18.191788988646948,15)
G: (17.077268678692796,-18.313077630255655,15)
G: (20.31184456566649,-19.83377372176414,15)
G: (23.518050983451474,-20.149341954938663,15)
G: (26.95364978056222,-19.288206394048643,15)
G: (29.0,-17.0,15)


# wall segments
# x1, y1, x2, y2, z
W: (40.0,-14.6,32.0,-20.6,3)
W: (32.0,-20.6,4.0,-16.6,3)
W: (4.0,-16.6,0.0,-14.6,3)
W: (0.0,-7.399999999999999,20.0,-11.4,3)
W: (20.0,-11.4,30.0,-11.4,3)
W: (30.0,-11.4,40.0,-7.399999999999999,3)


# environment settings
R: (0)
D: (1)
