# Note +ve X is north
# Note +ve Y is West
# x, y, height
# waypoints
G: (11.0,-17.0,15)
G: (14.77162236071025,-18.041508200611734,15)
G: (18.701327448814844,-18.197823585113113,15)
G: (22.567913154496317,-19.187432123258407,15)
G: (25.65055642216548,-18.968950491277777,15)
G: (29.0,-17.0,15)


# wall segments
# x1, y1, x2, y2, z
W: (40.0,-14.6,28.0,-18.6,3)
W: (28.0,-18.6,0.0,-14.6,3)
W: (0.0,-7.399999999999999,30.4,-11.0,3)
W: (30.4,-11.0,40.0,-7.399999999999999,3)


# environment settings
R: (0)
D: (1)
