Path: 2229
Path Score: 4.109558842107427
Waypoints: [[1.0, 1.0, 1.0], [5.7591996310330025, 10.496060591014656, 1.1961851557501069], [24.231363728279373, 24.064238050008328, 9.859876317962396], [29.0, 29.0, 14.0]]
Velocity: [[0.0, 0.0, 0.0], [4.7591996310330025, 9.496060591014656, 0.19618515575010687], [18.47216409724637, 13.568177458993672, 8.663691162212288], [4.768636271720627, 4.935761949991672, 4.140123682037604]]
Attitude: [[0.0, 0.0, 0.0], [1.1062936554501903, 0.46492826404694765, 1.5523285842779897], [0.7168381137183176, 0.9839411388779036, 1.209397561166376], [0.9335872338350895, 0.9073880140782924, 1.02799260384737]]
Save Location: maps/map2203/test.txt
