Path: 1594
Path Score: 4.15508382483843
Waypoints: [[1.0, 1.0, 1.0], [5.1328300726842055, 6.167067988359742, 4.338023583503114], [12.699318080032214, 19.485873547121262, 13.643108962855027], [29.0, 29.0, 14.0]]
Velocity: [[0.0, 0.0, 0.0], [4.1328300726842055, 5.167067988359742, 3.338023583503114], [7.566488007348008, 13.31880555876152, 9.305085379351913], [16.300681919967786, 9.514126452878738, 0.3568910371449725]]
Attitude: [[0.0, 0.0, 0.0], [0.9792202736645594, 0.799275207152919, 1.1035589735254734], [1.1349574846088704, 0.7330744884294829, 1.024910089084217], [0.5286275051045267, 1.042579273198718, 1.5518895222311728]]
Save Location: maps/map1917/test.txt
