Path: 125
Path Score: 4.189990659371499
Waypoints: [[1.0, 1.0, 1.0], [6.844542921659472, 12.575654287568902, 0.7512941296865822], [24.539485932888955, 19.73672816277327, 8.00225603479158], [29.0, 29.0, 14.0]]
Velocity: [[0.0, 0.0, 0.0], [5.844542921659472, 11.575654287568902, -0.24870587031341784], [17.694943011229483, 7.161073875204369, 7.250961905104998], [4.4605140671110455, 9.263271837226728, 5.99774396520842]]
Attitude: [[0.0, 0.0, 0.0], [1.103329579532339, 0.4679236243581791, 1.5899732357353402], [0.5225328300957633, 1.212485788690217, 1.2077810969888787], [1.1866756395694507, 0.678936129498745, 1.0426972103159322]]
Save Location: maps/map1647/test.txt
