Path: 540
Path Score: 4.192926494207351
Waypoints: [[1.0, 1.0, 1.0], [9.981785049321614, 2.094242845092411, 3.906087432644374], [19.389288025563584, 16.06728025107769, 3.2087782934268243], [29.0, 29.0, 14.0]]
Velocity: [[0.0, 0.0, 0.0], [8.981785049321614, 1.094242845092411, 2.906087432644374], [9.40750297624197, 13.973037405985279, -0.6973091392175497], [9.610711974436416, 12.93271974892231, 10.791221706573175]]
Attitude: [[0.0, 0.0, 0.0], [0.33286566125405836, 1.4553984883962245, 1.2600245384619229], [0.9788182205626713, 0.5938239288932767, 1.612168841026263], [1.0522852008502876, 0.8407680585630531, 0.9806749590669072]]
Save Location: maps/map1625/test.txt
