Path: 216
Path Score: 4.390488910225192
Waypoints: [[1.0, 1.0, 1.0], [0.1034748464100077, 6.396090427855569, 9.25430405624771], [12.704603846584774, 19.922199713463662, 8.33279809450805], [29.0, 29.0, 14.0]]
Velocity: [[0.0, 0.0, 0.0], [-0.8965251535899923, 5.396090427855569, 8.25430405624771], [12.601129000174767, 13.526109285608094, -0.9215059617396602], [16.295396153415226, 9.077800286536338, 5.66720190549195]]
Attitude: [[0.0, 0.0, 0.0], [1.6614577493511176, 0.9944855483118206, 0.5852456997051783], [0.8219409699530779, 0.7513402126777491, 1.620603089902376], [0.5810873343497762, 1.0864359774071253, 1.2758411019683804]]
Save Location: maps/map393/test.txt
