Path: 1953
Path Score: 4.460125146796877
Waypoints: [[1.0, 1.0, 1.0], [7.908661902969909, 13.249370598681029, 5.122888052721978], [9.057942771808293, 22.483164120725405, 13.633419250864584], [29.0, 29.0, 14.0]]
Velocity: [[0.0, 0.0, 0.0], [6.908661902969909, 12.249370598681029, 4.122888052721978], [1.1492808688383835, 9.233793522044376, 8.510531198142607], [19.942057228191707, 6.516835879274595, 0.36658074913541583]]
Attitude: [[0.0, 0.0, 0.0], [1.0799032623057099, 0.5811391675180452, 1.2856207472042467], [1.479529480611636, 0.7491651428081232, 0.8299650047711444], [0.3163154151017467, 1.2549974740262801, 1.5533251264663486]]
Save Location: maps/map194/test.txt
