Path: 333
Path Score: 4.166759776728528
Waypoints: [[1.0, 1.0, 1.0], [11.62421921707525, 9.637940007438962, 4.108292062461251], [22.610660907061256, 12.829583706462888, 7.646387831785042], [29.0, 29.0, 14.0]]
Velocity: [[0.0, 0.0, 0.0], [10.62421921707525, 8.637940007438962, 3.108292062461251], [10.986441689986005, 3.191643699023926, 3.5380957693237916], [6.389339092938744, 16.170416293537112, 6.353612168214958]]
Attitude: [[0.0, 0.0, 0.0], [0.7126112608988734, 0.9081638967287853, 1.3475745118170808], [0.4092261650024923, 1.3010156985933923, 1.2708691015160445], [1.2183916059253201, 0.5083781419888332, 1.2204471921007194]]
Save Location: maps/map1825/test.txt
