Path: 1032
Path Score: 4.2473613784612425
Waypoints: [[1.0, 1.0, 1.0], [5.124139793286082, 11.529276214212281, 3.1169525438428494], [19.747287023046923, 29.82416487797133, 10.432454096489826], [29.0, 29.0, 14.0]]
Velocity: [[0.0, 0.0, 0.0], [4.124139793286082, 10.529276214212281, 2.1169525438428494], [14.623147229760841, 18.29488866375905, 7.315501552646976], [9.252712976953077, -0.8241648779713309, 3.567545903510174]]
Attitude: [[0.0, 0.0, 0.0], [1.2041596665548568, 0.4147337109116922, 1.3857324418142094], [0.9323266290571184, 0.7293475409221798, 1.2680489784866764], [0.3768134483966241, 1.6537149137271474, 1.2041176775046736]]
Save Location: maps/map1210/test.txt
