Path: 1744
Path Score: 4.161606501167816
Waypoints: [[1.0, 1.0, 1.0], [10.805725952785512, 11.283487147150078, 0.7484718343695662], [18.441097262136424, 17.537267266708554, 6.281086639361177], [29.0, 29.0, 14.0]]
Velocity: [[0.0, 0.0, 0.0], [9.805725952785512, 10.283487147150078, -0.2515281656304338], [7.635371309350912, 6.253780119558476, 5.53261480499161], [10.558902737863576, 11.462732733291446, 7.718913360638823]]
Attitude: [[0.0, 0.0, 0.0], [0.8093250089126587, 0.7617849255869302, 1.5884962164824006], [0.8300631996062926, 0.9851700875756731, 1.0598724240639892], [0.9183550643402842, 0.8511782172620342, 1.1109269665548651]]
Save Location: maps/map1873/test.txt
