Path: 1652
Path Score: 4.173054026097269
Waypoints: [[1.0, 1.0, 1.0], [10.36013664890983, 5.847929453477029, 2.4421408215587084], [14.68158349565293, 13.843237883893032, 6.016948201033536], [29.0, 29.0, 14.0]]
Velocity: [[0.0, 0.0, 0.0], [9.36013664890983, 4.847929453477029, 1.4421408215587084], [4.3214468467431, 7.995308430416003, 3.5748073794748274], [14.31841650434707, 15.156762116106968, 7.983051798966464]]
Attitude: [[0.0, 0.0, 0.0], [0.49541529610661705, 1.0976792558885609, 1.4348290922750935], [1.112423964414895, 0.6117060766503184, 1.196048499092154], [0.8745806038813252, 0.824576452033356, 1.2051434100274334]]
Save Location: maps/map1779/test.txt
