Path: 1658
Path Score: 4.353209967981114
Waypoints: [[1.0, 1.0, 1.0], [1.4862613186235762, 5.302297197202417, 9.54279168299124], [15.44249175683154, 18.284183195920107, 9.161844399110448], [29.0, 29.0, 14.0]]
Velocity: [[0.0, 0.0, 0.0], [0.48626131862357624, 4.302297197202417, 8.54279168299124], [13.956230438207964, 12.98188599871769, -0.3809472838807917], [13.55750824316846, 10.715816804079893, 4.838155600889552]]
Attitude: [[0.0, 0.0, 0.0], [1.520002440634727, 1.1049085373684124, 0.46909167611999897], [0.7494588162070404, 0.8217378418486495, 1.5907797985383434], [0.714409075190648, 0.9308782745117469, 1.2978165450117953]]
Save Location: maps/map560/test.txt
