Path: 1633
Path Score: 4.092860635594125
Waypoints: [[1.0, 1.0, 1.0], [10.36013664890983, 5.847929453477029, 2.4421408215587084], [22.610660907061256, 12.829583706462888, 7.646387831785042], [29.0, 29.0, 14.0]]
Velocity: [[0.0, 0.0, 0.0], [9.36013664890983, 4.847929453477029, 1.4421408215587084], [12.250524258151426, 6.981654252985859, 5.204247010226334], [6.389339092938744, 16.170416293537112, 6.353612168214958]]
Attitude: [[0.0, 0.0, 0.0], [0.49541529610661705, 1.0976792558885609, 1.4348290922750935], [0.6179504001601077, 1.0877124028572556, 1.2172194198550719], [1.2183916059253201, 0.5083781419888332, 1.2204471921007194]]
Save Location: maps/map2282/test.txt
