Path: 1517
Path Score: 4.514952653282105
Waypoints: [[1.0, 1.0, 1.0], [0.8300875511549277, 1.6500330013832676, 11.560854587793756], [7.177206899450002, 15.45719743824309, 14.540668792615357], [29.0, 29.0, 14.0]]
Velocity: [[0.0, 0.0, 0.0], [-0.16991244884507228, 0.6500330013832676, 10.560854587793756], [6.347119348295074, 13.807164436859823, 2.9798142048216008], [21.822793100549998, 13.54280256175691, -0.5406687926153566]]
Attitude: [[0.0, 0.0, 0.0], [1.5868534482018404, 1.5093306408644638, 0.06353355267918272], [1.1484814578245794, 0.46989766735000243, 1.3771634228255152], [0.5557718496340723, 1.0155187584190801, 1.591844435500265]]
Save Location: maps/map94/test.txt
