Path: 2442
Path Score: 4.060228098312143
Waypoints: [[1.0, 1.0, 1.0], [12.422424952449036, 7.364456284222653, 4.120550879483655], [22.31107341157168, 20.857103800923483, 7.836819148340205], [29.0, 29.0, 14.0]]
Velocity: [[0.0, 0.0, 0.0], [11.422424952449036, 6.364456284222653, 3.1205508794836554], [9.888648459122644, 13.49264751670083, 3.71626826885655], [6.68892658842832, 8.142896199076517, 6.163180851659795]]
Attitude: [[0.0, 0.0, 0.0], [0.5554007765856399, 1.0776065097557235, 1.3365284239372268], [0.9556675694129477, 0.6642501321226629, 1.3521921863925874], [0.9909241630968201, 0.8405978425021317, 1.041586930795209]]
Save Location: maps/map2395/test.txt
