Path: 179
Path Score: 4.365908530892797
Waypoints: [[1.0, 1.0, 1.0], [0.8689948832512862, 4.64282219210965, 7.776103442790986], [13.095324436113561, 15.033365545267669, 6.706312039110363], [29.0, 29.0, 14.0]]
Velocity: [[0.0, 0.0, 0.0], [-0.13100511674871385, 3.6428221921096497, 6.776103442790986], [12.226329552862275, 10.39054335315802, -1.0697914036806226], [15.904675563886439, 13.966634454732331, 7.293687960889637]]
Attitude: [[0.0, 0.0, 0.0], [1.5878233126910848, 1.077602275761293, 0.4935415452562085], [0.7070095763431559, 0.8682706707334023, 1.6373716501636366], [0.7807156099511975, 0.8971446612687055, 1.2389541045829986]]
Save Location: maps/map491/test.txt
