Path: 1980
Path Score: 4.352813507870604
Waypoints: [[1.0, 1.0, 1.0], [7.908661902969909, 13.249370598681029, 5.122888052721978], [9.662916602314, 22.21326367479614, 9.15459432162151], [29.0, 29.0, 14.0]]
Velocity: [[0.0, 0.0, 0.0], [6.908661902969909, 12.249370598681029, 4.122888052721978], [1.7542546993440915, 8.96389307611511, 4.031706268899532], [19.337083397686, 6.7867363252038615, 4.845405678378491]]
Attitude: [[0.0, 0.0, 0.0], [1.0799032623057099, 0.5811391675180452, 1.2856207472042467], [1.3941756915825096, 0.4560219022221838, 1.1551183380977972], [0.40714433808387096, 1.242659214067075, 1.3386234911715096]]
Save Location: maps/map565/test.txt
