Path: 449
Path Score: 4.303028371815053
Waypoints: [[1.0, 1.0, 1.0], [11.29885047226655, 13.922680563011099, 6.0742347128672325], [15.326606466973086, 21.339557800606936, 5.709370475713641], [29.0, 29.0, 14.0]]
Velocity: [[0.0, 0.0, 0.0], [10.29885047226655, 12.922680563011099, 5.0742347128672325], [4.027755994706537, 7.416877237595838, -0.36486423715359173], [13.673393533026914, 7.660442199393064, 8.29062952428636]]
Attitude: [[0.0, 0.0, 0.0], [0.932550665210745, 0.7263919285052141, 1.2728643435485965], [1.0738091671435595, 0.49920943274484325, 1.6140000024102628], [0.690120256163992, 1.1240390241586073, 1.0842390444713212]]
Save Location: maps/map846/test.txt
