Path: 2423
Path Score: 4.392737049560438
Waypoints: [[1.0, 1.0, 1.0], [12.422424952449036, 7.364456284222653, 4.120550879483655], [11.40378861351021, 23.288761880938765, 11.804403224732908], [29.0, 29.0, 14.0]]
Velocity: [[0.0, 0.0, 0.0], [11.422424952449036, 6.364456284222653, 3.1205508794836554], [-1.0186363389388262, 15.924305596716112, 7.683852345249253], [17.59621138648979, 5.711238119061235, 2.1955967752670915]]
Attitude: [[0.0, 0.0, 0.0], [0.5554007765856399, 1.0776065097557235, 1.3365284239372268], [1.6283439582430095, 0.4529875749537111, 1.1220259978027791], [0.33465120952432154, 1.2592127196021017, 1.4526670982553629]]
Save Location: maps/map386/test.txt
