Path: 1042
Path Score: 4.183122713357243
Waypoints: [[1.0, 1.0, 1.0], [5.124139793286082, 11.529276214212281, 3.1169525438428494], [24.80078989068509, 16.52228778449424, 8.560347909072977], [29.0, 29.0, 14.0]]
Velocity: [[0.0, 0.0, 0.0], [4.124139793286082, 10.529276214212281, 2.1169525438428494], [19.676650097399005, 4.993011570281958, 5.443395365230128], [4.199210109314912, 12.477712215505761, 5.439652090927023]]
Attitude: [[0.0, 0.0, 0.0], [1.2041596665548568, 0.4147337109116922, 1.3857324418142094], [0.3591172224252813, 1.3309374261767315, 1.308815128269596], [1.2715632840353657, 0.5034073100322944, 1.1789804677621314]]
Save Location: maps/map1700/test.txt
