Path: 1873
Path Score: 4.256953501578044
Waypoints: [[1.0, 1.0, 1.0], [5.142904841761517, 4.732071187514425, 9.090826078056057], [24.539485932888955, 19.73672816277327, 8.00225603479158], [29.0, 29.0, 14.0]]
Velocity: [[0.0, 0.0, 0.0], [4.142904841761517, 3.732071187514425, 8.090826078056057], [19.396581091127437, 15.004656975258847, -1.0885700432644771], [4.4605140671110455, 9.263271837226728, 5.99774396520842]]
Attitude: [[0.0, 0.0, 0.0], [1.1355654236864037, 1.1812058528805445, 0.6034260736599171], [0.6596881637793475, 0.9131396753078997, 1.6151573481480133], [1.1866756395694507, 0.678936129498745, 1.0426972103159322]]
Save Location: maps/map1152/test.txt
