Path: 1703
Path Score: 4.308620866051369
Waypoints: [[1.0, 1.0, 1.0], [10.805725952785512, 11.283487147150078, 0.7484718343695662], [18.1367759330625, 27.51943688599429, 5.760318237087204], [29.0, 29.0, 14.0]]
Velocity: [[0.0, 0.0, 0.0], [9.805725952785512, 10.283487147150078, -0.2515281656304338], [7.331049980276987, 16.235949738844212, 5.011846402717637], [10.863224066937502, 1.4805631140057116, 8.239681762912795]]
Attitude: [[0.0, 0.0, 0.0], [0.8093250089126587, 0.7617849255869302, 1.5884962164824006], [1.1634804056942558, 0.5005092487199542, 1.2965474117363616], [0.6565808947189486, 1.462631373986738, 0.9263070006364166]]
Save Location: maps/map803/test.txt
