Path: 1605
Path Score: 4.187814529046615
Waypoints: [[1.0, 1.0, 1.0], [10.36013664890983, 5.847929453477029, 2.4421408215587084], [28.580074351282803, 14.872208336339622, 10.610098631150464], [29.0, 29.0, 14.0]]
Velocity: [[0.0, 0.0, 0.0], [9.36013664890983, 4.847929453477029, 1.4421408215587084], [18.219937702372974, 9.024278882862593, 8.167957809591755], [0.4199256487171965, 14.127791663660378, 3.389901368849536]]
Attitude: [[0.0, 0.0, 0.0], [0.49541529610661705, 1.0976792558885609, 1.4348290922750935], [0.5889592380857348, 1.146314197762162, 1.1888058158434616], [1.5419013819474265, 0.2372269626522856, 1.3354029484393914]]
Save Location: maps/map1662/test.txt
