Path: 368
Path Score: 4.476930817211833
Waypoints: [[1.0, 1.0, 1.0], [5.0694130019156045, 0.10947803648002186, 11.387112714668532], [17.21982023619961, 8.006705393204069, 10.081471535117235], [29.0, 29.0, 14.0]]
Velocity: [[0.0, 0.0, 0.0], [4.0694130019156045, -0.8905219635199781, 10.387112714668532], [12.150407234284005, 7.897227356724047, -1.3056411795512979], [11.78017976380039, 20.99329460679593, 3.9185284648827654]]
Attitude: [[0.0, 0.0, 0.0], [1.1986423454069668, 1.65045321960768, 0.3814078923026202], [0.5825218316375417, 0.9970720778340291, 1.660651814185903], [1.0667154657863167, 0.5340499258370055, 1.4094321512942536]]
Save Location: maps/map161/test.txt
