Path: 953
Path Score: 4.190875825598605
Waypoints: [[1.0, 1.0, 1.0], [7.03200889148945, 11.212381035806049, 2.4091861245466912], [16.0492409098564, 24.532128528212887, 5.259776536804952], [29.0, 29.0, 14.0]]
Velocity: [[0.0, 0.0, 0.0], [6.03200889148945, 10.212381035806049, 1.4091861245466912], [9.01723201836695, 13.319747492406838, 2.850590412258261], [12.950759090143599, 4.467871471787113, 8.740223463195047]]
Attitude: [[0.0, 0.0, 0.0], [1.0413956223611207, 0.5452295055399751, 1.4525400011168248], [0.9860370954765696, 0.6174087895947408, 1.3953966798877406], [0.6485671725677874, 1.2922699173049879, 1.0029155967308279]]
Save Location: maps/map1639/test.txt
