Path: 300
Path Score: 4.072245128411415
Waypoints: [[1.0, 1.0, 1.0], [11.62421921707525, 9.637940007438962, 4.108292062461251], [25.428707168258946, 19.405189246924685, 11.09112041789754], [29.0, 29.0, 14.0]]
Velocity: [[0.0, 0.0, 0.0], [10.62421921707525, 8.637940007438962, 3.108292062461251], [13.804487951183695, 9.767249239485723, 6.98282835543629], [3.5712928317410544, 9.594810753075315, 2.9088795821024593]]
Attitude: [[0.0, 0.0, 0.0], [0.7126112608988734, 0.9081638967287853, 1.3475745118170808], [0.715855887700293, 1.0076342254893684, 1.1791933522489837], [1.228608075856676, 0.4475659367165343, 1.29396325921033]]
Save Location: maps/map2365/test.txt
