Path: 2491
Path Score: 4.2557658297203
Waypoints: [[1.0, 1.0, 1.0], [12.386106231445222, 1.1077460717588705, 7.4490524792482224], [22.31107341157168, 20.857103800923483, 7.836819148340205], [29.0, 29.0, 14.0]]
Velocity: [[0.0, 0.0, 0.0], [11.386106231445222, 0.10774607175887052, 6.4490524792482224], [9.924967180126458, 19.74935772916461, 0.38776666909198276], [6.68892658842832, 8.142896199076517, 6.163180851659795]]
Attitude: [[0.0, 0.0, 0.0], [0.5154044449224107, 1.562562589250552, 1.0554709245652716], [1.1051910492441839, 0.4659886504487372, 1.5532544956139567], [0.9909241630968201, 0.8405978425021317, 1.041586930795209]]
Save Location: maps/map1161/test.txt
