Path: 67
Path Score: 4.193830826076444
Waypoints: [[1.0, 1.0, 1.0], [6.844542921659472, 12.575654287568902, 0.7512941296865822], [21.908711729896172, 25.238135856299944, 5.545207600887396], [29.0, 29.0, 14.0]]
Velocity: [[0.0, 0.0, 0.0], [5.844542921659472, 11.575654287568902, -0.24870587031341784], [15.064168808236701, 12.662481568731042, 4.793913471200814], [7.091288270103828, 3.7618641437000555, 8.454792399112604]]
Attitude: [[0.0, 0.0, 0.0], [1.103329579532339, 0.4679236243581791, 1.5899732357353402], [0.7321479919750253, 0.8954528827059106, 1.3318463321816674], [0.9169442204311326, 1.2422469685705426, 0.7594689249536318]]
Save Location: maps/map1621/test.txt
