Path: 1288
Path Score: 4.58210321502556
Waypoints: [[1.0, 1.0, 1.0], [11.681123338592288, 14.089788280863255, 4.111381059339743], [10.154931135603169, 27.558570916545424, 10.904913587202246], [29.0, 29.0, 14.0]]
Velocity: [[0.0, 0.0, 0.0], [10.681123338592288, 13.089788280863255, 3.1113810593397426], [-1.5261922029891188, 13.46878263568217, 6.793532527862504], [18.84506886439683, 1.441429083454576, 3.0950864127977535]]
Attitude: [[0.0, 0.0, 0.0], [0.8998039769895753, 0.7044384319041941, 1.3886732407031834], [1.6716254134389434, 0.47712529687351163, 1.1062022289731392], [0.1792318684503368, 1.4954619679425223, 1.4084768971650652]]
Save Location: maps/map31/test.txt
