Path: 2433
Path Score: 4.155397844875832
Waypoints: [[1.0, 1.0, 1.0], [12.422424952449036, 7.364456284222653, 4.120550879483655], [26.38955246870181, 17.442107880007757, 6.309566030629197], [29.0, 29.0, 14.0]]
Velocity: [[0.0, 0.0, 0.0], [11.422424952449036, 6.364456284222653, 3.1205508794836554], [13.967127516252775, 10.077651595785104, 2.189015151145542], [2.6104475312981883, 11.557892119992243, 7.690433969370803]]
Attitude: [[0.0, 0.0, 0.0], [0.5554007765856399, 1.0776065097557235, 1.3365284239372268], [0.6360045347966634, 0.9515147805897326, 1.4443774687394146], [1.384929812396437, 0.6125168476528547, 0.995099526744653]]
Save Location: maps/map1914/test.txt
