Path: 535
Path Score: 4.109539530839468
Waypoints: [[1.0, 1.0, 1.0], [9.981785049321614, 2.094242845092411, 3.906087432644374], [25.89146789512382, 17.947079052650324, 10.291630941969098], [29.0, 29.0, 14.0]]
Velocity: [[0.0, 0.0, 0.0], [8.981785049321614, 1.094242845092411, 2.906087432644374], [15.909682845802207, 15.852836207557912, 6.385543509324724], [3.108532104876179, 11.052920947349676, 3.708369058030902]]
Attitude: [[0.0, 0.0, 0.0], [0.33286566125405836, 1.4553984883962245, 1.2600245384619229], [0.8211670851670686, 0.824488156654369, 1.2937923636577706], [1.3102246373088302, 0.4126571490004325, 1.2583924394013435]]
Save Location: maps/map2204/test.txt
