Path: 1880
Path Score: 4.082081556276518
Waypoints: [[1.0, 1.0, 1.0], [8.469661386104097, 5.59096684474812, 2.5279558793890997], [16.596716632096093, 19.215720704642216, 5.13918037419731], [29.0, 29.0, 14.0]]
Velocity: [[0.0, 0.0, 0.0], [7.469661386104097, 4.59096684474812, 1.5279558793890997], [8.127055245991997, 13.624753859894096, 2.6112244948082104], [12.403283367903907, 9.784279295357784, 8.86081962580269]]
Attitude: [[0.0, 0.0, 0.0], [0.5747996990566772, 1.0288000156137393, 1.3982583619310816], [1.0408611789740012, 0.559695115351281, 1.407663748984228], [0.816514821634672, 1.0001521739681158, 1.059633768091095]]
Save Location: maps/map2315/test.txt
