Path: 127
Path Score: 4.32407592164129
Waypoints: [[1.0, 1.0, 1.0], [6.844542921659472, 12.575654287568902, 0.7512941296865822], [17.142077840697404, 12.866671640253438, 8.671369517017055], [29.0, 29.0, 14.0]]
Velocity: [[0.0, 0.0, 0.0], [5.844542921659472, 11.575654287568902, -0.24870587031341784], [10.297534919037933, 0.2910173526845359, 7.920075387330473], [11.857922159302596, 16.133328359746564, 5.328630482982945]]
Attitude: [[0.0, 0.0, 0.0], [1.103329579532339, 0.4679236243581791, 1.5899732357353402], [0.6559542259221914, 1.5483986629565465, 0.9153610346890317], [0.9614723836846367, 0.6782653453057865, 1.3106912242211473]]
Save Location: maps/map717/test.txt
