Path: 2143
Path Score: 4.276613782067513
Waypoints: [[1.0, 1.0, 1.0], [7.976694836660609, 10.929766397758005, 9.409001445334173], [24.882695815361128, 14.368288597070304, 12.113832918894575], [29.0, 29.0, 14.0]]
Velocity: [[0.0, 0.0, 0.0], [6.976694836660609, 9.929766397758005, 8.409001445334173], [16.90600097870052, 3.438522199312299, 2.704831473560402], [4.117304184638872, 14.631711402929696, 1.886167081105425]]
Attitude: [[0.0, 0.0, 0.0], [1.0786293818483852, 0.8331465441750755, 0.9648405508336908], [0.2532217541349506, 1.3725966548738078, 1.4152799324691085], [1.2986348105444985, 0.30016579609209537, 1.4473372730099068]]
Save Location: maps/map1020/test.txt
