Path: 2275
Path Score: 4.1398150798660085
Waypoints: [[1.0, 1.0, 1.0], [5.7591996310330025, 10.496060591014656, 1.1961851557501069], [24.631670230844907, 23.32534168126198, 7.202000853365213], [29.0, 29.0, 14.0]]
Velocity: [[0.0, 0.0, 0.0], [4.7591996310330025, 9.496060591014656, 0.19618515575010687], [18.872470599811905, 12.829281090247322, 6.005815697615106], [4.368329769155093, 5.674658318738022, 6.797999146634787]]
Attitude: [[0.0, 0.0, 0.0], [1.1062936554501903, 0.46492826404694765, 1.5523285842779897], [0.6438776848898446, 0.9959845173281094, 1.3134519050010849], [1.112517585562311, 0.9585535715963122, 0.8114172061667323]]
Save Location: maps/map2002/test.txt
