Path: 77
Path Score: 4.215303934376982
Waypoints: [[1.0, 1.0, 1.0], [6.844542921659472, 12.575654287568902, 0.7512941296865822], [16.0492409098564, 24.532128528212887, 5.259776536804952], [29.0, 29.0, 14.0]]
Velocity: [[0.0, 0.0, 0.0], [5.844542921659472, 11.575654287568902, -0.24870587031341784], [9.20469798819693, 11.956474240643985, 4.50848240711837], [12.950759090143599, 4.467871471787113, 8.740223463195047]]
Attitude: [[0.0, 0.0, 0.0], [1.103329579532339, 0.4679236243581791, 1.5899732357353402], [0.9465487248838427, 0.7086804701630323, 1.2804510599032914], [0.6485671725677874, 1.2922699173049879, 1.0029155967308279]]
Save Location: maps/map1435/test.txt
