Path: 531
Path Score: 4.1073699380913675
Waypoints: [[1.0, 1.0, 1.0], [9.981785049321614, 2.094242845092411, 3.906087432644374], [24.80078989068509, 16.52228778449424, 8.560347909072977], [29.0, 29.0, 14.0]]
Velocity: [[0.0, 0.0, 0.0], [8.981785049321614, 1.094242845092411, 2.906087432644374], [14.819004841363475, 14.428044939401827, 4.654260476428603], [4.199210109314912, 12.477712215505761, 5.439652090927023]]
Attitude: [[0.0, 0.0, 0.0], [0.33286566125405836, 1.4553984883962245, 1.2600245384619229], [0.7967775991404338, 0.822251834831675, 1.3494511603345836], [1.2715632840353657, 0.5034073100322944, 1.1789804677621314]]
Save Location: maps/map2212/test.txt
