Path: 466
Path Score: 4.36815712781156
Waypoints: [[1.0, 1.0, 1.0], [11.29885047226655, 13.922680563011099, 6.0742347128672325], [14.655112419192436, 29.3283759307992, 11.159787577707847], [29.0, 29.0, 14.0]]
Velocity: [[0.0, 0.0, 0.0], [10.29885047226655, 12.922680563011099, 5.0742347128672325], [3.356261946925887, 15.405695367788102, 5.085552864840615], [14.344887580807564, -0.3283759307992007, 2.8402124222921525]]
Attitude: [[0.0, 0.0, 0.0], [0.932550665210745, 0.7263919285052141, 1.2728643435485965], [1.366796136579781, 0.37663612762317644, 1.258788276511986], [0.19673554575391217, 1.5932481293968974, 1.3753795345072697]]
Save Location: maps/map476/test.txt
