Path: 414
Path Score: 4.315545246329231
Waypoints: [[1.0, 1.0, 1.0], [8.23561037690084, 4.511685430060676, 8.33124458240136], [20.941187860159854, 5.775881785340472, 14.270885595565682], [29.0, 29.0, 14.0]]
Velocity: [[0.0, 0.0, 0.0], [7.235610376900841, 3.511685430060676, 7.331244582401361], [12.705577483259013, 1.264196355279796, 5.939641013164321], [8.058812139840146, 23.224118214659526, -0.2708855955656819]]
Attitude: [[0.0, 0.0, 0.0], [0.8434728410597166, 1.2422312953632766, 0.8316455994328315], [0.4458561237857978, 1.4809028576080432, 1.135385784065721], [1.236816017767965, 0.3341762810916468, 1.5818152855342118]]
Save Location: maps/map759/test.txt
