Path: 1136
Path Score: 4.266774744843071
Waypoints: [[1.0, 1.0, 1.0], [7.244355243304841, 4.686769508950413, 5.732290508395203], [8.962504318780672, 19.70715034496878, 6.76140850408924], [29.0, 29.0, 14.0]]
Velocity: [[0.0, 0.0, 0.0], [6.244355243304841, 3.6867695089504133, 4.732290508395203], [1.7181490754758313, 15.020380836018369, 1.0291179956940368], [20.037495681219326, 9.292849655031219, 7.23859149591076]]
Attitude: [[0.0, 0.0, 0.0], [0.7653529368027897, 1.1309818444795048, 0.9925991767107255], [1.4571675964619684, 0.13255549957231064, 1.5028302925396542], [0.5314510518725527, 1.159491135048408, 1.2541033357169327]]
Save Location: maps/map1078/test.txt
