Path: 1104
Path Score: 4.244970435249145
Waypoints: [[1.0, 1.0, 1.0], [6.277705044557794, 0.35330246109405494, 2.6825947684151497], [14.68158349565293, 13.843237883893032, 6.016948201033536], [29.0, 29.0, 14.0]]
Velocity: [[0.0, 0.0, 0.0], [5.277705044557794, -0.6466975389059451, 1.6825947684151497], [8.403878451095135, 13.489935422798977, 3.334353432618386], [14.31841650434707, 15.156762116106968, 7.983051798966464]]
Attitude: [[0.0, 0.0, 0.0], [0.32912608513099045, 1.687014641004876, 1.264321452563771], [1.0268742227993435, 0.5904567180141436, 1.3640019672083434], [0.8745806038813252, 0.824576452033356, 1.2051434100274334]]
Save Location: maps/map1225/test.txt
