Path: 909
Path Score: 4.39074027569464
Waypoints: [[1.0, 1.0, 1.0], [7.363766588778974, 0.518530266354752, 10.190548616200227], [17.189475107527144, 6.123320838397045, 11.315568873473534], [29.0, 29.0, 14.0]]
Velocity: [[0.0, 0.0, 0.0], [6.363766588778974, -0.48146973364524803, 9.190548616200227], [9.82570851874817, 5.604790572042293, 1.1250202572733077], [11.810524892472856, 22.876679161602954, 2.6844311265264658]]
Attitude: [[0.0, 0.0, 0.0], [0.9658135015594402, 1.6138399388547588, 0.6069604064989591], [0.5269287403670225, 1.0552081992052809, 1.4716673942232705], [1.0969999474799046, 0.4869188424541576, 1.4669037812398578]]
Save Location: maps/map392/test.txt
