Path: 1009
Path Score: 4.1995604026723425
Waypoints: [[1.0, 1.0, 1.0], [7.03200889148945, 11.212381035806049, 2.4091861245466912], [17.142077840697404, 12.866671640253438, 8.671369517017055], [29.0, 29.0, 14.0]]
Velocity: [[0.0, 0.0, 0.0], [6.03200889148945, 10.212381035806049, 1.4091861245466912], [10.110068949207953, 1.6542906044473895, 6.262183392470364], [11.857922159302596, 16.133328359746564, 5.328630482982945]]
Attitude: [[0.0, 0.0, 0.0], [1.0413956223611207, 0.5452295055399751, 1.4525400011168248], [0.5697735628111531, 1.4325780698761597, 1.0221300957225363], [0.9614723836846367, 0.6782653453057865, 1.3106912242211473]]
Save Location: maps/map1566/test.txt
