Path: 1038
Path Score: 4.348634819597471
Waypoints: [[1.0, 1.0, 1.0], [5.124139793286082, 11.529276214212281, 3.1169525438428494], [9.057942771808293, 22.483164120725405, 13.633419250864584], [29.0, 29.0, 14.0]]
Velocity: [[0.0, 0.0, 0.0], [4.124139793286082, 10.529276214212281, 2.1169525438428494], [3.933802978522211, 10.953887906513124, 10.516466707021735], [19.942057228191707, 6.516835879274595, 0.36658074913541583]]
Attitude: [[0.0, 0.0, 0.0], [1.2041596665548568, 0.4147337109116922, 1.3857324418142094], [1.317310116713486, 0.7977607448954444, 0.836013997224931], [0.3163154151017467, 1.2549974740262801, 1.5533251264663486]]
Save Location: maps/map589/test.txt
