Path: 1637
Path Score: 4.128221290234887
Waypoints: [[1.0, 1.0, 1.0], [10.36013664890983, 5.847929453477029, 2.4421408215587084], [26.38955246870181, 17.442107880007757, 6.309566030629197], [29.0, 29.0, 14.0]]
Velocity: [[0.0, 0.0, 0.0], [9.36013664890983, 4.847929453477029, 1.4421408215587084], [16.029415819791982, 11.594178426530728, 3.867425209070489], [2.6104475312981883, 11.557892119992243, 7.690433969370803]]
Attitude: [[0.0, 0.0, 0.0], [0.49541529610661705, 1.0976792558885609, 1.4348290922750935], [0.6514438135116611, 0.9579723160498079, 1.3777387900970877], [1.384929812396437, 0.6125168476528547, 0.995099526744653]]
Save Location: maps/map2089/test.txt
