Path: 2066
Path Score: 4.421262846890293
Waypoints: [[1.0, 1.0, 1.0], [2.1051801977178286, 12.705542697858661, 1.33533427386211], [7.389357188954467, 23.477432848813812, 10.209341262023914], [29.0, 29.0, 14.0]]
Velocity: [[0.0, 0.0, 0.0], [1.1051801977178286, 11.705542697858661, 0.3353342738621099], [5.284176991236638, 10.771890150955151, 8.874006988161804], [21.610642811045533, 5.522567151186188, 3.790658737976086]]
Attitude: [[0.0, 0.0, 0.0], [1.4766986395106851, 0.09834724994807642, 1.5422834159518], [1.2088558779389482, 0.7643705989613483, 0.9339759676005897], [0.3005654335537563, 1.324213007369078, 1.4024590083582664]]
Save Location: maps/map296/test.txt
