Path: 54
Path Score: 4.0755358517612015
Waypoints: [[1.0, 1.0, 1.0], [8.883832853990807, 7.619820070167713, 5.821889119101872], [21.78645601699983, 26.938246068819566, 10.468055210066508], [29.0, 29.0, 14.0]]
Velocity: [[0.0, 0.0, 0.0], [7.883832853990807, 6.619820070167713, 4.821889119101872], [12.902623163009022, 19.318425998651854, 4.646166090964636], [7.2135439830001715, 2.0617539311804336, 3.531944789933492]]
Attitude: [[0.0, 0.0, 0.0], [0.8044304960935175, 0.9492050844908356, 1.1327513067607105], [0.994860353490191, 0.6173226090696265, 1.3734021538017671], [0.5157591343381982, 1.3195229300441227, 1.1308007241554319]]
Save Location: maps/map2348/test.txt
