Path: 901
Path Score: 4.2018085819828634
Waypoints: [[1.0, 1.0, 1.0], [13.622214221490246, 10.560085107867, 6.307093757900562], [24.882695815361128, 14.368288597070304, 12.113832918894575], [29.0, 29.0, 14.0]]
Velocity: [[0.0, 0.0, 0.0], [12.622214221490246, 9.560085107867, 5.307093757900562], [11.260481593870882, 3.8082034892033043, 5.806739160994013], [4.117304184638872, 14.631711402929696, 1.886167081105425]]
Attitude: [[0.0, 0.0, 0.0], [0.7138698155414545, 0.9612815674177257, 1.2473929819737224], [0.55259362645319, 1.2788075059598027, 1.1163951946729804], [1.2986348105444985, 0.30016579609209537, 1.4473372730099068]]
Save Location: maps/map1551/test.txt
