Path: 2025
Path Score: 4.198006489356786
Waypoints: [[1.0, 1.0, 1.0], [1.6574939373145603, 7.640942564656317, 6.853106441814953], [20.225861212634335, 15.04532595668622, 11.643310714362196], [29.0, 29.0, 14.0]]
Velocity: [[0.0, 0.0, 0.0], [0.6574939373145603, 6.640942564656317, 5.853106441814953], [18.568367275319776, 7.404383392029903, 4.790204272547243], [8.774138787365665, 13.95467404331378, 2.3566892856378043]]
Attitude: [[0.0, 0.0, 0.0], [1.4966576018134188, 0.7255359120981532, 0.8507902510389312], [0.4433960233379588, 1.2023109775057899, 1.335603765090158], [1.0158144950798451, 0.5771097040965634, 1.4287893660504631]]
Save Location: maps/map1579/test.txt
