Path: 2047
Path Score: 4.207899317186786
Waypoints: [[1.0, 1.0, 1.0], [1.6574939373145603, 7.640942564656317, 6.853106441814953], [12.699318080032214, 19.485873547121262, 13.643108962855027], [29.0, 29.0, 14.0]]
Velocity: [[0.0, 0.0, 0.0], [0.6574939373145603, 6.640942564656317, 5.853106441814953], [11.041824142717653, 11.844930982464945, 6.7900025210400745], [16.300681919967786, 9.514126452878738, 0.3568910371449725]]
Attitude: [[0.0, 0.0, 0.0], [1.4966576018134188, 0.7255359120981532, 0.8507902510389312], [0.8907472727746397, 0.8304169125376407, 1.1737564331727142], [0.5286275051045267, 1.042579273198718, 1.5518895222311728]]
Save Location: maps/map1485/test.txt
