Path: 2249
Path Score: 4.254567196171022
Waypoints: [[1.0, 1.0, 1.0], [5.7591996310330025, 10.496060591014656, 1.1961851557501069], [22.610660907061256, 12.829583706462888, 7.646387831785042], [29.0, 29.0, 14.0]]
Velocity: [[0.0, 0.0, 0.0], [4.7591996310330025, 9.496060591014656, 0.19618515575010687], [16.851461276028253, 2.333523115448232, 6.450202676034936], [6.389339092938744, 16.170416293537112, 6.353612168214958]]
Attitude: [[0.0, 0.0, 0.0], [1.1062936554501903, 0.46492826404694765, 1.5523285842779897], [0.3865663684011017, 1.4421843261529383, 1.2083921026620186], [1.2183916059253201, 0.5083781419888332, 1.2204471921007194]]
Save Location: maps/map1168/test.txt
