Path: 263
Path Score: 4.168710096440349
Waypoints: [[1.0, 1.0, 1.0], [10.236205802881091, 6.726958385030271, 8.616461550781413], [24.80078989068509, 16.52228778449424, 8.560347909072977], [29.0, 29.0, 14.0]]
Velocity: [[0.0, 0.0, 0.0], [9.236205802881091, 5.726958385030271, 7.616461550781413], [14.564584087803997, 9.795329399463967, -0.05611364170843558], [4.199210109314912, 12.477712215505761, 5.439652090927023]]
Attitude: [[0.0, 0.0, 0.0], [0.801018365502451, 1.1245932303302049, 0.9595076706588436], [0.5920683674492238, 0.9787389946574315, 1.5739932951127613], [1.2715632840353657, 0.5034073100322944, 1.1789804677621314]]
Save Location: maps/map1811/test.txt
