Path: 2479
Path Score: 4.3793134406034016
Waypoints: [[1.0, 1.0, 1.0], [12.386106231445222, 1.1077460717588705, 7.4490524792482224], [20.941187860159854, 5.775881785340472, 14.270885595565682], [29.0, 29.0, 14.0]]
Velocity: [[0.0, 0.0, 0.0], [11.386106231445222, 0.10774607175887052, 6.4490524792482224], [8.555081628714632, 4.668135713581601, 6.8218331163174595], [8.058812139840146, 23.224118214659526, -0.2708855955656819]]
Attitude: [[0.0, 0.0, 0.0], [0.5154044449224107, 1.562562589250552, 1.0554709245652716], [0.7682220137867041, 1.1675489046882916, 0.9600867165855017], [1.236816017767965, 0.3341762810916468, 1.5818152855342118]]
Save Location: maps/map434/test.txt
