# waypoints
G: (11.0,-17.0,15)
G: (13.694743745655272,-15.305310684724262,15)
G: (15.769936447257821,-12.933172447279263,15)
G: (19.436222299263015,-11.935377855564814,15)
G: (22.56898103786537,-12.662063421066,15)
G: (25.931532205376715,-14.73616649867961,15)
G: (29.0,-17.0,15)


# wall segments
W: (30.0,-18.8,24.0,-15.8,3)
W: (24.0,-15.8,20.0,-13.8,3)
W: (20.0,-13.8,10.0,-18.8,3)
W: (10.0,-15.2,13.0,-13.2,3)
W: (13.0,-13.2,16.0,-11.2,3)
W: (16.0,-11.2,23.0,-11.2,3)
W: (23.0,-11.2,30.0,-15.2,3)


# environment settings
R: (0)
D: (1)
