Path: 1693
Path Score: 4.382236987616604
Waypoints: [[1.0, 1.0, 1.0], [1.4862613186235762, 5.302297197202417, 9.54279168299124], [20.610598369444524, 19.278006681353382, 8.827928443474919], [29.0, 29.0, 14.0]]
Velocity: [[0.0, 0.0, 0.0], [0.48626131862357624, 4.302297197202417, 8.54279168299124], [19.124337050820948, 13.975709484150965, -0.7148632395163208], [8.389401630555476, 9.721993318646618, 5.172071556525081]]
Attitude: [[0.0, 0.0, 0.0], [1.520002440634727, 1.1049085373684124, 0.46909167611999897], [0.6317098062226432, 0.9400415576507724, 1.6009670852216495], [0.919766086046802, 0.7922213235648208, 1.1879058042443305]]
Save Location: maps/map425/test.txt
