Path: 250
Path Score: 4.206544388214981
Waypoints: [[1.0, 1.0, 1.0], [10.236205802881091, 6.726958385030271, 8.616461550781413], [16.060622627406442, 22.284008548073043, 8.655570821620126], [29.0, 29.0, 14.0]]
Velocity: [[0.0, 0.0, 0.0], [9.236205802881091, 5.726958385030271, 7.616461550781413], [5.8244168245253505, 15.55705016304277, 0.03910927083871307], [12.939377372593558, 6.715991451926957, 5.344429178379874]]
Attitude: [[0.0, 0.0, 0.0], [0.801018365502451, 1.1245932303302049, 0.9595076706588436], [1.2125608734484408, 0.3582438933797742, 1.568441997820789], [0.5856835745155158, 1.123499545747589, 1.2194127759243851]]
Save Location: maps/map1495/test.txt
