Path: 1759
Path Score: 4.117250567247905
Waypoints: [[1.0, 1.0, 1.0], [10.805725952785512, 11.283487147150078, 0.7484718343695662], [22.31107341157168, 20.857103800923483, 7.836819148340205], [29.0, 29.0, 14.0]]
Velocity: [[0.0, 0.0, 0.0], [9.805725952785512, 10.283487147150078, -0.2515281656304338], [11.505347458786169, 9.573616653773405, 7.0883473139706386], [6.68892658842832, 8.142896199076517, 6.163180851659795]]
Attitude: [[0.0, 0.0, 0.0], [0.8093250089126587, 0.7617849255869302, 1.5884962164824006], [0.8027672451548227, 0.9544266922124879, 1.1285060598478671], [0.9909241630968201, 0.8405978425021317, 1.041586930795209]]
Save Location: maps/map2149/test.txt
