Path: 2005
Path Score: 4.197585221186255
Waypoints: [[1.0, 1.0, 1.0], [1.6574939373145603, 7.640942564656317, 6.853106441814953], [16.72641038031882, 15.264827052821502, 13.846194206338602], [29.0, 29.0, 14.0]]
Velocity: [[0.0, 0.0, 0.0], [0.6574939373145603, 6.640942564656317, 5.853106441814953], [15.06891644300426, 7.623884488165185, 6.993087764523649], [12.273589619681179, 13.735172947178498, 0.15380579366139813]]
Attitude: [[0.0, 0.0, 0.0], [1.4966576018134188, 0.7255359120981532, 0.8507902510389312], [0.6016336502358213, 1.1405458057043583, 1.1782005765485863], [0.8415660736191315, 0.7293004114667039, 1.5624465811421142]]
Save Location: maps/map1581/test.txt
