Path: 1561
Path Score: 4.074915022577063
Waypoints: [[1.0, 1.0, 1.0], [5.1328300726842055, 6.167067988359742, 4.338023583503114], [24.80078989068509, 16.52228778449424, 8.560347909072977], [29.0, 29.0, 14.0]]
Velocity: [[0.0, 0.0, 0.0], [4.1328300726842055, 5.167067988359742, 3.338023583503114], [19.66795981800088, 10.355219796134497, 4.222324325569863], [4.199210109314912, 12.477712215505761, 5.439652090927023]]
Attitude: [[0.0, 0.0, 0.0], [0.9792202736645594, 0.799275207152919, 1.1035589735254734], [0.5170019213685239, 1.0954000867538953, 1.3830730189500584], [1.2715632840353657, 0.5034073100322944, 1.1789804677621314]]
Save Location: maps/map2351/test.txt
