Path: 1
Path Score: 2.488508087061094
Waypoints: [[1.0, 1.0, 1.0], [4.714714847898776, 7.140366073995983, 1.66421291967022], [18.499501280508554, 1.2268729645443466, 5.685294065931536], [23.226284017065332, 11.509945345579446, 11.191428253866428], [29.0, 29.0, 14.0]]
Velocity: [[0.0, 0.0, 0.0], [3.714714847898776, 6.140366073995983, 0.66421291967022], [13.784786432609778, -5.913493109451636, 4.021081146261316], [4.726782736556778, 10.2830723810351, 5.506134187934893], [5.773715982934668, 17.490054654420554, 2.8085717461335715]]
Attitude: [[0.0, 0.0, 0.0], [0.0, 0.0, 0.0], [0.0, 0.0, 0.0], [0.0, 0.0, 0.0], [0.0, 0.0, 0.0]]
Save Location: maps/map1/test.txt
