Path: 1525
Path Score: 4.660296846917156
Waypoints: [[1.0, 1.0, 1.0], [0.8300875511549277, 1.6500330013832676, 11.560854587793756], [6.596290149546203, 22.34738075894622, 14.267155835962525], [29.0, 29.0, 14.0]]
Velocity: [[0.0, 0.0, 0.0], [-0.16991244884507228, 0.6500330013832676, 10.560854587793756], [5.766202598391275, 20.69734775756295, 2.706301248168769], [22.403709850453797, 6.652619241053781, -0.2671558359625248]]
Attitude: [[0.0, 0.0, 0.0], [1.5868534482018404, 1.5093306408644638, 0.06353355267918272], [1.3012732763861947, 0.2985559395834989, 1.4454971257699702], [0.2888695544722783, 1.2821661018601413, 1.582227121859774]]
Save Location: maps/map7/test.txt
