Path: 259
Path Score: 4.165591005346052
Waypoints: [[1.0, 1.0, 1.0], [10.236205802881091, 6.726958385030271, 8.616461550781413], [16.562231948918217, 23.36225528971405, 10.468909590942717], [29.0, 29.0, 14.0]]
Velocity: [[0.0, 0.0, 0.0], [9.236205802881091, 5.726958385030271, 7.616461550781413], [6.326026146037126, 16.635296904683777, 1.8524480401613044], [12.437768051081783, 5.637744710285951, 3.531090409057283]]
Attitude: [[0.0, 0.0, 0.0], [0.801018365502451, 1.1245932303302049, 0.9595076706588436], [1.2094495186775518, 0.37726621956755324, 1.4670851553113262], [0.4911333101171544, 1.159608420333512, 1.31776151037235]]
Save Location: maps/map1834/test.txt
