Path: 1708
Path Score: 4.232510721914744
Waypoints: [[1.0, 1.0, 1.0], [10.805725952785512, 11.283487147150078, 0.7484718343695662], [26.76543196640594, 17.456646557356017, 7.05435308823407], [29.0, 29.0, 14.0]]
Velocity: [[0.0, 0.0, 0.0], [9.805725952785512, 10.283487147150078, -0.2515281656304338], [15.95970601362043, 6.173159410205939, 6.305881253864504], [2.2345680335940585, 11.543353442643983, 6.94564691176593]]
Attitude: [[0.0, 0.0, 0.0], [0.8093250089126587, 0.7617849255869302, 1.5884962164824006], [0.5050857766691511, 1.2254756675063037, 1.2177305685643902], [1.4064235659655742, 0.5636700246717852, 1.0372176653267735]]
Save Location: maps/map1320/test.txt
