Path: 620
Path Score: 4.366995753022399
Waypoints: [[1.0, 1.0, 1.0], [1.9869655009534015, 2.3470905443897805, 9.726710653669548], [12.699318080032214, 19.485873547121262, 13.643108962855027], [29.0, 29.0, 14.0]]
Velocity: [[0.0, 0.0, 0.0], [0.9869655009534015, 1.3470905443897805, 8.726710653669548], [10.712352579078813, 17.138783002731483, 3.91639830918548], [16.300681919967786, 9.514126452878738, 0.3568910371449725]]
Attitude: [[0.0, 0.0, 0.0], [1.4594850995761104, 1.4185963426785977, 0.18907565762625306], [1.0235451552723804, 0.587192755248254, 1.3793946809008426], [0.5286275051045267, 1.042579273198718, 1.5518895222311728]]
Save Location: maps/map484/test.txt
