Path: 1164
Path Score: 4.031625294777989
Waypoints: [[1.0, 1.0, 1.0], [7.244355243304841, 4.686769508950413, 5.732290508395203], [20.852071857601725, 15.195208825034904, 7.612944235060696], [29.0, 29.0, 14.0]]
Velocity: [[0.0, 0.0, 0.0], [6.244355243304841, 3.6867695089504133, 4.732290508395203], [13.607716614296884, 10.508439316084491, 1.8806537266654928], [8.147928142398275, 13.804791174965096, 6.387055764939304]]
Attitude: [[0.0, 0.0, 0.0], [0.7653529368027897, 1.1309818444795048, 0.9925991767107255], [0.6652246407172836, 0.9177830236499642, 1.4618442704252377], [1.0790221355094318, 0.643470475899189, 1.1916321938329075]]
Save Location: maps/map2461/test.txt
