Path: 1554
Path Score: 4.102026069318416
Waypoints: [[1.0, 1.0, 1.0], [5.1328300726842055, 6.167067988359742, 4.338023583503114], [14.46706287539074, 21.68231868352074, 5.395598205098573], [29.0, 29.0, 14.0]]
Velocity: [[0.0, 0.0, 0.0], [4.1328300726842055, 5.167067988359742, 3.338023583503114], [9.334232802706534, 15.515250695160999, 1.0575746215954593], [14.53293712460926, 7.317681316479259, 8.604401794901428]]
Attitude: [[0.0, 0.0, 0.0], [0.9792202736645594, 0.799275207152919, 1.1035589735254734], [1.030212252547835, 0.5444287825686424, 1.512454544887096], [0.6606967282577116, 1.161934980212726, 1.0843680323639853]]
Save Location: maps/map2238/test.txt
