Path: 708
Path Score: 4.204342408469015
Waypoints: [[1.0, 1.0, 1.0], [7.279071891786115, 11.99037003440958, 7.619831722996372], [14.31024281394206, 14.397341180730484, 10.344580509492056], [29.0, 29.0, 14.0]]
Velocity: [[0.0, 0.0, 0.0], [6.279071891786115, 10.99037003440958, 6.619831722996372], [7.031170922155944, 2.4069711463209043, 2.7247487864956845], [14.68975718605794, 14.602658819269516, 3.655419490507944]]
Attitude: [[0.0, 0.0, 0.0], [1.115662030937802, 0.6928797362779866, 1.088924427386206], [0.4772120772088163, 1.261820317124221, 1.2193782667082502], [0.7976180124622528, 0.8033878261380559, 1.3961151528842315]]
Save Location: maps/map1521/test.txt
