Path: 867
Path Score: 4.3075949317155215
Waypoints: [[1.0, 1.0, 1.0], [13.622214221490246, 10.560085107867, 6.307093757900562], [19.747287023046923, 29.82416487797133, 10.432454096489826], [29.0, 29.0, 14.0]]
Velocity: [[0.0, 0.0, 0.0], [12.622214221490246, 9.560085107867, 5.307093757900562], [6.125072801556676, 19.26407977010433, 4.125360338589264], [9.252712976953077, -0.8241648779713309, 3.567545903510174]]
Attitude: [[0.0, 0.0, 0.0], [0.7138698155414545, 0.9612815674177257, 1.2473929819737224], [1.2693660927583976, 0.36606672209065216, 1.3694803571834786], [0.3768134483966241, 1.6537149137271474, 1.2041176775046736]]
Save Location: maps/map813/test.txt
