Path: 1256
Path Score: 4.395221447356586
Waypoints: [[1.0, 1.0, 1.0], [11.681123338592288, 14.089788280863255, 4.111381059339743], [13.127617811288149, 26.235374032803584, 6.157926047197438], [29.0, 29.0, 14.0]]
Velocity: [[0.0, 0.0, 0.0], [10.681123338592288, 13.089788280863255, 3.1113810593397426], [1.4464944726958606, 12.14558575194033, 2.046544987857695], [15.872382188711851, 2.764625967196416, 7.842073952802562]]
Attitude: [[0.0, 0.0, 0.0], [0.8998039769895753, 0.7044384319041941, 1.3886732407031834], [1.4538910742309215, 0.2034850715350577, 1.4050133106200333], [0.482563653737281, 1.4158888951789448, 1.1178111555993027]]
Save Location: maps/map372/test.txt
