Path: 332
Path Score: 4.056791382688249
Waypoints: [[1.0, 1.0, 1.0], [11.62421921707525, 9.637940007438962, 4.108292062461251], [21.391366360934747, 19.016584990160858, 9.132275513596717], [29.0, 29.0, 14.0]]
Velocity: [[0.0, 0.0, 0.0], [10.62421921707525, 8.637940007438962, 3.108292062461251], [9.767147143859496, 9.378644982721896, 5.023983451135466], [7.608633639065253, 9.983415009839142, 4.867724486403283]]
Attitude: [[0.0, 0.0, 0.0], [0.7126112608988734, 0.9081638967287853, 1.3475745118170808], [0.8281215664662812, 0.8640518031992522, 1.215517167935121], [0.9701837951063373, 0.7354334851728955, 1.20085483013767]]
Save Location: maps/map2407/test.txt
