Path: 1781
Path Score: 4.211129481376625
Waypoints: [[1.0, 1.0, 1.0], [5.8300877579373775, 12.986927175779844, 2.2883830638241456], [16.0492409098564, 24.532128528212887, 5.259776536804952], [29.0, 29.0, 14.0]]
Velocity: [[0.0, 0.0, 0.0], [4.8300877579373775, 11.986927175779844, 1.2883830638241456], [10.219153151919024, 11.545201352433043, 2.9713934729808065], [12.950759090143599, 4.467871471787113, 8.740223463195047]]
Attitude: [[0.0, 0.0, 0.0], [1.1897394258126446, 0.3951048953544142, 1.471431398260883], [0.862132743023757, 0.7447302477633828, 1.3804113253678345], [0.6485671725677874, 1.2922699173049879, 1.0029155967308279]]
Save Location: maps/map1462/test.txt
