Path: 177
Path Score: 4.501351974206295
Waypoints: [[1.0, 1.0, 1.0], [0.8689948832512862, 4.64282219210965, 7.776103442790986], [4.23820593081067, 17.853982910663618, 13.793695135435073], [29.0, 29.0, 14.0]]
Velocity: [[0.0, 0.0, 0.0], [-0.13100511674871385, 3.6428221921096497, 6.776103442790986], [3.369211047559384, 13.211160718553968, 6.017591692644086], [24.761794069189328, 11.146017089336382, 0.20630486456492747]]
Attitude: [[0.0, 0.0, 0.0], [1.5878233126910848, 1.077602275761293, 0.4935415452562085], [1.3427479432529064, 0.4811141379600905, 1.1551455142757314], [0.42302582521687426, 1.1478475994517368, 1.5631990947061005]]
Save Location: maps/map113/test.txt
