Path: 1773
Path Score: 4.37909167747536
Waypoints: [[1.0, 1.0, 1.0], [5.8300877579373775, 12.986927175779844, 2.2883830638241456], [14.39098062358011, 29.3344464639288, 6.107493259889046], [29.0, 29.0, 14.0]]
Velocity: [[0.0, 0.0, 0.0], [4.8300877579373775, 11.986927175779844, 1.2883830638241456], [8.560892865642732, 16.347519288148955, 3.8191101960649005], [14.60901937641989, -0.3344464639287992, 7.892506740110954]]
Attitude: [[0.0, 0.0, 0.0], [1.1897394258126446, 0.3951048953544142, 1.471431398260883], [1.0992202758306595, 0.5206527267452585, 1.3667184591129171], [0.4957011749046115, 1.5909353130706885, 1.0755799215878887]]
Save Location: maps/map435/test.txt
