Path: 1285
Path Score: 4.280376485902615
Waypoints: [[1.0, 1.0, 1.0], [11.681123338592288, 14.089788280863255, 4.111381059339743], [14.664796282188101, 21.28024012885323, 5.468764640312363], [29.0, 29.0, 14.0]]
Velocity: [[0.0, 0.0, 0.0], [10.681123338592288, 13.089788280863255, 3.1113810593397426], [2.9836729435958134, 7.190451847989975, 1.3573835809726207], [14.335203717811899, 7.7197598711467705, 8.531235359687637]]
Attitude: [[0.0, 0.0, 0.0], [0.8998039769895753, 0.7044384319041941, 1.3886732407031834], [1.183628891120721, 0.42772630140882206, 1.3981709875578334], [0.6763273336917041, 1.1373758967665009, 1.0881508960767203]]
Save Location: maps/map989/test.txt
