Path: 1891
Path Score: 4.0495326134981555
Waypoints: [[1.0, 1.0, 1.0], [8.469661386104097, 5.59096684474812, 2.5279558793890997], [24.80078989068509, 16.52228778449424, 8.560347909072977], [29.0, 29.0, 14.0]]
Velocity: [[0.0, 0.0, 0.0], [7.469661386104097, 4.59096684474812, 1.5279558793890997], [16.33112850458099, 10.931320939746119, 6.032392029683877], [4.199210109314912, 12.477712215505761, 5.439652090927023]]
Attitude: [[0.0, 0.0, 0.0], [0.5747996990566772, 1.0288000156137393, 1.3982583619310816], [0.6527238509665165, 1.0101222068183102, 1.2729652800753868], [1.2715632840353657, 0.5034073100322944, 1.1789804677621314]]
Save Location: maps/map2428/test.txt
