Path: 2082
Path Score: 4.376013138265798
Waypoints: [[1.0, 1.0, 1.0], [2.1051801977178286, 12.705542697858661, 1.33533427386211], [11.40378861351021, 23.288761880938765, 11.804403224732908], [29.0, 29.0, 14.0]]
Velocity: [[0.0, 0.0, 0.0], [1.1051801977178286, 11.705542697858661, 0.3353342738621099], [9.298608415792382, 10.583219183080104, 10.469068950870799], [17.59621138648979, 5.711238119061235, 2.1955967752670915]]
Attitude: [[0.0, 0.0, 0.0], [1.4766986395106851, 0.09834724994807642, 1.5422834159518], [1.0124585414317244, 0.92358214677213, 0.9317094995138183], [0.33465120952432154, 1.2592127196021017, 1.4526670982553629]]
Save Location: maps/map441/test.txt
