Path: 1275
Path Score: 4.296626393789698
Waypoints: [[1.0, 1.0, 1.0], [11.681123338592288, 14.089788280863255, 4.111381059339743], [20.225861212634335, 15.04532595668622, 11.643310714362196], [29.0, 29.0, 14.0]]
Velocity: [[0.0, 0.0, 0.0], [10.681123338592288, 13.089788280863255, 3.1113810593397426], [8.544737874042047, 0.9555376758229652, 7.531929655022453], [8.774138787365665, 13.95467404331378, 2.3566892856378043]]
Attitude: [[0.0, 0.0, 0.0], [0.8998039769895753, 0.7044384319041941, 1.3886732407031834], [0.7264446917869049, 1.487102969198461, 0.8513948411255446], [1.0158144950798451, 0.5771097040965634, 1.4287893660504631]]
Save Location: maps/map896/test.txt
