Path: 1218
Path Score: 4.186821477329629
Waypoints: [[1.0, 1.0, 1.0], [10.98841998167141, 13.67984788740044, 4.669955467169109], [24.29282605726432, 17.273783965333514, 9.528106741585457], [29.0, 29.0, 14.0]]
Velocity: [[0.0, 0.0, 0.0], [9.98841998167141, 12.67984788740044, 3.6699554671691086], [13.304406075592912, 3.5939360779330745, 4.858151274416349], [4.707173942735679, 11.726216034666486, 4.471893258414543]]
Attitude: [[0.0, 0.0, 0.0], [0.9230317793050691, 0.698207449561829, 1.3472349331065676], [0.4263506322392275, 1.3222972799766464, 1.2318798672623736], [1.2119605623526288, 0.5056733733733509, 1.2306436859371142]]
Save Location: maps/map1670/test.txt
