Path: 1396
Path Score: 4.207148689078753
Waypoints: [[1.0, 1.0, 1.0], [2.1166871798879825, 7.959406805005861, 2.641112218552253], [7.908661902969909, 13.249370598681029, 5.122888052721978], [29.0, 29.0, 14.0]]
Velocity: [[0.0, 0.0, 0.0], [1.1166871798879825, 6.959406805005861, 1.6411122185522529], [5.7919747230819265, 5.2899637936751684, 2.4817758341697247], [21.09133809703009, 15.750629401318971, 8.877111947278022]]
Attitude: [[0.0, 0.0, 0.0], [1.4158739947349994, 0.27784815422419984, 1.3420381855188857], [0.7898003322675661, 0.8724264016492806, 1.264375507443557], [0.7086722904246092, 0.9679653449835317, 1.2455416314236494]]
Save Location: maps/map1489/test.txt
