Path: 2386
Path Score: 4.172953855835052
Waypoints: [[1.0, 1.0, 1.0], [12.422424952449036, 7.364456284222653, 4.120550879483655], [15.44249175683154, 18.284183195920107, 9.161844399110448], [29.0, 29.0, 14.0]]
Velocity: [[0.0, 0.0, 0.0], [11.422424952449036, 6.364456284222653, 3.1205508794836554], [3.0200668043825036, 10.919726911697454, 5.041293519626793], [13.55750824316846, 10.715816804079893, 4.838155600889552]]
Attitude: [[0.0, 0.0, 0.0], [0.5554007765856399, 1.0776065097557235, 1.3365284239372268], [1.3247810073149853, 0.4937165420398365, 1.1521380903171856], [0.714409075190648, 0.9308782745117469, 1.2978165450117953]]
Save Location: maps/map1780/test.txt
