Path: 100
Path Score: 4.237192747980856
Waypoints: [[1.0, 1.0, 1.0], [6.844542921659472, 12.575654287568902, 0.7512941296865822], [24.29282605726432, 17.273783965333514, 9.528106741585457], [29.0, 29.0, 14.0]]
Velocity: [[0.0, 0.0, 0.0], [5.844542921659472, 11.575654287568902, -0.24870587031341784], [17.44828313560485, 4.698129677764612, 8.776812611898874], [4.707173942735679, 11.726216034666486, 4.471893258414543]]
Attitude: [[0.0, 0.0, 0.0], [1.103329579532339, 0.4679236243581791, 1.5899732357353402], [0.518484617454185, 1.3347383898847178, 1.118638504764191], [1.2119605623526288, 0.5056733733733509, 1.2306436859371142]]
Save Location: maps/map1283/test.txt
