Path: 2017
Path Score: 4.170693382609201
Waypoints: [[1.0, 1.0, 1.0], [1.6574939373145603, 7.640942564656317, 6.853106441814953], [14.43692874246404, 21.36894668574859, 11.322509376936443], [29.0, 29.0, 14.0]]
Velocity: [[0.0, 0.0, 0.0], [0.6574939373145603, 6.640942564656317, 5.853106441814953], [12.77943480514948, 13.728004121092273, 4.46940293512149], [14.56307125753596, 7.63105331425141, 2.677490623063557]]
Attitude: [[0.0, 0.0, 0.0], [1.4966576018134188, 0.7255359120981532, 0.8507902510389312], [0.8462340939926306, 0.7784462059976521, 1.3368620769381485], [0.5069175043207065, 1.0949344880442036, 1.4093618733327953]]
Save Location: maps/map1799/test.txt
