Path: 1197
Path Score: 4.080863084373911
Waypoints: [[1.0, 1.0, 1.0], [10.98841998167141, 13.67984788740044, 4.669955467169109], [24.231363728279373, 24.064238050008328, 9.859876317962396], [29.0, 29.0, 14.0]]
Velocity: [[0.0, 0.0, 0.0], [9.98841998167141, 12.67984788740044, 3.6699554671691086], [13.242943746607963, 10.384390162607888, 5.189920850793287], [4.768636271720627, 4.935761949991672, 4.140123682037604]]
Attitude: [[0.0, 0.0, 0.0], [0.9230317793050691, 0.698207449561829, 1.3472349331065676], [0.7197491304334963, 0.9401653173802871, 1.2716567332784605], [0.9335872338350895, 0.9073880140782924, 1.02799260384737]]
Save Location: maps/map2321/test.txt
