Path: 4
Path Score: 3.2650707578692124
Waypoints: [[1.0, 1.0, 1.0], [4.844954787942095, 14.493280729732227, 5.905721797057641], [29.0, 29.0, 14.0]]
Velocity: [[0.0, 0.0, 0.0], [3.844954787942095, 13.493280729732227, 4.905721797057641], [24.155045212057907, 14.506719270267773, 8.094278202942359]]
Attitude: [[0.0, 0.0, 0.0], [1.3091332202726853, 0.43273101466224884, 1.2344339666278068], [0.6024424447916688, 1.0531462247840206, 1.291057789320684]]
Save Location: maps/map1/test.txt
