Path: 965
Path Score: 4.141026536735319
Waypoints: [[1.0, 1.0, 1.0], [7.03200889148945, 11.212381035806049, 2.4091861245466912], [16.562231948918217, 23.36225528971405, 10.468909590942717], [29.0, 29.0, 14.0]]
Velocity: [[0.0, 0.0, 0.0], [6.03200889148945, 10.212381035806049, 1.4091861245466912], [9.530223057428767, 12.149874253908001, 8.059723466396026], [12.437768051081783, 5.637744710285951, 3.531090409057283]]
Attitude: [[0.0, 0.0, 0.0], [1.0413956223611207, 0.5452295055399751, 1.4525400011168248], [0.9918615435587425, 0.7988552080429404, 1.0897456744772147], [0.4911333101171544, 1.159608420333512, 1.31776151037235]]
Save Location: maps/map1995/test.txt
