Path: 1311
Path Score: 4.336666070378881
Waypoints: [[1.0, 1.0, 1.0], [11.681123338592288, 14.089788280863255, 4.111381059339743], [20.24894541404868, 13.704934531749169, 10.28792228211892], [29.0, 29.0, 14.0]]
Velocity: [[0.0, 0.0, 0.0], [10.681123338592288, 13.089788280863255, 3.1113810593397426], [8.567822075456393, -0.384853749114086, 6.176541222779178], [8.75105458595132, 15.295065468250831, 3.7120777178810798]]
Attitude: [[0.0, 0.0, 0.0], [0.8998039769895753, 0.7044384319041941, 1.3886732407031834], [0.6255347455852488, 1.6072175692325714, 0.9466589330747156], [1.0633520659267364, 0.5560751825583984, 1.3631766434720947]]
Save Location: maps/map647/test.txt
