Path: 59
Path Score: 4.0548700549901655
Waypoints: [[1.0, 1.0, 1.0], [8.883832853990807, 7.619820070167713, 5.821889119101872], [24.539485932888955, 19.73672816277327, 8.00225603479158], [29.0, 29.0, 14.0]]
Velocity: [[0.0, 0.0, 0.0], [7.883832853990807, 6.619820070167713, 4.821889119101872], [15.655653078898148, 12.11690809260556, 2.1803669156897083], [4.4605140671110455, 9.263271837226728, 5.99774396520842]]
Attitude: [[0.0, 0.0, 0.0], [0.8044304960935175, 0.9492050844908356, 1.1327513067607105], [0.6663895921291532, 0.9167774895308183, 1.4611018864885275], [1.1866756395694507, 0.678936129498745, 1.0426972103159322]]
Save Location: maps/map2415/test.txt
