Path: 1398
Path Score: 4.32332261465641
Waypoints: [[1.0, 1.0, 1.0], [2.1166871798879825, 7.959406805005861, 2.641112218552253], [12.699318080032214, 19.485873547121262, 13.643108962855027], [29.0, 29.0, 14.0]]
Velocity: [[0.0, 0.0, 0.0], [1.1166871798879825, 6.959406805005861, 1.6411122185522529], [10.582630900144231, 11.526466742115401, 11.001996744302774], [16.300681919967786, 9.514126452878738, 0.3568910371449725]]
Attitude: [[0.0, 0.0, 0.0], [1.4158739947349994, 0.27784815422419984, 1.3420381855188857], [0.9845452274453899, 0.9240611093009302, 0.9579895836409241], [0.5286275051045267, 1.042579273198718, 1.5518895222311728]]
Save Location: maps/map719/test.txt
