Path: 1948
Path Score: 4.607034086294071
Waypoints: [[1.0, 1.0, 1.0], [7.908661902969909, 13.249370598681029, 5.122888052721978], [6.938039822185598, 21.090386253324894, 12.519590149875834], [29.0, 29.0, 14.0]]
Velocity: [[0.0, 0.0, 0.0], [6.908661902969909, 12.249370598681029, 4.122888052721978], [-0.9706220807843113, 7.841015654643865, 7.396702097153856], [22.061960177814402, 7.909613746675106, 1.4804098501241665]]
Attitude: [[0.0, 0.0, 0.0], [1.0799032623057099, 0.5811391675180452, 1.2856207472042467], [1.6605993633265337, 0.7605096456602788, 0.8183431672061078], [0.3497487223204723, 1.2272661765835426, 1.5077145816114603]]
Save Location: maps/map16/test.txt
