Path: 997
Path Score: 4.111820694762739
Waypoints: [[1.0, 1.0, 1.0], [7.03200889148945, 11.212381035806049, 2.4091861245466912], [26.247862811798445, 26.14012348922666, 9.783949613542193], [29.0, 29.0, 14.0]]
Velocity: [[0.0, 0.0, 0.0], [6.03200889148945, 10.212381035806049, 1.4091861245466912], [19.215853920308994, 14.927742453420612, 7.374763488995502], [2.752137188201555, 2.85987651077334, 4.216050386457807]]
Attitude: [[0.0, 0.0, 0.0], [1.0413956223611207, 0.5452295055399751, 1.4525400011168248], [0.713981441284524, 0.9433134796964161, 1.276517379306961], [1.0754951709988285, 1.0542232020541684, 0.7552272384080128]]
Save Location: maps/map2187/test.txt
