Path: 1227
Path Score: 4.226001621311819
Waypoints: [[1.0, 1.0, 1.0], [10.98841998167141, 13.67984788740044, 4.669955467169109], [15.684579521262053, 24.294407344774495, 11.460625578176513], [29.0, 29.0, 14.0]]
Velocity: [[0.0, 0.0, 0.0], [9.98841998167141, 12.67984788740044, 3.6699554671691086], [4.696159539590644, 10.614559457374055, 6.790670111007405], [13.315420478737947, 4.705592655225505, 2.539374421823487]]
Attitude: [[0.0, 0.0, 0.0], [0.9230317793050691, 0.698207449561829, 1.3472349331065676], [1.2140566415664706, 0.661076591906635, 1.041442889163788], [0.38185806857320004, 1.2366735425670707, 1.3928860386768187]]
Save Location: maps/map1367/test.txt
