Path: 2496
Path Score: 4.427519916042719
Waypoints: [[1.0, 1.0, 1.0], [12.386106231445222, 1.1077460717588705, 7.4490524792482224], [14.68158349565293, 13.843237883893032, 6.016948201033536], [29.0, 29.0, 14.0]]
Velocity: [[0.0, 0.0, 0.0], [11.386106231445222, 0.10774607175887052, 6.4490524792482224], [2.295477264207708, 12.73549181213416, -1.4321042782146867], [14.31841650434707, 15.156762116106968, 7.983051798966464]]
Attitude: [[0.0, 0.0, 0.0], [0.5154044449224107, 1.562562589250552, 1.0554709245652716], [1.3935620603950054, 0.20933155871702247, 1.6810144312921034], [0.8745806038813252, 0.824576452033356, 1.2051434100274334]]
Save Location: maps/map276/test.txt
