# waypoints
G: (11.0,-17.0,15)
G: (14.428265993547061,-16.840077534079164,15)
G: (17.39906918919293,-18.54417717437354,15)
G: (20.11114276001297,-19.903481516453418,15)
G: (23.334671981858406,-19.696259649195945,15)
G: (25.99612149376624,-17.909397427231205,15)
G: (29.0,-17.0,15)


# wall segments
W: (30.0,-18.8,24.0,-21.8,3)
W: (24.0,-21.8,16.0,-20.8,3)
W: (16.0,-20.8,10.0,-18.8,3)
W: (10.0,-15.2,17.0,-16.2,3)
W: (17.0,-16.2,22.0,-18.2,3)
W: (22.0,-18.2,29.0,-15.2,3)
W: (29.0,-15.2,30.0,-15.2,3)


# environment settings
R: (0)
D: (1)
