Path: 0
Path Score: 1.7110577232033881
Waypoints: [[1.0, 1.0, 1.0], [13.890220734450644, 11.199357941851261, 2.0780911877168284], [29.0, 29.0, 14.0]]
Velocity: [[0.0, 0.0, 0.0], [12.890220734450644, 10.199357941851261, 1.0780911877168284], [15.109779265549356, 17.80064205814874, 11.92190881228317]]
Attitude: [[0.0, 0.0, 0.0], [0.0, 0.0, 0.0], [0.0, 0.0, 0.0]]
Save Location: maps/map2/test.txt
