Path: 151
Path Score: 4.332577480479367
Waypoints: [[1.0, 1.0, 1.0], [0.8689948832512862, 4.64282219210965, 7.776103442790986], [10.035552414872543, 14.727385926720864, 12.424650413075828], [29.0, 29.0, 14.0]]
Velocity: [[0.0, 0.0, 0.0], [-0.13100511674871385, 3.6428221921096497, 6.776103442790986], [9.166557531621256, 10.084563734611214, 4.648546970284841], [18.96444758512746, 14.272614073279136, 1.5753495869241725]]
Attitude: [[0.0, 0.0, 0.0], [1.5878233126910848, 1.077602275761293, 0.4935415452562085], [0.8807049569030433, 0.7948915220884072, 1.2420712528488238], [0.6480734763088719, 0.9272854822750475, 1.5045215484811172]]
Save Location: maps/map671/test.txt
