Path: 524
Path Score: 4.176557252437555
Waypoints: [[1.0, 1.0, 1.0], [9.981785049321614, 2.094242845092411, 3.906087432644374], [22.909069045040045, 10.835196024953614, 13.228528156939884], [29.0, 29.0, 14.0]]
Velocity: [[0.0, 0.0, 0.0], [8.981785049321614, 1.094242845092411, 2.906087432644374], [12.927283995718431, 8.740953179861203, 9.322440724295511], [6.090930954959955, 18.164803975046386, 0.771471843060116]]
Attitude: [[0.0, 0.0, 0.0], [0.33286566125405836, 1.4553984883962245, 1.2600245384619229], [0.7796441030650009, 1.0691578954676013, 1.0322927658481664], [1.2475348540835867, 0.325939212643112, 1.5305508334281337]]
Save Location: maps/map1756/test.txt
