Path: 148
Path Score: 4.474694542966569
Waypoints: [[1.0, 1.0, 1.0], [0.8689948832512862, 4.64282219210965, 7.776103442790986], [17.189475107527144, 6.123320838397045, 11.315568873473534], [29.0, 29.0, 14.0]]
Velocity: [[0.0, 0.0, 0.0], [-0.13100511674871385, 3.6428221921096497, 6.776103442790986], [16.320480224275858, 1.480498646287395, 3.539465430682548], [11.810524892472856, 22.876679161602954, 2.6844311265264658]]
Attitude: [[0.0, 0.0, 0.0], [1.5878233126910848, 1.077602275761293, 0.4935415452562085], [0.23088815311919428, 1.482374224810308, 1.3580781431382032], [1.0969999474799046, 0.4869188424541576, 1.4669037812398578]]
Save Location: maps/map166/test.txt
