Path: 1180
Path Score: 4.201512674183661
Waypoints: [[1.0, 1.0, 1.0], [10.98841998167141, 13.67984788740044, 4.669955467169109], [15.44249175683154, 18.284183195920107, 9.161844399110448], [29.0, 29.0, 14.0]]
Velocity: [[0.0, 0.0, 0.0], [9.98841998167141, 12.67984788740044, 3.6699554671691086], [4.454071775160131, 4.604335308519667, 4.4918889319413395], [13.55750824316846, 10.715816804079893, 4.838155600889552]]
Attitude: [[0.0, 0.0, 0.0], [0.9230317793050691, 0.698207449561829, 1.3472349331065676], [0.9651668387791251, 0.9416125103037297, 0.9592757069362229], [0.714409075190648, 0.9308782745117469, 1.2978165450117953]]
Save Location: maps/map1553/test.txt
