Path: 1909
Path Score: 4.020908286761838
Waypoints: [[1.0, 1.0, 1.0], [8.469661386104097, 5.59096684474812, 2.5279558793890997], [20.852071857601725, 15.195208825034904, 7.612944235060696], [29.0, 29.0, 14.0]]
Velocity: [[0.0, 0.0, 0.0], [7.469661386104097, 4.59096684474812, 1.5279558793890997], [12.382410471497629, 9.604241980286783, 5.084988355671596], [8.147928142398275, 13.804791174965096, 6.387055764939304]]
Attitude: [[0.0, 0.0, 0.0], [0.5747996990566772, 1.0288000156137393, 1.3982583619310816], [0.7203240825586998, 0.9484271789574631, 1.2570224468670372], [1.0790221355094318, 0.643470475899189, 1.1916321938329075]]
Save Location: maps/map2477/test.txt
