Path: 86
Path Score: 4.210944826055254
Waypoints: [[1.0, 1.0, 1.0], [6.844542921659472, 12.575654287568902, 0.7512941296865822], [14.46706287539074, 21.68231868352074, 5.395598205098573], [29.0, 29.0, 14.0]]
Velocity: [[0.0, 0.0, 0.0], [5.844542921659472, 11.575654287568902, -0.24870587031341784], [7.622519953731268, 9.106664395951839, 4.644304075411991], [14.53293712460926, 7.317681316479259, 8.604401794901428]]
Attitude: [[0.0, 0.0, 0.0], [1.103329579532339, 0.4679236243581791, 1.5899732357353402], [0.9300811308379793, 0.7753763013129258, 1.198008720926822], [0.6606967282577116, 1.161934980212726, 1.0843680323639853]]
Save Location: maps/map1463/test.txt
