Path: 2210
Path Score: 4.135527020175045
Waypoints: [[1.0, 1.0, 1.0], [5.7591996310330025, 10.496060591014656, 1.1961851557501069], [15.44249175683154, 18.284183195920107, 9.161844399110448], [29.0, 29.0, 14.0]]
Velocity: [[0.0, 0.0, 0.0], [4.7591996310330025, 9.496060591014656, 0.19618515575010687], [9.683292125798538, 7.7881226049054515, 7.965659243360341], [13.55750824316846, 10.715816804079893, 4.838155600889552]]
Attitude: [[0.0, 0.0, 0.0], [1.1062936554501903, 0.46492826404694765, 1.5523285842779897], [0.8552540016841619, 1.0149854813312944, 1.000763037435111], [0.714409075190648, 0.9308782745117469, 1.2978165450117953]]
Save Location: maps/map2033/test.txt
