Path: 1418
Path Score: 4.263139560836022
Waypoints: [[1.0, 1.0, 1.0], [10.074445050749116, 1.0357225832720962, 9.412027835082272], [24.417165918970664, 21.028566972505814, 13.862338142170172], [29.0, 29.0, 14.0]]
Velocity: [[0.0, 0.0, 0.0], [9.074445050749116, 0.03572258327209621, 8.412027835082272], [14.342720868221548, 19.992844389233717, 4.4503103070879], [4.582834081029336, 7.971433027494186, 0.1376618578298281]]
Attitude: [[0.0, 0.0, 0.0], [0.7475390695972799, 1.5679093516700198, 0.8232656157544957], [0.9598998210896138, 0.6442258871437837, 1.3918637658969], [1.0490962265383572, 0.5219593966089846, 1.5558258939074248]]
Save Location: maps/map1109/test.txt
