Path: 1271
Path Score: 4.335086782548091
Waypoints: [[1.0, 1.0, 1.0], [11.681123338592288, 14.089788280863255, 4.111381059339743], [14.201298455250685, 22.98387750158817, 5.257885864403107], [29.0, 29.0, 14.0]]
Velocity: [[0.0, 0.0, 0.0], [10.681123338592288, 13.089788280863255, 3.1113810593397426], [2.5201751166583968, 8.894089220724917, 1.1465048050633646], [14.798701544749315, 6.0161224984118284, 8.742114135596893]]
Attitude: [[0.0, 0.0, 0.0], [0.8998039769895753, 0.7044384319041941, 1.3886732407031834], [1.2968340192416266, 0.30178922458445373, 1.4474028267977883], [0.622111751572226, 1.2341041498642775, 1.070072352441417]]
Save Location: maps/map654/test.txt
