Path: 3
Path Score: 1.528566262249519
Waypoints: [[1.0, 1.0, 1.0], [10.779990141842529, 13.245851253142552, 6.090020708057308], [29.0, 29.0, 14.0]]
Velocity: [[0.0, 0.0, 0.0], [9.779990141842529, 12.245851253142552, 5.090020708057308], [18.22000985815747, 15.754148746857448, 7.909979291942692]]
Attitude: [[0.0, 0.0, 0.0], [0.9353636618774657, 0.7329955879623147, 1.2567579689217467], [0.7688969551711587, 0.9002506749041592, 1.253493980913393]]
Save Location: maps/map4/test.txt
