Path: 1000
Path Score: 4.081176140724063
Waypoints: [[1.0, 1.0, 1.0], [7.03200889148945, 11.212381035806049, 2.4091861245466912], [20.610598369444524, 19.278006681353382, 8.827928443474919], [29.0, 29.0, 14.0]]
Velocity: [[0.0, 0.0, 0.0], [6.03200889148945, 10.212381035806049, 1.4091861245466912], [13.578589477955074, 8.065625645547334, 6.418742318928228], [8.389401630555476, 9.721993318646618, 5.172071556525081]]
Attitude: [[0.0, 0.0, 0.0], [1.0413956223611207, 0.5452295055399751, 1.4525400011168248], [0.6493220699456194, 1.0779742112788953, 1.1847690099972785], [0.919766086046802, 0.7922213235648208, 1.1879058042443305]]
Save Location: maps/map2319/test.txt
