# Note +ve X is north
# Note +ve Y is West
# x, y, height
# waypoints
G: (11.0,-17.0,15)
G: (14.155014359638542,-16.40754037260009,15)
G: (16.514517588420887,-14.275273441961277,15)
G: (19.4882676463933,-13.861183924082374,15)
G: (23.057181290390787,-14.265008676690051,15)
G: (26.435210351254348,-14.927709810197891,15)
G: (29.0,-17.0,15)


# wall segments
# x1, y1, x2, y2, z
W: (40.0,-14.6,28.0,-10.600000000000001,3)
W: (28.0,-10.600000000000001,15.6,-9.0,3)
W: (15.6,-9.0,2.0,-14.6,3)
W: (2.0,-14.6,0.0,-14.6,3)
W: (0.0,-7.399999999999999,18.0,-1.3999999999999986,3)
W: (18.0,-1.3999999999999986,34.0,-3.3999999999999986,3)
W: (34.0,-3.3999999999999986,40.0,-7.399999999999999,3)


# environment settings
R: (0)
D: (1)
