# Note +ve X is north
# Note +ve Y is West
# x, y, height
# waypoints
G: (4.0,-2.0,10)
G: (15.707355243626175,-9.028392202998234,10)
G: (29.793808789671505,-8.217226514952884,10)
G: (41.94860157786104,-7.520524405531184,10)
G: (55.86289033376316,-2.0979883575476492,10)
G: (71.16081675480078,-3.221924415918309,10)
G: (83.6832564279249,-0.5783498278518238,10)
G: (96.0,-2.0,10)


# wall segments
# x1, y1, x2, y2, z
W: (96.0,-9.200000000000003,39.2,-14.0,30)
W: (39.2,-14.0,4.0,-13.200000000000003,30)
W: (4.0,-13.200000000000003,0.0,-9.200000000000003,30)
W: (0.0,5.200000000000003,28.8,-2.0,30)
W: (28.8,-2.0,72.0,5.200000000000003,30)
W: (72.0,5.200000000000003,96.0,5.200000000000003,30)


# environment settings
R: (0)
D: (1)
