Path: 1061
Path Score: 4.225181232977528
Waypoints: [[1.0, 1.0, 1.0], [5.124139793286082, 11.529276214212281, 3.1169525438428494], [17.10037516700489, 29.239729622642756, 11.903971497075933], [29.0, 29.0, 14.0]]
Velocity: [[0.0, 0.0, 0.0], [4.124139793286082, 10.529276214212281, 2.1169525438428494], [11.97623537371881, 17.710453408430475, 8.787018953233083], [11.899624832995109, -0.23972962264275566, 2.0960285029240673]]
Attitude: [[0.0, 0.0, 0.0], [1.2041596665548568, 0.4147337109116922, 1.3857324418142094], [1.0261497147129033, 0.6979058563746082, 1.1808443547141279], [0.17546746908711836, 1.5906342688103356, 1.396477078710701]]
Save Location: maps/map1375/test.txt
