Path: 1387
Path Score: 4.400976575782441
Waypoints: [[1.0, 1.0, 1.0], [2.1166871798879825, 7.959406805005861, 2.641112218552253], [8.698977053221993, 19.48629808039675, 13.371846165404145], [29.0, 29.0, 14.0]]
Velocity: [[0.0, 0.0, 0.0], [1.1166871798879825, 6.959406805005861, 1.6411122185522529], [6.582289873334011, 11.52689127539089, 10.730733946851892], [20.301022946778005, 9.51370191960325, 0.6281538345958548]]
Attitude: [[0.0, 0.0, 0.0], [1.4158739947349994, 0.27784815422419984, 1.3420381855188857], [1.1749030512225787, 0.8293994346059717, 0.890948308610968], [0.4390758398022054, 1.132740622989748, 1.5427856888103315]]
Save Location: maps/map357/test.txt
