Path: 486
Path Score: 4.331252891582858
Waypoints: [[1.0, 1.0, 1.0], [11.29885047226655, 13.922680563011099, 6.0742347128672325], [14.664796282188101, 21.28024012885323, 5.468764640312363], [29.0, 29.0, 14.0]]
Velocity: [[0.0, 0.0, 0.0], [10.29885047226655, 12.922680563011099, 5.0742347128672325], [3.365945809921552, 7.357559565842131, -0.6054700725548692], [14.335203717811899, 7.7197598711467705, 8.531235359687637]]
Attitude: [[0.0, 0.0, 0.0], [0.932550665210745, 0.7263919285052141, 1.2728643435485965], [1.1430136259167714, 0.4351127663283436, 1.6454902204432453], [0.6763273336917041, 1.1373758967665009, 1.0881508960767203]]
Save Location: maps/map675/test.txt
