Path: 1549
Path Score: 3.997434795464173
Waypoints: [[1.0, 1.0, 1.0], [5.1328300726842055, 6.167067988359742, 4.338023583503114], [19.150517884687012, 16.221567393022806, 9.065163787729501], [29.0, 29.0, 14.0]]
Velocity: [[0.0, 0.0, 0.0], [4.1328300726842055, 5.167067988359742, 3.338023583503114], [14.017687812002807, 10.054499404663064, 4.727140204226387], [9.849482115312988, 12.778432606977194, 4.934836212270499]]
Attitude: [[0.0, 0.0, 0.0], [0.9792202736645594, 0.799275207152919, 1.1035589735254734], [0.6702072935656357, 0.9738479464822615, 1.3033366722335595], [0.9474095871230266, 0.7114898316461911, 1.2739640805957166]]
Save Location: maps/map2498/test.txt
