# Note +ve X is north
# Note +ve Y is West
# x, y, height
# waypoints
G: (11.0,-17.0,15)
G: (13.734194048258011,-18.784398086739195,15)
G: (17.46029018614667,-18.741632842785954,15)
G: (20.156385376833907,-20.244120009494,15)
G: (23.207114354113127,-20.227705628205673,15)
G: (26.55708453603197,-19.46856356049097,15)
G: (29.0,-17.0,15)


# wall segments
# x1, y1, x2, y2, z
W: (40.0,-14.6,33.6,-19.0,3)
W: (33.6,-19.0,8.0,-18.6,3)
W: (8.0,-18.6,0.0,-14.6,3)
W: (0.0,-7.399999999999999,19.6,-13.0,3)
W: (19.6,-13.0,32.4,-11.0,3)
W: (32.4,-11.0,40.0,-7.399999999999999,3)


# environment settings
R: (0)
D: (1)
