Path: 1626
Path Score: 4.241155463511124
Waypoints: [[1.0, 1.0, 1.0], [10.36013664890983, 5.847929453477029, 2.4421408215587084], [24.548396690958242, 11.577212241638717, 14.392801991557022], [29.0, 29.0, 14.0]]
Velocity: [[0.0, 0.0, 0.0], [9.36013664890983, 4.847929453477029, 1.4421408215587084], [14.188260042048412, 5.729282788161688, 11.950661169998313], [4.451603309041758, 17.42278775836128, -0.3928019915570218]]
Attitude: [[0.0, 0.0, 0.0], [0.49541529610661705, 1.0976792558885609, 1.4348290922750935], [0.7513304792069262, 1.271243726589013, 0.9077362395831537], [1.3207044969365416, 0.251084454734688, 1.5926364233314274]]
Save Location: maps/map1252/test.txt
