Path: 1962
Path Score: 4.2912144699590975
Waypoints: [[1.0, 1.0, 1.0], [7.908661902969909, 13.249370598681029, 5.122888052721978], [16.883025564776037, 28.590923589761672, 8.346739006746619], [29.0, 29.0, 14.0]]
Velocity: [[0.0, 0.0, 0.0], [6.908661902969909, 12.249370598681029, 4.122888052721978], [8.974363661806128, 15.341552991080643, 3.223850954024641], [12.116974435223963, 0.4090764102383275, 5.653260993253381]]
Attitude: [[0.0, 0.0, 0.0], [1.0799032623057099, 0.5811391675180452, 1.2856207472042467], [1.0508670192652059, 0.55612899579664, 1.3913633564694814], [0.43753856464082885, 1.5402112905645133, 1.134477297818289]]
Save Location: maps/map923/test.txt
