Path: 1028
Path Score: 4.067749374825324
Waypoints: [[1.0, 1.0, 1.0], [5.124139793286082, 11.529276214212281, 3.1169525438428494], [24.231363728279373, 24.064238050008328, 9.859876317962396], [29.0, 29.0, 14.0]]
Velocity: [[0.0, 0.0, 0.0], [4.124139793286082, 10.529276214212281, 2.1169525438428494], [19.107223934993293, 12.534961835796047, 6.7429237741195465], [4.768636271720627, 4.935761949991672, 4.140123682037604]]
Attitude: [[0.0, 0.0, 0.0], [1.2041596665548568, 0.4147337109116922, 1.3857324418142094], [0.6402466370185173, 1.0167831717962028, 1.2838685379090564], [0.9335872338350895, 0.9073880140782924, 1.02799260384737]]
Save Location: maps/map2372/test.txt
