Path: 1429
Path Score: 4.364926394730094
Waypoints: [[1.0, 1.0, 1.0], [10.074445050749116, 1.0357225832720962, 9.412027835082272], [20.941187860159854, 5.775881785340472, 14.270885595565682], [29.0, 29.0, 14.0]]
Velocity: [[0.0, 0.0, 0.0], [9.074445050749116, 0.03572258327209621, 8.412027835082272], [10.866742809410738, 4.740159202068376, 4.85885776048341], [8.058812139840146, 23.224118214659526, -0.2708855955656819]]
Attitude: [[0.0, 0.0, 0.0], [0.7475390695972799, 1.5679093516700198, 0.8232656157544957], [0.5583567261579053, 1.191830744855541, 1.1818390103119953], [1.236816017767965, 0.3341762810916468, 1.5818152855342118]]
Save Location: maps/map495/test.txt
