Path: 773
Path Score: 4.122757666664292
Waypoints: [[1.0, 1.0, 1.0], [12.697608925444278, 6.8811022717284045, 6.207161753256], [20.24894541404868, 13.704934531749169, 10.28792228211892], [29.0, 29.0, 14.0]]
Velocity: [[0.0, 0.0, 0.0], [11.697608925444278, 5.8811022717284045, 5.207161753256], [7.551336488604402, 6.823832260020764, 4.08076052886292], [8.75105458595132, 15.295065468250831, 3.7120777178810798]]
Attitude: [[0.0, 0.0, 0.0], [0.5913478455125089, 1.1402281118229445, 1.1922640516212777], [0.8111689352993845, 0.8991112853731249, 1.1894732491230804], [1.0633520659267364, 0.5560751825583984, 1.3631766434720947]]
Save Location: maps/map2114/test.txt
