Path: 643
Path Score: 4.357455735813366
Waypoints: [[1.0, 1.0, 1.0], [12.65259495451803, 15.504691539838976, 1.3902173466937446], [20.212090313700415, 29.084942607850003, 7.828513501034688], [29.0, 29.0, 14.0]]
Velocity: [[0.0, 0.0, 0.0], [11.65259495451803, 14.504691539838976, 0.39021734669374464], [7.559495359182385, 13.580251068011027, 6.438296154340943], [8.787909686299585, -0.08494260785000307, 6.171486498965312]]
Attitude: [[0.0, 0.0, 0.0], [0.8941821376993422, 0.6770644370273821, 1.5498263094141658], [1.104760051279172, 0.6313483467535514, 1.1780761887723536], [0.6122924637915843, 1.5787062884807508, 0.9585703773157652]]
Save Location: maps/map541/test.txt
