Path: 1631
Path Score: 4.139264559404873
Waypoints: [[1.0, 1.0, 1.0], [10.36013664890983, 5.847929453477029, 2.4421408215587084], [19.389288025563584, 16.06728025107769, 3.2087782934268243], [29.0, 29.0, 14.0]]
Velocity: [[0.0, 0.0, 0.0], [9.36013664890983, 4.847929453477029, 1.4421408215587084], [9.029151376653754, 10.219350797600661, 0.7666374718681159], [9.610711974436416, 12.93271974892231, 10.791221706573175]]
Attitude: [[0.0, 0.0, 0.0], [0.49541529610661705, 1.0976792558885609, 1.4348290922750935], [0.8485449516787466, 0.7254259759530772, 1.514636915890583], [1.0522852008502876, 0.8407680585630531, 0.9806749590669072]]
Save Location: maps/map2005/test.txt
