Path: 168
Path Score: 4.518057924607709
Waypoints: [[1.0, 1.0, 1.0], [0.8689948832512862, 4.64282219210965, 7.776103442790986], [3.6115421997972854, 21.16184829584802, 12.099830806401165], [29.0, 29.0, 14.0]]
Velocity: [[0.0, 0.0, 0.0], [-0.13100511674871385, 3.6428221921096497, 6.776103442790986], [2.7425473165459993, 16.51902610373837, 4.323727363610179], [25.388457800202715, 7.838151704151979, 1.9001691935988347]]
Attitude: [[0.0, 0.0, 0.0], [1.5878233126910848, 1.077602275761293, 0.4935415452562085], [1.4115434589119051, 0.3005656912744643, 1.3181076611580076], [0.30758927359052607, 1.272137024808702, 1.49940458028285]]
Save Location: maps/map89/test.txt
