Path: 275
Path Score: 4.383810139109528
Waypoints: [[1.0, 1.0, 1.0], [10.236205802881091, 6.726958385030271, 8.616461550781413], [10.752760318917543, 18.75992942067851, 14.80087523764835], [29.0, 29.0, 14.0]]
Velocity: [[0.0, 0.0, 0.0], [9.236205802881091, 5.726958385030271, 7.616461550781413], [0.516554516036452, 12.032971035648238, 6.184413686866938], [18.247239681082455, 10.24007057932149, -0.8008752376483503]]
Attitude: [[0.0, 0.0, 0.0], [0.801018365502451, 1.1245932303302049, 0.9595076706588436], [1.532634161090634, 0.47616439860767557, 1.0964207841754225], [0.5126920098124623, 1.0598172007710935, 1.6090527819834075]]
Save Location: maps/map419/test.txt
