Path: 1079
Path Score: 4.120815871922123
Waypoints: [[1.0, 1.0, 1.0], [5.124139793286082, 11.529276214212281, 3.1169525438428494], [12.613060744395664, 17.548051480031873, 8.080005726347148], [29.0, 29.0, 14.0]]
Velocity: [[0.0, 0.0, 0.0], [4.124139793286082, 10.529276214212281, 2.1169525438428494], [7.4889209511095824, 6.018775265819592, 4.963053182504298], [16.386939255604336, 11.451948519968127, 5.919994273652852]]
Attitude: [[0.0, 0.0, 0.0], [1.2041596665548568, 0.4147337109116922, 1.3857324418142094], [0.8058141095181669, 0.9805386048491396, 1.0939842061758547], [0.6665783723714116, 0.989326980912511, 1.28290425102486]]
Save Location: maps/map2128/test.txt
