Path: 2480
Path Score: 4.350476542240142
Waypoints: [[1.0, 1.0, 1.0], [12.386106231445222, 1.1077460717588705, 7.4490524792482224], [18.278593753428844, 13.542675969678093, 13.490985374955708], [29.0, 29.0, 14.0]]
Velocity: [[0.0, 0.0, 0.0], [11.386106231445222, 0.10774607175887052, 6.4490524792482224], [5.892487521983622, 12.434929897919222, 6.041932895707485], [10.721406246571156, 15.457324030321907, 0.5090146250442924]]
Attitude: [[0.0, 0.0, 0.0], [0.5154044449224107, 1.562562589250552, 1.0554709245652716], [1.1678947334415068, 0.5962863062671259, 1.1570597626607737], [0.964623337542555, 0.6069540453552669, 1.5437444202820336]]
Save Location: maps/map581/test.txt
