Path: 2102
Path Score: 4.359081884422639
Waypoints: [[1.0, 1.0, 1.0], [2.1051801977178286, 12.705542697858661, 1.33533427386211], [11.717608255286521, 26.086366361922085, 10.100298251227693], [29.0, 29.0, 14.0]]
Velocity: [[0.0, 0.0, 0.0], [1.1051801977178286, 11.705542697858661, 0.3353342738621099], [9.612428057568692, 13.380823664063424, 8.764963977365584], [17.28239174471348, 2.913633638077915, 3.8997017487723067]]
Attitude: [[0.0, 0.0, 0.0], [1.4766986395106851, 0.09834724994807642, 1.5422834159518], [1.0296946524490627, 0.7712936129725863, 1.0818801122033206], [0.27455761083990476, 1.4078003124714065, 1.351856955162436]]
Save Location: maps/map525/test.txt
