Path: 1720
Path Score: 4.11555366384188
Waypoints: [[1.0, 1.0, 1.0], [10.805725952785512, 11.283487147150078, 0.7484718343695662], [22.16101751903432, 21.88131243389526, 7.844034735289933], [29.0, 29.0, 14.0]]
Velocity: [[0.0, 0.0, 0.0], [9.805725952785512, 10.283487147150078, -0.2515281656304338], [11.355291566248809, 10.597825286745183, 7.095562900920367], [6.838982480965679, 7.1186875661047395, 6.155965264710067]]
Attitude: [[0.0, 0.0, 0.0], [0.8093250089126587, 0.7617849255869302, 1.5884962164824006], [0.8433430332796322, 0.9012730491133297, 1.142283474741355], [0.9423867443913255, 0.9123337917118957, 1.0131992799999519]]
Save Location: maps/map2165/test.txt
