Path: 2093
Path Score: 4.259664440159083
Waypoints: [[1.0, 1.0, 1.0], [2.1051801977178286, 12.705542697858661, 1.33533427386211], [11.922439956495857, 17.336683693731057, 5.215453288665816], [29.0, 29.0, 14.0]]
Velocity: [[0.0, 0.0, 0.0], [1.1051801977178286, 11.705542697858661, 0.3353342738621099], [9.817259758778029, 4.631140995872396, 3.880119014803706], [17.077560043504143, 11.663316306268943, 8.784546711334183]]
Attitude: [[0.0, 0.0, 0.0], [1.4766986395106851, 0.09834724994807642, 1.5422834159518], [0.5516818238568157, 1.1573692226036976, 1.2274933916396136], [0.7073929618515384, 1.0250094498144648, 1.169113814241912]]
Save Location: maps/map1141/test.txt
