Path: 1276
Path Score: 4.398825528988177
Waypoints: [[1.0, 1.0, 1.0], [11.681123338592288, 14.089788280863255, 4.111381059339743], [29.619779005927043, 16.055162190531664, 11.240498068360214], [29.0, 29.0, 14.0]]
Velocity: [[0.0, 0.0, 0.0], [10.681123338592288, 13.089788280863255, 3.1113810593397426], [17.938655667334757, 1.9653739096684095, 7.129117009020471], [-0.6197790059270432, 12.944837809468336, 2.759501931639786]]
Attitude: [[0.0, 0.0, 0.0], [0.8998039769895753, 0.7044384319041941, 1.3886732407031834], [0.39101502323718107, 1.4693308467360247, 1.194562289714102], [1.6175884678130226, 0.21510429880291476, 1.3609995351376978]]
Save Location: maps/map365/test.txt
