Path: 2038
Path Score: 4.3735839928577525
Waypoints: [[1.0, 1.0, 1.0], [1.6574939373145603, 7.640942564656317, 6.853106441814953], [6.596290149546203, 22.34738075894622, 14.267155835962525], [29.0, 29.0, 14.0]]
Velocity: [[0.0, 0.0, 0.0], [0.6574939373145603, 6.640942564656317, 5.853106441814953], [4.938796212231642, 14.706438194289902, 7.414049394147572], [22.403709850453797, 6.652619241053781, -0.2671558359625248]]
Attitude: [[0.0, 0.0, 0.0], [1.4966576018134188, 0.7255359120981532, 0.8507902510389312], [1.2794554751272624, 0.5446361643636632, 1.1249786580642962], [0.2888695544722783, 1.2821661018601413, 1.582227121859774]]
Save Location: maps/map446/test.txt
