Path: 328
Path Score: 4.175912320814301
Waypoints: [[1.0, 1.0, 1.0], [11.62421921707525, 9.637940007438962, 4.108292062461251], [19.778926106740936, 25.028774492325528, 13.753258473645548], [29.0, 29.0, 14.0]]
Velocity: [[0.0, 0.0, 0.0], [10.62421921707525, 8.637940007438962, 3.108292062461251], [8.154706889665686, 15.390834484886566, 9.644966411184297], [9.221073893259064, 3.971225507674472, 0.24674152635445168]]
Attitude: [[0.0, 0.0, 0.0], [0.7126112608988734, 0.9081638967287853, 1.3475745118170808], [1.148801178356912, 0.6871990976534564, 1.0650828590972146], [0.40736238913210576, 1.1642642704118822, 1.54622508670751]]
Save Location: maps/map1761/test.txt
