Path: 1257
Path Score: 4.2023832220668265
Waypoints: [[1.0, 1.0, 1.0], [11.681123338592288, 14.089788280863255, 4.111381059339743], [24.417165918970664, 21.028566972505814, 13.862338142170172], [29.0, 29.0, 14.0]]
Velocity: [[0.0, 0.0, 0.0], [10.681123338592288, 13.089788280863255, 3.1113810593397426], [12.736042580378376, 6.938778691642559, 9.750957082830428], [4.582834081029336, 7.971433027494186, 0.1376618578298281]]
Attitude: [[0.0, 0.0, 0.0], [0.8998039769895753, 0.7044384319041941, 1.3886732407031834], [0.7543093449065147, 1.1625171361853934, 0.9788939047363794], [1.0490962265383572, 0.5219593966089846, 1.5558258939074248]]
Save Location: maps/map1543/test.txt
