Path: 1528
Path Score: 4.6067569650422335
Waypoints: [[1.0, 1.0, 1.0], [0.8300875511549277, 1.6500330013832676, 11.560854587793756], [4.23820593081067, 17.853982910663618, 13.793695135435073], [29.0, 29.0, 14.0]]
Velocity: [[0.0, 0.0, 0.0], [-0.16991244884507228, 0.6500330013832676, 10.560854587793756], [3.4081183796557424, 16.20394990928035, 2.2328405476413167], [24.761794069189328, 11.146017089336382, 0.20630486456492747]]
Attitude: [[0.0, 0.0, 0.0], [1.5868534482018404, 1.5093306408644638, 0.06353355267918272], [1.3653777033067143, 0.2463388741354547, 1.4367590982657765], [0.42302582521687426, 1.1478475994517368, 1.5631990947061005]]
Save Location: maps/map18/test.txt
