Path: 691
Path Score: 4.245729972450265
Waypoints: [[1.0, 1.0, 1.0], [7.279071891786115, 11.99037003440958, 7.619831722996372], [22.48463544099993, 22.910796544751268, 5.995441400636155], [29.0, 29.0, 14.0]]
Velocity: [[0.0, 0.0, 0.0], [6.279071891786115, 10.99037003440958, 6.619831722996372], [15.205563549213815, 10.920426510341688, -1.6243903223602167], [6.515364559000069, 6.089203455248732, 8.004558599363845]]
Attitude: [[0.0, 0.0, 0.0], [1.115662030937802, 0.6928797362779866, 1.088924427386206], [0.6280210004872477, 0.9506546693496363, 1.6573492520588124], [0.9959567092637175, 1.0377754035517597, 0.8393162236524304]]
Save Location: maps/map1218/test.txt
