Path: 2129
Path Score: 4.288240757599334
Waypoints: [[1.0, 1.0, 1.0], [7.976694836660609, 10.929766397758005, 9.409001445334173], [11.40378861351021, 23.288761880938765, 11.804403224732908], [29.0, 29.0, 14.0]]
Velocity: [[0.0, 0.0, 0.0], [6.976694836660609, 9.929766397758005, 8.409001445334173], [3.427093776849601, 12.35899548318076, 2.3954017793987354], [17.59621138648979, 5.711238119061235, 2.1955967752670915]]
Attitude: [[0.0, 0.0, 0.0], [1.0786293818483852, 0.8331465441750755, 0.9648405508336908], [1.305007737553344, 0.3262291343855017, 1.3861529126475758], [0.33465120952432154, 1.2592127196021017, 1.4526670982553629]]
Save Location: maps/map942/test.txt
