Path: 1644
Path Score: 4.060241556680153
Waypoints: [[1.0, 1.0, 1.0], [10.36013664890983, 5.847929453477029, 2.4421408215587084], [20.852071857601725, 15.195208825034904, 7.612944235060696], [29.0, 29.0, 14.0]]
Velocity: [[0.0, 0.0, 0.0], [9.36013664890983, 4.847929453477029, 1.4421408215587084], [10.491935208691896, 9.347279371557875, 5.170803413501988], [8.147928142398275, 13.804791174965096, 6.387055764939304]]
Attitude: [[0.0, 0.0, 0.0], [0.49541529610661705, 1.0976792558885609, 1.4348290922750935], [0.7943824181101201, 0.8965902427791987, 1.2181923407675959], [1.0790221355094318, 0.643470475899189, 1.1916321938329075]]
Save Location: maps/map2394/test.txt
