Path: 1228
Path Score: 4.30643928687564
Waypoints: [[1.0, 1.0, 1.0], [10.98841998167141, 13.67984788740044, 4.669955467169109], [23.80619581829966, 28.941778377351817, 14.88524117496731], [29.0, 29.0, 14.0]]
Velocity: [[0.0, 0.0, 0.0], [9.98841998167141, 12.67984788740044, 3.6699554671691086], [12.81777583662825, 15.261930489951377, 10.215285707798202], [5.19380418170034, 0.05822162264818331, -0.8852411749673106]]
Attitude: [[0.0, 0.0, 0.0], [0.9230317793050691, 0.698207449561829, 1.3472349331065676], [0.9614540351828308, 0.8210371567117983, 1.0971613601556813], [0.16917730242266035, 1.5597463151797681, 1.7396054079197876]]
Save Location: maps/map823/test.txt
