Path: 1324
Path Score: 4.434274552222193
Waypoints: [[1.0, 1.0, 1.0], [3.4670120800623283, 8.98615020457587, 12.766320645476934], [16.562231948918217, 23.36225528971405, 10.468909590942717], [29.0, 29.0, 14.0]]
Velocity: [[0.0, 0.0, 0.0], [2.4670120800623283, 7.986150204575869, 11.766320645476934], [13.095219868855889, 14.37610508513818, -2.2974110545342175], [12.437768051081783, 5.637744710285951, 3.531090409057283]]
Attitude: [[0.0, 0.0, 0.0], [1.399024108228292, 0.9844440153430374, 0.6176559127637982], [0.8382639372826198, 0.7463564620794302, 1.6883927478816267], [0.4911333101171544, 1.159608420333512, 1.31776151037235]]
Save Location: maps/map250/test.txt
