Path: 1360
Path Score: 4.308297271335105
Waypoints: [[1.0, 1.0, 1.0], [2.1166871798879825, 7.959406805005861, 2.641112218552253], [16.0492409098564, 24.532128528212887, 5.259776536804952], [29.0, 29.0, 14.0]]
Velocity: [[0.0, 0.0, 0.0], [1.1166871798879825, 6.959406805005861, 1.6411122185522529], [13.932553729968419, 16.572721723207025, 2.618664318252699], [12.950759090143599, 4.467871471787113, 8.740223463195047]]
Attitude: [[0.0, 0.0, 0.0], [1.4158739947349994, 0.27784815422419984, 1.3420381855188857], [0.8777978787114383, 0.7076278283050599, 1.450432771819703], [0.6485671725677874, 1.2922699173049879, 1.0029155967308279]]
Save Location: maps/map807/test.txt
