Path: 650
Path Score: 4.396226537400463
Waypoints: [[1.0, 1.0, 1.0], [12.65259495451803, 15.504691539838976, 1.3902173466937446], [15.400672772919897, 26.69900395650807, 5.879479941270359], [29.0, 29.0, 14.0]]
Velocity: [[0.0, 0.0, 0.0], [11.65259495451803, 14.504691539838976, 0.39021734669374464], [2.7480778184018675, 11.194312416669092, 4.489262594576615], [13.599327227080103, 2.3009960434919314, 8.12052005872964]]
Attitude: [[0.0, 0.0, 0.0], [0.8941821376993422, 0.6770644370273821, 1.5498263094141658], [1.346771332378718, 0.4395266790908233, 1.1994031535612406], [0.5554547236335042, 1.4265344991304623, 1.0386836664292136]]
Save Location: maps/map369/test.txt
