Path: 1455
Path Score: 4.301752518930273
Waypoints: [[1.0, 1.0, 1.0], [1.5831056317866898, 11.289807463775418, 6.886569014408189], [10.035552414872543, 14.727385926720864, 12.424650413075828], [29.0, 29.0, 14.0]]
Velocity: [[0.0, 0.0, 0.0], [0.5831056317866898, 10.289807463775418, 5.886569014408189], [8.452446783085852, 3.437578462945446, 5.5380813986676385], [18.96444758512746, 14.272614073279136, 1.5753495869241725]]
Attitude: [[0.0, 0.0, 0.0], [1.5216478577442305, 0.5217422173051365, 1.0518517055369716], [0.6569094165328435, 1.2428959410983342, 1.0252963700979005], [0.6480734763088719, 0.9272854822750475, 1.5045215484811172]]
Save Location: maps/map854/test.txt
