Path: 75
Path Score: 4.186064976520321
Waypoints: [[1.0, 1.0, 1.0], [6.844542921659472, 12.575654287568902, 0.7512941296865822], [16.060622627406442, 22.284008548073043, 8.655570821620126], [29.0, 29.0, 14.0]]
Velocity: [[0.0, 0.0, 0.0], [5.844542921659472, 11.575654287568902, -0.24870587031341784], [9.21607970574697, 9.70835426050414, 7.904276691933544], [12.939377372593558, 6.715991451926957, 5.344429178379874]]
Attitude: [[0.0, 0.0, 0.0], [1.103329579532339, 0.4679236243581791, 1.5899732357353402], [0.9362136757968906, 0.8962949722421018, 1.0374040603941033], [0.5856835745155158, 1.123499545747589, 1.2194127759243851]]
Save Location: maps/map1676/test.txt
