Path: 1504
Path Score: 4.337580666690055
Waypoints: [[1.0, 1.0, 1.0], [1.5831056317866898, 11.289807463775418, 6.886569014408189], [11.717608255286521, 26.086366361922085, 10.100298251227693], [29.0, 29.0, 14.0]]
Velocity: [[0.0, 0.0, 0.0], [0.5831056317866898, 10.289807463775418, 5.886569014408189], [10.13450262349983, 14.796558898146667, 3.2137292368195043], [17.28239174471348, 2.913633638077915, 3.8997017487723067]]
Attitude: [[0.0, 0.0, 0.0], [1.5216478577442305, 0.5217422173051365, 1.0518517055369716], [0.9809605280027845, 0.6230576798757744, 1.3934855861916344], [0.27455761083990476, 1.4078003124714065, 1.351856955162436]]
Save Location: maps/map643/test.txt
