Path: 63
Path Score: 4.207347940305747
Waypoints: [[1.0, 1.0, 1.0], [6.844542921659472, 12.575654287568902, 0.7512941296865822], [15.44249175683154, 18.284183195920107, 9.161844399110448], [29.0, 29.0, 14.0]]
Velocity: [[0.0, 0.0, 0.0], [5.844542921659472, 11.575654287568902, -0.24870587031341784], [8.597948835172069, 5.708528908351205, 8.410550269423865], [13.55750824316846, 10.715816804079893, 4.838155600889552]]
Attitude: [[0.0, 0.0, 0.0], [1.103329579532339, 0.4679236243581791, 1.5899732357353402], [0.8687170423004706, 1.1276573531554956, 0.8870124025318079], [0.714409075190648, 0.9308782745117469, 1.2978165450117953]]
Save Location: maps/map1488/test.txt
