Path: 796
Path Score: 4.271187120864858
Waypoints: [[1.0, 1.0, 1.0], [4.844954787942095, 14.493280729732227, 5.905721797057641], [19.150517884687012, 16.221567393022806, 9.065163787729501], [29.0, 29.0, 14.0]]
Velocity: [[0.0, 0.0, 0.0], [3.844954787942095, 13.493280729732227, 4.905721797057641], [14.305563096744917, 1.7282866632905787, 3.1594419906718603], [9.849482115312988, 12.778432606977194, 4.934836212270499]]
Attitude: [[0.0, 0.0, 0.0], [1.3091332202726853, 0.43273101466224884, 1.2344339666278068], [0.24661393334107265, 1.4533696610484572, 1.3549521933574045], [0.9474095871230266, 0.7114898316461911, 1.2739640805957166]]
Save Location: maps/map1050/test.txt
