Path: 1382
Path Score: 4.2338204798119135
Waypoints: [[1.0, 1.0, 1.0], [2.1166871798879825, 7.959406805005861, 2.641112218552253], [14.664796282188101, 21.28024012885323, 5.468764640312363], [29.0, 29.0, 14.0]]
Velocity: [[0.0, 0.0, 0.0], [1.1166871798879825, 6.959406805005861, 1.6411122185522529], [12.548109102300119, 13.320833323847369, 2.8276524217601104], [14.335203717811899, 7.7197598711467705, 8.531235359687637]]
Attitude: [[0.0, 0.0, 0.0], [1.4158739947349994, 0.27784815422419984, 1.3420381855188857], [0.8262507809181355, 0.7679053767524427, 1.4174943650387712], [0.6763273336917041, 1.1373758967665009, 1.0881508960767203]]
Save Location: maps/map1308/test.txt
