Path: 1154
Path Score: 4.195066671281452
Waypoints: [[1.0, 1.0, 1.0], [7.244355243304841, 4.686769508950413, 5.732290508395203], [12.16882105369413, 22.5703746743433, 7.023400396976081], [29.0, 29.0, 14.0]]
Velocity: [[0.0, 0.0, 0.0], [6.244355243304841, 3.6867695089504133, 4.732290508395203], [4.924465810389289, 17.883605165392886, 1.2911098885808778], [16.83117894630587, 6.429625325656701, 6.976599603023919]]
Attitude: [[0.0, 0.0, 0.0], [0.7653529368027897, 1.1309818444795048, 0.9925991767107255], [1.3027581320792498, 0.2773329149369653, 1.5013038832051144], [0.5132908177846113, 1.2315474594293268, 1.2013612558293933]]
Save Location: maps/map1606/test.txt
