Path: 864
Path Score: 4.110359632696826
Waypoints: [[1.0, 1.0, 1.0], [13.622214221490246, 10.560085107867, 6.307093757900562], [22.16101751903432, 21.88131243389526, 7.844034735289933], [29.0, 29.0, 14.0]]
Velocity: [[0.0, 0.0, 0.0], [12.622214221490246, 9.560085107867, 5.307093757900562], [8.538803297544074, 11.32122732602826, 1.5369409773893707], [6.838982480965679, 7.1186875661047395, 6.155965264710067]]
Attitude: [[0.0, 0.0, 0.0], [0.7138698155414545, 0.9612815674177257, 1.2473929819737224], [0.9289780850452277, 0.6538831955033494, 1.46283225002225], [0.9423867443913255, 0.9123337917118957, 1.0131992799999519]]
Save Location: maps/map2198/test.txt
