Path: 656
Path Score: 4.165134364459613
Waypoints: [[1.0, 1.0, 1.0], [12.65259495451803, 15.504691539838976, 1.3902173466937446], [26.247862811798445, 26.14012348922666, 9.783949613542193], [29.0, 29.0, 14.0]]
Velocity: [[0.0, 0.0, 0.0], [11.65259495451803, 14.504691539838976, 0.39021734669374464], [13.595267857280415, 10.635431949387684, 8.393732266848449], [2.752137188201555, 2.85987651077334, 4.216050386457807]]
Attitude: [[0.0, 0.0, 0.0], [0.8941821376993422, 0.6770644370273821, 1.5498263094141658], [0.7836824172636293, 0.9835025141181241, 1.1181834022737525], [1.0754951709988285, 1.0542232020541684, 0.7552272384080128]]
Save Location: maps/map1838/test.txt
