Path: 939
Path Score: 4.252934457392433
Waypoints: [[1.0, 1.0, 1.0], [7.03200889148945, 11.212381035806049, 2.4091861245466912], [16.702169176436314, 28.43696480624766, 9.763844081040961], [29.0, 29.0, 14.0]]
Velocity: [[0.0, 0.0, 0.0], [6.03200889148945, 10.212381035806049, 1.4091861245466912], [9.670160284946864, 17.224583770441612, 7.35465795649427], [12.297830823563686, 0.5630351937523415, 4.236155918959039]]
Attitude: [[0.0, 0.0, 0.0], [1.0413956223611207, 0.5452295055399751, 1.4525400011168248], [1.0941790637563884, 0.6143012347598782, 1.2143747268478169], [0.3344395960989817, 1.5275361923898203, 1.2393843932691453]]
Save Location: maps/map1174/test.txt
