Path: 636
Path Score: 4.185810575043597
Waypoints: [[1.0, 1.0, 1.0], [12.65259495451803, 15.504691539838976, 1.3902173466937446], [25.82242157098592, 26.583335307071817, 8.735195019153062], [29.0, 29.0, 14.0]]
Velocity: [[0.0, 0.0, 0.0], [11.65259495451803, 14.504691539838976, 0.39021734669374464], [13.16982661646789, 11.07864376723284, 7.344977672459318], [3.17757842901408, 2.416664692928183, 5.264804980846938]]
Attitude: [[0.0, 0.0, 0.0], [0.8941821376993422, 0.6770644370273821, 1.5498263094141658], [0.7900261068101941, 0.9371725444900306, 1.167412271945714], [1.0690872565574958, 1.1963461847155972, 0.6487738662809521]]
Save Location: maps/map1679/test.txt
