Path: 908
Path Score: 4.353057875328997
Waypoints: [[1.0, 1.0, 1.0], [7.363766588778974, 0.518530266354752, 10.190548616200227], [15.44249175683154, 18.284183195920107, 9.161844399110448], [29.0, 29.0, 14.0]]
Velocity: [[0.0, 0.0, 0.0], [6.363766588778974, -0.48146973364524803, 9.190548616200227], [8.078725168052566, 17.765652929565356, -1.0287042170897784], [13.55750824316846, 10.715816804079893, 4.838155600889552]]
Attitude: [[0.0, 0.0, 0.0], [0.9658135015594402, 1.6138399388547588, 0.6069604064989591], [1.1446392206639477, 0.4298258141324264, 1.623457714912974], [0.714409075190648, 0.9308782745117469, 1.2978165450117953]]
Save Location: maps/map562/test.txt
