Path: 1017
Path Score: 4.48788557324902
Waypoints: [[1.0, 1.0, 1.0], [5.124139793286082, 11.529276214212281, 3.1169525438428494], [5.476426590449544, 24.792019982761524, 11.928629304707748], [29.0, 29.0, 14.0]]
Velocity: [[0.0, 0.0, 0.0], [4.124139793286082, 10.529276214212281, 2.1169525438428494], [0.3522867971634627, 13.262743768549242, 8.811676760864898], [23.523573409550455, 4.2079800172384765, 2.071370695292252]]
Attitude: [[0.0, 0.0, 0.0], [1.2041596665548568, 0.4147337109116922, 1.3857324418142094], [1.5486757155143276, 0.586795142373787, 0.9845318498210313], [0.19680087071921654, 1.3944532215503482, 1.4843332485331382]]
Save Location: maps/map135/test.txt
