Path: 2334
Path Score: 4.222930411803963
Waypoints: [[1.0, 1.0, 1.0], [2.7823021602657514, 3.2626923788090734, 6.811174955232296], [10.035552414872543, 14.727385926720864, 12.424650413075828], [29.0, 29.0, 14.0]]
Velocity: [[0.0, 0.0, 0.0], [1.7823021602657514, 2.2626923788090734, 5.811174955232296], [7.253250254606791, 11.46469354791179, 5.613475457843531], [18.96444758512746, 14.272614073279136, 1.5753495869241725]]
Attitude: [[0.0, 0.0, 0.0], [1.2924157480158258, 1.2144350237412072, 0.46016632051788314], [1.0540836418208657, 0.6747399539754478, 1.1784707921524473], [0.6480734763088719, 0.9272854822750475, 1.5045215484811172]]
Save Location: maps/map1389/test.txt
