Path: 614
Path Score: 4.382885615017168
Waypoints: [[1.0, 1.0, 1.0], [1.9869655009534015, 2.3470905443897805, 9.726710653669548], [10.813854449086909, 5.567310892634433, 14.210772721131594], [29.0, 29.0, 14.0]]
Velocity: [[0.0, 0.0, 0.0], [0.9869655009534015, 1.3470905443897805, 8.726710653669548], [8.826888948133508, 3.2202203482446525, 4.484062067462046], [18.18614555091309, 23.43268910736557, -0.21077272113159395]]
Attitude: [[0.0, 0.0, 0.0], [1.4594850995761104, 1.4185963426785977, 0.18907565762625306], [0.5589054790214081, 1.2563320934510112, 1.1255270405982822], [0.9108180394168425, 0.6600304083671558, 1.5779020534585397]]
Save Location: maps/map424/test.txt
