Path: 2228
Path Score: 4.1019731870588
Waypoints: [[1.0, 1.0, 1.0], [5.7591996310330025, 10.496060591014656, 1.1961851557501069], [22.16101751903432, 21.88131243389526, 7.844034735289933], [29.0, 29.0, 14.0]]
Velocity: [[0.0, 0.0, 0.0], [4.7591996310330025, 9.496060591014656, 0.19618515575010687], [16.401817888001318, 11.385251842880605, 6.647849579539826], [6.838982480965679, 7.1186875661047395, 6.155965264710067]]
Attitude: [[0.0, 0.0, 0.0], [1.1062936554501903, 0.46492826404694765, 1.5523285842779897], [0.6770618380595202, 0.99913630117821, 1.249384067592441], [0.9423867443913255, 0.9123337917118957, 1.0131992799999519]]
Save Location: maps/map2239/test.txt
