Path: 439
Path Score: 4.26498409425515
Waypoints: [[1.0, 1.0, 1.0], [8.23561037690084, 4.511685430060676, 8.33124458240136], [13.095324436113561, 15.033365545267669, 6.706312039110363], [29.0, 29.0, 14.0]]
Velocity: [[0.0, 0.0, 0.0], [7.235610376900841, 3.511685430060676, 7.331244582401361], [4.85971405921272, 10.521680115206994, -1.6249325432909973], [15.904675563886439, 13.966634454732331, 7.293687960889637]]
Attitude: [[0.0, 0.0, 0.0], [0.8434728410597166, 1.2422312953632766, 0.8316455994328315], [1.1425792752595822, 0.4532030265407589, 1.7100924775836406], [0.7807156099511975, 0.8971446612687055, 1.2389541045829986]]
Save Location: maps/map1091/test.txt
