Path: 1677
Path Score: 4.386088854313281
Waypoints: [[1.0, 1.0, 1.0], [1.4862613186235762, 5.302297197202417, 9.54279168299124], [21.391366360934747, 19.016584990160858, 9.132275513596717], [29.0, 29.0, 14.0]]
Velocity: [[0.0, 0.0, 0.0], [0.48626131862357624, 4.302297197202417, 8.54279168299124], [19.90510504231117, 13.71428779295844, -0.41051616939452273], [7.608633639065253, 9.983415009839142, 4.867724486403283]]
Attitude: [[0.0, 0.0, 0.0], [1.520002440634727, 1.1049085373684124, 0.46909167611999897], [0.6035032057504041, 0.9676016879749765, 1.5877776869572826], [0.9701837951063373, 0.7354334851728955, 1.20085483013767]]
Save Location: maps/map411/test.txt
