Path: 2159
Path Score: 4.092999154443106
Waypoints: [[1.0, 1.0, 1.0], [5.839689469355285, 6.231079992564079, 1.4400139470819306], [16.060622627406442, 22.284008548073043, 8.655570821620126], [29.0, 29.0, 14.0]]
Velocity: [[0.0, 0.0, 0.0], [4.839689469355285, 5.231079992564079, 0.44001394708193065], [10.220933158051157, 16.052928555508963, 7.215556874538195], [12.939377372593558, 6.715991451926957, 5.344429178379874]]
Attitude: [[0.0, 0.0, 0.0], [0.8259996858182699, 0.748605830934555, 1.5091311358387776], [1.044663388516193, 0.6620381009884434, 1.2083875710534535], [0.5856835745155158, 1.123499545747589, 1.2194127759243851]]
Save Location: maps/map2281/test.txt
