Path: 2114
Path Score: 4.207477485839441
Waypoints: [[1.0, 1.0, 1.0], [7.976694836660609, 10.929766397758005, 9.409001445334173], [26.70124871286478, 19.147010920760337, 12.70089468843873], [29.0, 29.0, 14.0]]
Velocity: [[0.0, 0.0, 0.0], [6.976694836660609, 9.929766397758005, 8.409001445334173], [18.72455387620417, 8.217244523002332, 3.291893243104557], [2.2987512871352216, 9.852989079239663, 1.29910531156127]]
Attitude: [[0.0, 0.0, 0.0], [1.0786293818483852, 0.8331465441750755, 0.9648405508336908], [0.4416138553970198, 1.1628262423353477, 1.411179493062464], [1.3434906352786418, 0.26183169500923487, 1.4430944105763563]]
Save Location: maps/map1486/test.txt
