# Note +ve X is north
# Note +ve Y is West
# x, y, height
# waypoints
G: (4.0,-2.0,10)
G: (15.992894177544517,13.635676426117826,10)
G: (27.63907464287308,-1.0687768830633075,10)
G: (44.76251884317835,-3.0765424353881983,10)
G: (61.62851141675519,-3.0858885889172285,10)
G: (78.03031121849133,1.73032514205822,10)
G: (96.0,-2.0,10)


# wall segments
# x1, y1, x2, y2, z
W: (96.0,-9.200000000000003,20.0,-5.200000000000003,30)
W: (20.0,-5.200000000000003,12.0,-5.200000000000003,30)
W: (12.0,-5.200000000000003,0.0,-9.200000000000003,30)
W: (0.0,5.200000000000003,4.8,14.0,30)
W: (4.8,14.0,16.0,21.200000000000003,30)
W: (16.0,21.200000000000003,32.0,5.200000000000003,30)
W: (32.0,5.200000000000003,96.0,5.200000000000003,30)


# environment settings
R: (0)
D: (1)
