Path: 746
Path Score: 4.2316536372912195
Waypoints: [[1.0, 1.0, 1.0], [12.697608925444278, 6.8811022717284045, 6.207161753256], [24.548396690958242, 11.577212241638717, 14.392801991557022], [29.0, 29.0, 14.0]]
Velocity: [[0.0, 0.0, 0.0], [11.697608925444278, 5.8811022717284045, 5.207161753256], [11.850787765513964, 4.696109969910313, 8.185640238301023], [4.451603309041758, 17.42278775836128, -0.3928019915570218]]
Attitude: [[0.0, 0.0, 0.0], [0.5913478455125089, 1.1402281118229445, 1.1922640516212777], [0.6724952556241748, 1.2556139120716991, 0.9999628511386347], [1.3207044969365416, 0.251084454734688, 1.5926364233314274]]
Save Location: maps/map1328/test.txt
