Path: 1732
Path Score: 4.311595155305772
Waypoints: [[1.0, 1.0, 1.0], [10.805725952785512, 11.283487147150078, 0.7484718343695662], [25.61287915844682, 17.74919194090342, 1.9529152741405746], [29.0, 29.0, 14.0]]
Velocity: [[0.0, 0.0, 0.0], [9.805725952785512, 10.283487147150078, -0.2515281656304338], [14.807153205661308, 6.465704793753341, 1.2044434397710084], [3.3871208415531804, 11.250808059096581, 12.047084725859426]]
Attitude: [[0.0, 0.0, 0.0], [0.8093250089126587, 0.7617849255869302, 1.5884962164824006], [0.41799726564942286, 1.1602983009639387, 1.4963889294826482], [1.368134417446482, 0.8385094453813289, 0.7728980216543208]]
Save Location: maps/map788/test.txt
