Path: 97
Path Score: 4.213395479182472
Waypoints: [[1.0, 1.0, 1.0], [6.844542921659472, 12.575654287568902, 0.7512941296865822], [24.763677749990574, 23.196099440540394, 5.0803972974418175], [29.0, 29.0, 14.0]]
Velocity: [[0.0, 0.0, 0.0], [5.844542921659472, 11.575654287568902, -0.24870587031341784], [17.919134828331103, 10.620445152971492, 4.329103167755235], [4.236322250009426, 5.803900559459606, 8.919602702558183]]
Attitude: [[0.0, 0.0, 0.0], [1.103329579532339, 0.4679236243581791, 1.5899732357353402], [0.5693379014358755, 1.0481259835815007, 1.3658832656076967], [1.1919383611801295, 1.03942056702344, 0.6781386041617308]]
Save Location: maps/map1446/test.txt
