Path: 588
Path Score: 4.4332328238698056
Waypoints: [[1.0, 1.0, 1.0], [8.077819295469498, 4.630177089274074, 13.001091877302175], [12.699318080032214, 19.485873547121262, 13.643108962855027], [29.0, 29.0, 14.0]]
Velocity: [[0.0, 0.0, 0.0], [7.077819295469498, 3.630177089274074, 12.001091877302175], [4.621498784562716, 14.855696457847188, 0.6420170855528529], [16.300681919967786, 9.514126452878738, 0.3568910371449725]]
Attitude: [[0.0, 0.0, 0.0], [1.0568857360289043, 1.315913356872022, 0.5853298029477871], [1.269458593672633, 0.30432383092778, 1.529553565644344], [0.5286275051045267, 1.042579273198718, 1.5518895222311728]]
Save Location: maps/map258/test.txt
