Path: 1900
Path Score: 4.116400360550298
Waypoints: [[1.0, 1.0, 1.0], [8.469661386104097, 5.59096684474812, 2.5279558793890997], [14.664796282188101, 21.28024012885323, 5.468764640312363], [29.0, 29.0, 14.0]]
Velocity: [[0.0, 0.0, 0.0], [7.469661386104097, 4.59096684474812, 1.5279558793890997], [6.195134896084005, 15.68927328410511, 2.9408087609232636], [14.335203717811899, 7.7197598711467705, 8.531235359687637]]
Attitude: [[0.0, 0.0, 0.0], [0.5747996990566772, 1.0288000156137393, 1.3982583619310816], [1.200585811696611, 0.4120703138194609, 1.3981897853698158], [0.6763273336917041, 1.1373758967665009, 1.0881508960767203]]
Save Location: maps/map2161/test.txt
