Path: 686
Path Score: 4.134673500147402
Waypoints: [[1.0, 1.0, 1.0], [7.279071891786115, 11.99037003440958, 7.619831722996372], [18.987168424161545, 21.350324413129044, 10.434584031210562], [29.0, 29.0, 14.0]]
Velocity: [[0.0, 0.0, 0.0], [6.279071891786115, 10.99037003440958, 6.619831722996372], [11.70809653237543, 9.359954378719465, 2.8147523082141905], [10.012831575838455, 7.649675586870956, 3.565415968789438]]
Attitude: [[0.0, 0.0, 0.0], [1.115662030937802, 0.6928797362779866, 1.088924427386206], [0.6956085924107437, 0.9100536677820994, 1.385177629042593], [0.7003550436294252, 0.9469578898565721, 1.2950479413160163]]
Save Location: maps/map2041/test.txt
