# Note +ve X is north
# Note +ve Y is West
# x, y, height
# waypoints
G: (4.0,-2.0,10)
G: (19.052891040220292,-9.307925143076758,10)
G: (33.99215069882679,-15.184150673534099,10)
G: (44.76251884317835,-3.0765424353881983,10)
G: (61.62851141675519,-3.0858885889172285,10)
G: (78.03031121849133,1.73032514205822,10)
G: (96.0,-2.0,10)


# wall segments
# x1, y1, x2, y2, z
W: (96.0,-9.200000000000003,48.0,-9.200000000000003,30)
W: (48.0,-9.200000000000003,36.0,-21.200000000000003,30)
W: (36.0,-21.200000000000003,0.0,-9.200000000000003,30)
W: (0.0,5.200000000000003,28.0,-2.799999999999997,30)
W: (28.0,-2.799999999999997,52.0,5.200000000000003,30)
W: (52.0,5.200000000000003,96.0,5.200000000000003,30)


# environment settings
R: (0)
D: (1)
