Path: 461
Path Score: 4.191641135562024
Waypoints: [[1.0, 1.0, 1.0], [11.29885047226655, 13.922680563011099, 6.0742347128672325], [19.150517884687012, 16.221567393022806, 9.065163787729501], [29.0, 29.0, 14.0]]
Velocity: [[0.0, 0.0, 0.0], [10.29885047226655, 12.922680563011099, 5.0742347128672325], [7.851667412420463, 2.298886830011707, 2.9909290748622688], [9.849482115312988, 12.778432606977194, 4.934836212270499]]
Attitude: [[0.0, 0.0, 0.0], [0.932550665210745, 0.7263919285052141, 1.2728643435485965], [0.44788614675833194, 1.3037224411735893, 1.2203084778455537], [0.9474095871230266, 0.7114898316461911, 1.2739640805957166]]
Save Location: maps/map1635/test.txt
