Path: 351
Path Score: 4.1702809847752516
Waypoints: [[1.0, 1.0, 1.0], [11.62421921707525, 9.637940007438962, 4.108292062461251], [24.882695815361128, 14.368288597070304, 12.113832918894575], [29.0, 29.0, 14.0]]
Velocity: [[0.0, 0.0, 0.0], [10.62421921707525, 8.637940007438962, 3.108292062461251], [13.258476598285878, 4.730348589631342, 8.005540856433324], [4.117304184638872, 14.631711402929696, 1.886167081105425]]
Attitude: [[0.0, 0.0, 0.0], [0.7126112608988734, 0.9081638967287853, 1.3475745118170808], [0.6116221743378386, 1.2743729735333398, 1.053713780159819], [1.2986348105444985, 0.30016579609209537, 1.4473372730099068]]
Save Location: maps/map1801/test.txt
