Path: 1494
Path Score: 4.288624979507713
Waypoints: [[1.0, 1.0, 1.0], [1.5831056317866898, 11.289807463775418, 6.886569014408189], [14.31024281394206, 14.397341180730484, 10.344580509492056], [29.0, 29.0, 14.0]]
Velocity: [[0.0, 0.0, 0.0], [0.5831056317866898, 10.289807463775418, 5.886569014408189], [12.727137182155369, 3.107533716955066, 3.458011495083867], [14.68975718605794, 14.602658819269516, 3.655419490507944]]
Attitude: [[0.0, 0.0, 0.0], [1.5216478577442305, 0.5217422173051365, 1.0518517055369716], [0.35023458694047144, 1.3393934867491148, 1.3127321926197102], [0.7976180124622528, 0.8033878261380559, 1.3961151528842315]]
Save Location: maps/map939/test.txt
