Path: 1053
Path Score: 4.129665465454724
Waypoints: [[1.0, 1.0, 1.0], [5.124139793286082, 11.529276214212281, 3.1169525438428494], [14.664796282188101, 21.28024012885323, 5.468764640312363], [29.0, 29.0, 14.0]]
Velocity: [[0.0, 0.0, 0.0], [4.124139793286082, 10.529276214212281, 2.1169525438428494], [9.54065648890202, 9.750963914640948, 2.351812096469514], [14.335203717811899, 7.7197598711467705, 8.531235359687637]]
Attitude: [[0.0, 0.0, 0.0], [1.2041596665548568, 0.4147337109116922, 1.3857324418142094], [0.8104252299768459, 0.7892436314452128, 1.4000799676093902], [0.6763273336917041, 1.1373758967665009, 1.0881508960767203]]
Save Location: maps/map2083/test.txt
