Path: 2451
Path Score: 4.079503280939841
Waypoints: [[1.0, 1.0, 1.0], [12.422424952449036, 7.364456284222653, 4.120550879483655], [24.631670230844907, 23.32534168126198, 7.202000853365213], [29.0, 29.0, 14.0]]
Velocity: [[0.0, 0.0, 0.0], [11.422424952449036, 6.364456284222653, 3.1205508794836554], [12.209245278395871, 15.960885397039325, 3.0814499738815577], [4.368329769155093, 5.674658318738022, 6.797999146634787]]
Attitude: [[0.0, 0.0, 0.0], [0.5554007765856399, 1.0776065097557235, 1.3365284239372268], [0.9266054042601355, 0.6679574704914608, 1.4186386744771249], [1.112517585562311, 0.9585535715963122, 0.8114172061667323]]
Save Location: maps/map2330/test.txt
