Path: 613
Path Score: 4.4357299550485845
Waypoints: [[1.0, 1.0, 1.0], [1.9869655009534015, 2.3470905443897805, 9.726710653669548], [8.698977053221993, 19.48629808039675, 13.371846165404145], [29.0, 29.0, 14.0]]
Velocity: [[0.0, 0.0, 0.0], [0.9869655009534015, 1.3470905443897805, 8.726710653669548], [6.712011552268592, 17.13920753600697, 3.6451355117345976], [20.301022946778005, 9.51370191960325, 0.6281538345958548]]
Attitude: [[0.0, 0.0, 0.0], [1.4594850995761104, 1.4185963426785977, 0.18907565762625306], [1.2049867595159498, 0.4192233342482618, 1.375291885025797], [0.4390758398022054, 1.132740622989748, 1.5427856888103315]]
Save Location: maps/map246/test.txt
