Path: 882
Path Score: 4.433215690215243
Waypoints: [[1.0, 1.0, 1.0], [13.622214221490246, 10.560085107867, 6.307093757900562], [11.40378861351021, 23.288761880938765, 11.804403224732908], [29.0, 29.0, 14.0]]
Velocity: [[0.0, 0.0, 0.0], [12.622214221490246, 9.560085107867, 5.307093757900562], [-2.218425607980036, 12.728676773071765, 5.497309466832347], [17.59621138648979, 5.711238119061235, 2.1955967752670915]]
Attitude: [[0.0, 0.0, 0.0], [0.7138698155414545, 0.9612815674177257, 1.2473929819737224], [1.7294528222593708, 0.4358530303295778, 1.1685274653043634], [0.33465120952432154, 1.2592127196021017, 1.4526670982553629]]
Save Location: maps/map259/test.txt
