Path: 2192
Path Score: 4.151085587878066
Waypoints: [[1.0, 1.0, 1.0], [5.839689469355285, 6.231079992564079, 1.4400139470819306], [15.684579521262053, 24.294407344774495, 11.460625578176513], [29.0, 29.0, 14.0]]
Velocity: [[0.0, 0.0, 0.0], [4.839689469355285, 5.231079992564079, 0.44001394708193065], [9.844890051906768, 18.063327352210415, 10.020611631094582], [13.315420478737947, 4.705592655225505, 2.539374421823487]]
Attitude: [[0.0, 0.0, 0.0], [0.8259996858182699, 0.748605830934555, 1.5091311358387776], [1.126045743800471, 0.6609854191745035, 1.1175215379611583], [0.38185806857320004, 1.2366735425670707, 1.3928860386768187]]
Save Location: maps/map1937/test.txt
