Path: 255
Path Score: 4.141406559861885
Waypoints: [[1.0, 1.0, 1.0], [10.236205802881091, 6.726958385030271, 8.616461550781413], [19.150517884687012, 16.221567393022806, 9.065163787729501], [29.0, 29.0, 14.0]]
Velocity: [[0.0, 0.0, 0.0], [9.236205802881091, 5.726958385030271, 7.616461550781413], [8.914312081805921, 9.494609007992533, 0.44870223694808864], [9.849482115312988, 12.778432606977194, 4.934836212270499]]
Attitude: [[0.0, 0.0, 0.0], [0.801018365502451, 1.1245932303302049, 0.9595076706588436], [0.8174669165701925, 0.7545173772809105, 1.5363567759053358], [0.9474095871230266, 0.7114898316461911, 1.2739640805957166]]
Save Location: maps/map1993/test.txt
