Path: 7
Path Total Score: 2.2666172538028273
Waypoints: [[0.1, 0.1, 0.1], [7.773248961497485, 5.664818743937239, 0.08574231936584131], [5.792862424500958, 4.240593987556012, 0.05741823739125573], [9.362600018167502, 7.353900256003386, 1.4563957915758379], [3.787295783407292, 0.8010443266156009, 0.03528742195080814], [5.960100213596058, 3.1113420924612023, 0.4923442841680925], [0.44260632864620897, 0.04055144158407464, 0.6698626352456694], [6.033811125206247, 3.1096706253759088, 0.24534346064463863], [2.0925683481859316, 0.11776748703135165, 0.8941982561383832], [5.0, 5.0, 2.5]]
Velocity: [[0.0, 0.0, 0.0], [7.673248961497485, 5.56481874393724, -0.014257680634158693], [-1.9803865369965266, -1.4242247563812276, -0.02832408197458558], [3.5697375936665434, 3.1133062684473742, 1.3989775541845821], [-5.57530423476021, -6.5528559293877855, -1.4211083696250297], [2.172804430188766, 2.3102977658456014, 0.45705686221728437], [-5.5174938849498485, -3.070790650877128, 0.17751835107757685], [5.591204796560039, 3.069119183791834, -0.4245191746010307], [-3.9412427770203156, -2.991903138344557, 0.6488547954937446], [2.9074316518140684, 4.882232512968648, 1.6058017438616168]]
Attitude: [[0.0, 0.0, 0.0], [0.0, 0.0, 0.0], [0.0, 0.0, 0.0], [0.0, 0.0, 0.0], [0.0, 0.0, 0.0], [0.0, 0.0, 0.0], [0.0, 0.0, 0.0], [0.0, 0.0, 0.0], [0.0, 0.0, 0.0], [0.0, 0.0, 0.0]]
Save Location: maps/map9/test.txt
