Path: 1146
Path Score: 4.170015919404647
Waypoints: [[1.0, 1.0, 1.0], [7.244355243304841, 4.686769508950413, 5.732290508395203], [11.40378861351021, 23.288761880938765, 11.804403224732908], [29.0, 29.0, 14.0]]
Velocity: [[0.0, 0.0, 0.0], [6.244355243304841, 3.6867695089504133, 4.732290508395203], [4.159433370205369, 18.601992371988352, 6.072112716337705], [17.59621138648979, 5.711238119061235, 2.1955967752670915]]
Attitude: [[0.0, 0.0, 0.0], [0.7653529368027897, 1.1309818444795048, 0.9925991767107255], [1.3613501097741723, 0.37676222526015624, 1.262403524498875], [0.33465120952432154, 1.2592127196021017, 1.4526670982553629]]
Save Location: maps/map1802/test.txt
