Path: 1176
Path Score: 4.040793893106437
Waypoints: [[1.0, 1.0, 1.0], [7.244355243304841, 4.686769508950413, 5.732290508395203], [24.539485932888955, 19.73672816277327, 8.00225603479158], [29.0, 29.0, 14.0]]
Velocity: [[0.0, 0.0, 0.0], [6.244355243304841, 3.6867695089504133, 4.732290508395203], [17.295130689584113, 15.04995865382286, 2.269965526396377], [4.4605140671110455, 9.263271837226728, 5.99774396520842]]
Attitude: [[0.0, 0.0, 0.0], [0.7653529368027897, 1.1309818444795048, 0.9925991767107255], [0.7216701308808585, 0.8589264736477233, 1.4721072675360876], [1.1866756395694507, 0.678936129498745, 1.0426972103159322]]
Save Location: maps/map2443/test.txt
