Path: 473
Path Score: 4.10904755314446
Waypoints: [[1.0, 1.0, 1.0], [11.29885047226655, 13.922680563011099, 6.0742347128672325], [22.592720703848663, 25.526803242435573, 12.228206346267022], [29.0, 29.0, 14.0]]
Velocity: [[0.0, 0.0, 0.0], [10.29885047226655, 12.922680563011099, 5.0742347128672325], [11.293870231582114, 11.604122679424474, 6.15397163339979], [6.407279296151337, 3.473196757564427, 1.7717936537329777]]
Attitude: [[0.0, 0.0, 0.0], [0.932550665210745, 0.7263919285052141, 1.2728643435485965], [0.860621199860383, 0.8367536725537892, 1.2076113818636802], [0.5466676487799201, 1.0893405550292934, 1.3323147563268598]]
Save Location: maps/map2205/test.txt
