Path: 1101
Path Score: 4.283917346759701
Waypoints: [[1.0, 1.0, 1.0], [6.277705044557794, 0.35330246109405494, 2.6825947684151497], [21.79639181727039, 14.477895924297679, 6.70148367285092], [29.0, 29.0, 14.0]]
Velocity: [[0.0, 0.0, 0.0], [5.277705044557794, -0.6466975389059451, 1.6825947684151497], [15.518686772712595, 14.124593463203624, 4.018888904435771], [7.20360818272961, 14.522104075702321, 7.29851632714908]]
Attitude: [[0.0, 0.0, 0.0], [0.32912608513099045, 1.687014641004876, 1.264321452563771], [0.7578104063678733, 0.8485217062325289, 1.3815673817229004], [1.1535972127018381, 0.6148409412743631, 1.1477501781583583]]
Save Location: maps/map968/test.txt
