Path: 2367
Path Score: 4.1320808743144335
Waypoints: [[1.0, 1.0, 1.0], [2.7823021602657514, 3.2626923788090734, 6.811174955232296], [14.31024281394206, 14.397341180730484, 10.344580509492056], [29.0, 29.0, 14.0]]
Velocity: [[0.0, 0.0, 0.0], [1.7823021602657514, 2.2626923788090734, 5.811174955232296], [11.527940653676307, 11.134648801921411, 3.53340555425976], [14.68975718605794, 14.602658819269516, 3.655419490507944]]
Attitude: [[0.0, 0.0, 0.0], [1.2924157480158258, 1.2144350237412072, 0.46016632051788314], [0.792028813804936, 0.8251602559383358, 1.3538054789379834], [0.7976180124622528, 0.8033878261380559, 1.3961151528842315]]
Save Location: maps/map2060/test.txt
