Path: 371
Path Score: 4.439048654147369
Waypoints: [[1.0, 1.0, 1.0], [5.0694130019156045, 0.10947803648002186, 11.387112714668532], [19.150517884687012, 16.221567393022806, 9.065163787729501], [29.0, 29.0, 14.0]]
Velocity: [[0.0, 0.0, 0.0], [4.0694130019156045, -0.8905219635199781, 10.387112714668532], [14.081104882771408, 16.112089356542782, -2.321948926939031], [9.849482115312988, 12.778432606977194, 4.934836212270499]]
Attitude: [[0.0, 0.0, 0.0], [1.1986423454069668, 1.65045321960768, 0.3814078923026202], [0.8576522999692953, 0.7248854732355128, 1.6788855322559282], [0.9474095871230266, 0.7114898316461911, 1.2739640805957166]]
Save Location: maps/map233/test.txt
