Path: 1600
Path Score: 4.053204456547139
Waypoints: [[1.0, 1.0, 1.0], [5.1328300726842055, 6.167067988359742, 4.338023583503114], [24.539485932888955, 19.73672816277327, 8.00225603479158], [29.0, 29.0, 14.0]]
Velocity: [[0.0, 0.0, 0.0], [4.1328300726842055, 5.167067988359742, 3.338023583503114], [19.40665586020475, 13.56966017441353, 3.6642324512884663], [4.4605140671110455, 9.263271837226728, 5.99774396520842]]
Attitude: [[0.0, 0.0, 0.0], [0.9792202736645594, 0.799275207152919, 1.1035589735254734], [0.6268304198391834, 0.9687895413356175, 1.4172759389133671], [1.1866756395694507, 0.678936129498745, 1.0426972103159322]]
Save Location: maps/map2417/test.txt
