Path: 1718
Path Score: 4.155777319511085
Waypoints: [[1.0, 1.0, 1.0], [10.805725952785512, 11.283487147150078, 0.7484718343695662], [27.54896392543646, 23.68501668390871, 10.359708634880405], [29.0, 29.0, 14.0]]
Velocity: [[0.0, 0.0, 0.0], [9.805725952785512, 10.283487147150078, -0.2515281656304338], [16.74323797265095, 12.401529536758632, 9.61123680051084], [1.4510360745635396, 5.31498331609129, 3.6402913651195945]]
Attitude: [[0.0, 0.0, 0.0], [0.8093250089126587, 0.7617849255869302, 1.5884962164824006], [0.7529332175376361, 0.9998000800237964, 1.1385992139441994], [1.3492511805320635, 0.6353347243649624, 0.9869147846242055]]
Save Location: maps/map1911/test.txt
