Path: 1850
Path Score: 4.310882966743645
Waypoints: [[1.0, 1.0, 1.0], [5.142904841761517, 4.732071187514425, 9.090826078056057], [24.548396690958242, 11.577212241638717, 14.392801991557022], [29.0, 29.0, 14.0]]
Velocity: [[0.0, 0.0, 0.0], [4.142904841761517, 3.732071187514425, 8.090826078056057], [19.405491849196725, 6.8451410541242925, 5.301975913500964], [4.451603309041758, 17.42278775836128, -0.3928019915570218]]
Attitude: [[0.0, 0.0, 0.0], [1.1355654236864037, 1.1812058528805445, 0.6034260736599171], [0.4196727046079502, 1.2428153330454577, 1.3186211170707456], [1.3207044969365416, 0.251084454734688, 1.5926364233314274]]
Save Location: maps/map791/test.txt
