Path: 1745
Path Score: 4.5312320109108235
Waypoints: [[1.0, 1.0, 1.0], [10.805725952785512, 11.283487147150078, 0.7484718343695662], [10.154931135603169, 27.558570916545424, 10.904913587202246], [29.0, 29.0, 14.0]]
Velocity: [[0.0, 0.0, 0.0], [9.805725952785512, 10.283487147150078, -0.2515281656304338], [-0.6507948171823426, 16.275083769395344, 10.15644175283268], [18.84506886439683, 1.441429083454576, 3.0950864127977535]]
Attitude: [[0.0, 0.0, 0.0], [0.8093250089126587, 0.7617849255869302, 1.5884962164824006], [1.6047068883221918, 0.5588353805868467, 1.0132402529685247], [0.1792318684503368, 1.4954619679425223, 1.4084768971650652]]
Save Location: maps/map66/test.txt
