Path: 2341
Path Score: 4.187055894567461
Waypoints: [[1.0, 1.0, 1.0], [2.7823021602657514, 3.2626923788090734, 6.811174955232296], [17.89500835598713, 12.238417992478578, 7.134004137824853], [29.0, 29.0, 14.0]]
Velocity: [[0.0, 0.0, 0.0], [1.7823021602657514, 2.2626923788090734, 5.811174955232296], [15.11270619572138, 8.975725613669503, 0.32282918259255666], [11.10499164401287, 16.761582007521422, 6.865995862175147]]
Attitude: [[0.0, 0.0, 0.0], [1.2924157480158258, 1.2144350237412072, 0.46016632051788314], [0.5362201310099933, 1.0349601804185644, 1.5524320190238217], [1.0208116603536068, 0.6617621353055158, 1.2417305692240037]]
Save Location: maps/map1668/test.txt
