Path: 1691
Path Score: 4.383573510895798
Waypoints: [[1.0, 1.0, 1.0], [1.4862613186235762, 5.302297197202417, 9.54279168299124], [12.704603846584774, 19.922199713463662, 8.33279809450805], [29.0, 29.0, 14.0]]
Velocity: [[0.0, 0.0, 0.0], [0.48626131862357624, 4.302297197202417, 8.54279168299124], [11.218342527961198, 14.619902516261245, -1.20999358848319], [16.295396153415226, 9.077800286536338, 5.66720190549195]]
Attitude: [[0.0, 0.0, 0.0], [1.520002440634727, 1.1049085373684124, 0.46909167611999897], [0.9179414218242765, 0.6572977671406152, 1.636362660189711], [0.5810873343497762, 1.0864359774071253, 1.2758411019683804]]
Save Location: maps/map421/test.txt
