Path: 1219
Path Score: 4.277189698710072
Waypoints: [[1.0, 1.0, 1.0], [10.98841998167141, 13.67984788740044, 4.669955467169109], [14.664796282188101, 21.28024012885323, 5.468764640312363], [29.0, 29.0, 14.0]]
Velocity: [[0.0, 0.0, 0.0], [9.98841998167141, 12.67984788740044, 3.6699554671691086], [3.676376300516692, 7.60039224145279, 0.7988091731432547], [14.335203717811899, 7.7197598711467705, 8.531235359687637]]
Attitude: [[0.0, 0.0, 0.0], [0.9230317793050691, 0.698207449561829, 1.3472349331065676], [1.1224159210304299, 0.4596358771505222, 1.476463444370997], [0.6763273336917041, 1.1373758967665009, 1.0881508960767203]]
Save Location: maps/map1015/test.txt
