Path: 568
Path Score: 4.425578503136807
Waypoints: [[1.0, 1.0, 1.0], [8.077819295469498, 4.630177089274074, 13.001091877302175], [14.43692874246404, 21.36894668574859, 11.322509376936443], [29.0, 29.0, 14.0]]
Velocity: [[0.0, 0.0, 0.0], [7.077819295469498, 3.630177089274074, 12.001091877302175], [6.359109446994543, 16.738769596474516, -1.6785825003657315], [14.56307125753596, 7.63105331425141, 2.677490623063557]]
Attitude: [[0.0, 0.0, 0.0], [1.0568857360289043, 1.315913356872022, 0.5853298029477871], [1.2093918898006306, 0.3743842044849331, 1.6642673176293927], [0.5069175043207065, 1.0949344880442036, 1.4093618733327953]]
Save Location: maps/map281/test.txt
