Path: 2242
Path Score: 4.21429699362689
Waypoints: [[1.0, 1.0, 1.0], [5.7591996310330025, 10.496060591014656, 1.1961851557501069], [19.778926106740936, 25.028774492325528, 13.753258473645548], [29.0, 29.0, 14.0]]
Velocity: [[0.0, 0.0, 0.0], [4.7591996310330025, 9.496060591014656, 0.19618515575010687], [14.019726475707934, 14.532713901310872, 12.55707331789544], [9.221073893259064, 3.971225507674472, 0.24674152635445168]]
Attitude: [[0.0, 0.0, 0.0], [1.1062936554501903, 0.46492826404694765, 1.5523285842779897], [0.9402468532897489, 0.9132685481657697, 1.014460768717404], [0.40736238913210576, 1.1642642704118822, 1.54622508670751]]
Save Location: maps/map1442/test.txt
