Path: 1482
Path Score: 4.3335139299652745
Waypoints: [[1.0, 1.0, 1.0], [1.5831056317866898, 11.289807463775418, 6.886569014408189], [10.752760318917543, 18.75992942067851, 14.80087523764835], [29.0, 29.0, 14.0]]
Velocity: [[0.0, 0.0, 0.0], [0.5831056317866898, 10.289807463775418, 5.886569014408189], [9.169654687130853, 7.4701219569030926, 7.914306223240161], [18.247239681082455, 10.24007057932149, -0.8008752376483503]]
Attitude: [[0.0, 0.0, 0.0], [1.5216478577442305, 0.5217422173051365, 1.0518517055369716], [0.8706319614257769, 1.0181766695857848, 0.9810729020572069], [0.5126920098124623, 1.0598172007710935, 1.6090527819834075]]
Save Location: maps/map664/test.txt
