Path: 1649
Path Score: 4.039533812435191
Waypoints: [[1.0, 1.0, 1.0], [10.36013664890983, 5.847929453477029, 2.4421408215587084], [20.610598369444524, 19.278006681353382, 8.827928443474919], [29.0, 29.0, 14.0]]
Velocity: [[0.0, 0.0, 0.0], [9.36013664890983, 4.847929453477029, 1.4421408215587084], [10.250461720534695, 13.430077227876353, 6.385787621916211], [8.389401630555476, 9.721993318646618, 5.172071556525081]]
Attitude: [[0.0, 0.0, 0.0], [0.49541529610661705, 1.0976792558885609, 1.4348290922750935], [0.9672916706507712, 0.7323944359709025, 1.2094239630032273], [0.919766086046802, 0.7922213235648208, 1.1879058042443305]]
Save Location: maps/map2446/test.txt
