Path: 1921
Path Score: 4.096382531881736
Waypoints: [[1.0, 1.0, 1.0], [8.469661386104097, 5.59096684474812, 2.5279558793890997], [18.095718329045553, 11.448179577573537, 4.254273268600727], [29.0, 29.0, 14.0]]
Velocity: [[0.0, 0.0, 0.0], [7.469661386104097, 4.59096684474812, 1.5279558793890997], [9.626056942941457, 5.857212732825417, 1.7263173892116273], [10.904281670954447, 17.551820422426463, 9.745726731399273]]
Attitude: [[0.0, 0.0, 0.0], [0.5747996990566772, 1.0288000156137393, 1.3982583619310816], [0.5652967654176685, 1.031171524762963, 1.418773141689987], [1.0732272559405516, 0.6946779801901964, 1.130088538280598]]
Save Location: maps/map2265/test.txt
