Path: 1487
Path Score: 4.329771308209066
Waypoints: [[1.0, 1.0, 1.0], [1.5831056317866898, 11.289807463775418, 6.886569014408189], [10.30043474338533, 16.763297732058618, 6.875926560339274], [29.0, 29.0, 14.0]]
Velocity: [[0.0, 0.0, 0.0], [0.5831056317866898, 10.289807463775418, 5.886569014408189], [8.717329111598639, 5.4734902682832, -0.01064245406891473], [18.69956525661467, 12.236702267941382, 7.124073439660726]]
Attitude: [[0.0, 0.0, 0.0], [1.5216478577442305, 0.5217422173051365, 1.0518517055369716], [0.560672913152605, 1.0101246005179096, 1.571830252323106], [0.6480970733888322, 1.0219569516917306, 1.2621948308972217]]
Save Location: maps/map681/test.txt
