Path: 992
Path Score: 4.121135983116247
Waypoints: [[1.0, 1.0, 1.0], [7.03200889148945, 11.212381035806049, 2.4091861245466912], [21.595430679697905, 24.032909211980147, 6.078853224688489], [29.0, 29.0, 14.0]]
Velocity: [[0.0, 0.0, 0.0], [6.03200889148945, 10.212381035806049, 1.4091861245466912], [14.563421788208455, 12.820528176174099, 3.6696671001417975], [7.404569320302095, 4.967090788019853, 7.921146775311511]]
Attitude: [[0.0, 0.0, 0.0], [1.0413956223611207, 0.5452295055399751, 1.4525400011168248], [0.7414088897242941, 0.8641923970960612, 1.3838711362500418], [0.9009774146927041, 1.1412360805544841, 0.8444306588818015]]
Save Location: maps/map2124/test.txt
