Path: 755
Path Score: 4.471013029050475
Waypoints: [[1.0, 1.0, 1.0], [12.697608925444278, 6.8811022717284045, 6.207161753256], [10.752760318917543, 18.75992942067851, 14.80087523764835], [29.0, 29.0, 14.0]]
Velocity: [[0.0, 0.0, 0.0], [11.697608925444278, 5.8811022717284045, 5.207161753256], [-1.944848606526735, 11.878827148950105, 8.59371348439235], [18.247239681082455, 10.24007057932149, -0.8008752376483503]]
Attitude: [[0.0, 0.0, 0.0], [0.5913478455125089, 1.1402281118229445, 1.1922640516212777], [1.7026767885923801, 0.6381955786669125, 0.9507741726526264], [0.5126920098124623, 1.0598172007710935, 1.6090527819834075]]
Save Location: maps/map174/test.txt
