Path: 2123
Path Score: 4.278104935649207
Waypoints: [[1.0, 1.0, 1.0], [7.976694836660609, 10.929766397758005, 9.409001445334173], [24.80078989068509, 16.52228778449424, 8.560347909072977], [29.0, 29.0, 14.0]]
Velocity: [[0.0, 0.0, 0.0], [6.976694836660609, 9.929766397758005, 8.409001445334173], [16.82409505402448, 5.592521386736234, -0.848653536261196], [4.199210109314912, 12.477712215505761, 5.439652090927023]]
Attitude: [[0.0, 0.0, 0.0], [1.0786293818483852, 0.8331465441750755, 0.9648405508336908], [0.324343543782377, 1.2502558687029057, 1.618627229629208], [1.2715632840353657, 0.5034073100322944, 1.1789804677621314]]
Save Location: maps/map1009/test.txt
