Path: 666
Path Score: 4.235432322721336
Waypoints: [[1.0, 1.0, 1.0], [7.279071891786115, 11.99037003440958, 7.619831722996372], [16.72641038031882, 15.264827052821502, 13.846194206338602], [29.0, 29.0, 14.0]]
Velocity: [[0.0, 0.0, 0.0], [6.279071891786115, 10.99037003440958, 6.619831722996372], [9.447338488532706, 3.2744570184119226, 6.22636248334223], [12.273589619681179, 13.735172947178498, 0.15380579366139813]]
Attitude: [[0.0, 0.0, 0.0], [1.115662030937802, 0.6928797362779866, 1.088924427386206], [0.640063408238172, 1.2890910923952668, 1.0138408683193307], [0.8415660736191315, 0.7293004114667039, 1.5624465811421142]]
Save Location: maps/map1298/test.txt
