Path: 1313
Path Score: 4.438930423882867
Waypoints: [[1.0, 1.0, 1.0], [3.4670120800623283, 8.98615020457587, 12.766320645476934], [17.495244973045097, 26.03561227858441, 12.515738341607829], [29.0, 29.0, 14.0]]
Velocity: [[0.0, 0.0, 0.0], [2.4670120800623283, 7.986150204575869, 11.766320645476934], [14.028232892982768, 17.049462074008538, -0.2505823038691055], [11.504755026954903, 2.9643877214155907, 1.484261658392171]]
Attitude: [[0.0, 0.0, 0.0], [1.399024108228292, 0.9844440153430374, 0.6176559127637982], [0.8823619750213695, 0.6885656016974677, 1.5821452685250803], [0.2805594303655102, 1.3206025270465491, 1.4465080099651364]]
Save Location: maps/map235/test.txt
