Path: 2396
Path Score: 4.340698214395021
Waypoints: [[1.0, 1.0, 1.0], [12.422424952449036, 7.364456284222653, 4.120550879483655], [22.76658572963688, 9.235766945696607, 14.657275630817615], [29.0, 29.0, 14.0]]
Velocity: [[0.0, 0.0, 0.0], [11.422424952449036, 6.364456284222653, 3.1205508794836554], [10.344160777187843, 1.871310661473954, 10.53672475133396], [6.23341427036312, 19.764233054303393, -0.6572756308176153]]
Attitude: [[0.0, 0.0, 0.0], [0.5554007765856399, 1.0776065097557235, 1.3365284239372268], [0.8023807192290152, 1.4447342693697367, 0.7842265106250785], [1.2654404978558256, 0.30710381033439227, 1.6025015139442569]]
Save Location: maps/map628/test.txt
