Path: 1186
Path Score: 4.154485718071244
Waypoints: [[1.0, 1.0, 1.0], [10.98841998167141, 13.67984788740044, 4.669955467169109], [25.428707168258946, 19.405189246924685, 11.09112041789754], [29.0, 29.0, 14.0]]
Velocity: [[0.0, 0.0, 0.0], [9.98841998167141, 12.67984788740044, 3.6699554671691086], [14.440287186587536, 5.725341359524245, 6.421164950728432], [3.5712928317410544, 9.594810753075315, 2.9088795821024593]]
Attitude: [[0.0, 0.0, 0.0], [0.9230317793050691, 0.698207449561829, 1.3472349331065676], [0.5372966795522345, 1.2232227321537008, 1.178821610121185], [1.228608075856676, 0.4475659367165343, 1.29396325921033]]
Save Location: maps/map1921/test.txt
