Path: 508
Path Score: 4.40445284488855
Waypoints: [[1.0, 1.0, 1.0], [11.29885047226655, 13.922680563011099, 6.0742347128672325], [11.717608255286521, 26.086366361922085, 10.100298251227693], [29.0, 29.0, 14.0]]
Velocity: [[0.0, 0.0, 0.0], [10.29885047226655, 12.922680563011099, 5.0742347128672325], [0.4187577830199718, 12.163685798910986, 4.026063538360461], [17.28239174471348, 2.913633638077915, 3.8997017487723067]]
Attitude: [[0.0, 0.0, 0.0], [0.932550665210745, 0.7263919285052141, 1.2728643435485965], [1.5381248486776011, 0.3212488784699425, 1.2513325023696367], [0.27455761083990476, 1.4078003124714065, 1.351856955162436]]
Save Location: maps/map348/test.txt
