Path: 2112
Path Score: 4.227033818299057
Waypoints: [[1.0, 1.0, 1.0], [7.976694836660609, 10.929766397758005, 9.409001445334173], [16.060622627406442, 22.284008548073043, 8.655570821620126], [29.0, 29.0, 14.0]]
Velocity: [[0.0, 0.0, 0.0], [6.976694836660609, 9.929766397758005, 8.409001445334173], [8.083927790745832, 11.354242150315038, -0.7534306237140473], [12.939377372593558, 6.715991451926957, 5.344429178379874]]
Attitude: [[0.0, 0.0, 0.0], [1.0786293818483852, 0.8331465441750755, 0.9648405508336908], [0.9531166390362663, 0.6207618697119966, 1.6247995120120462], [0.5856835745155158, 1.123499545747589, 1.2194127759243851]]
Save Location: maps/map1356/test.txt
