Path: 92
Path Score: 4.2635291991273885
Waypoints: [[1.0, 1.0, 1.0], [6.844542921659472, 12.575654287568902, 0.7512941296865822], [24.80078989068509, 16.52228778449424, 8.560347909072977], [29.0, 29.0, 14.0]]
Velocity: [[0.0, 0.0, 0.0], [5.844542921659472, 11.575654287568902, -0.24870587031341784], [17.956246969025617, 3.9466334969253367, 7.809053779386395], [4.199210109314912, 12.477712215505761, 5.439652090927023]]
Attitude: [[0.0, 0.0, 0.0], [1.103329579532339, 0.4679236243581791, 1.5899732357353402], [0.45341899028282495, 1.3719048789025234, 1.169133367701341], [1.2715632840353657, 0.5034073100322944, 1.1789804677621314]]
Save Location: maps/map1103/test.txt
