Path: 846
Path Score: 4.495938576912859
Waypoints: [[1.0, 1.0, 1.0], [4.844954787942095, 14.493280729732227, 5.905721797057641], [6.182946964185052, 24.399637540719603, 12.353833088001682], [29.0, 29.0, 14.0]]
Velocity: [[0.0, 0.0, 0.0], [3.844954787942095, 13.493280729732227, 4.905721797057641], [1.337992176242957, 9.906356810987376, 6.448111290944041], [22.817053035814947, 4.600362459280397, 1.6461669119983178]]
Attitude: [[0.0, 0.0, 0.0], [1.3091332202726853, 0.43273101466224884, 1.2344339666278068], [1.4580794829435264, 0.5866895790357357, 0.9979091740958693], [0.2109530550983087, 1.3723463749952485, 1.5001906908246303]]
Save Location: maps/map119/test.txt
