Path: 663
Path Score: 4.174498107177972
Waypoints: [[1.0, 1.0, 1.0], [7.279071891786115, 11.99037003440958, 7.619831722996372], [15.44249175683154, 18.284183195920107, 9.161844399110448], [29.0, 29.0, 14.0]]
Velocity: [[0.0, 0.0, 0.0], [6.279071891786115, 10.99037003440958, 6.619831722996372], [8.163419865045425, 6.293813161510528, 1.5420126761140764], [13.55750824316846, 10.715816804079893, 4.838155600889552]]
Attitude: [[0.0, 0.0, 0.0], [1.115662030937802, 0.6928797362779866, 1.088924427386206], [0.6709368111144677, 0.9224613097784562, 1.422302751132887], [0.714409075190648, 0.9308782745117469, 1.2978165450117953]]
Save Location: maps/map1765/test.txt
