Path: 2086
Path Score: 4.468827497821554
Waypoints: [[1.0, 1.0, 1.0], [2.1051801977178286, 12.705542697858661, 1.33533427386211], [10.154931135603169, 27.558570916545424, 10.904913587202246], [29.0, 29.0, 14.0]]
Velocity: [[0.0, 0.0, 0.0], [1.1051801977178286, 11.705542697858661, 0.3353342738621099], [8.04975093788534, 14.853028218686763, 9.569579313340137], [18.84506886439683, 1.441429083454576, 3.0950864127977535]]
Attitude: [[0.0, 0.0, 0.0], [1.4766986395106851, 0.09834724994807642, 1.5422834159518], [1.14330413528885, 0.699782534313843, 1.0554153281300889], [0.1792318684503368, 1.4954619679425223, 1.4084768971650652]]
Save Location: maps/map178/test.txt
