Path: 1373
Path Score: 4.2304914008165335
Waypoints: [[1.0, 1.0, 1.0], [2.1166871798879825, 7.959406805005861, 2.641112218552253], [18.987168424161545, 21.350324413129044, 10.434584031210562], [29.0, 29.0, 14.0]]
Velocity: [[0.0, 0.0, 0.0], [1.1166871798879825, 6.959406805005861, 1.6411122185522529], [16.870481244273563, 13.390917608123184, 7.793471812658309], [10.012831575838455, 7.649675586870956, 3.565415968789438]]
Attitude: [[0.0, 0.0, 0.0], [1.4158739947349994, 0.27784815422419984, 1.3420381855188857], [0.7428836624202609, 0.9463940614514562, 1.2236214605471067], [0.7003550436294252, 0.9469578898565721, 1.2950479413160163]]
Save Location: maps/map1336/test.txt
