Path: 554
Path Score: 4.28471057632318
Waypoints: [[1.0, 1.0, 1.0], [9.981785049321614, 2.094242845092411, 3.906087432644374], [12.613060744395664, 17.548051480031873, 8.080005726347148], [29.0, 29.0, 14.0]]
Velocity: [[0.0, 0.0, 0.0], [8.981785049321614, 1.094242845092411, 2.906087432644374], [2.6312756950740503, 15.453808634939461, 4.173918293702774], [16.386939255604336, 11.451948519968127, 5.919994273652852]]
Attitude: [[0.0, 0.0, 0.0], [0.33286566125405836, 1.4553984883962245, 1.2600245384619229], [1.4078761390129666, 0.3090493403252242, 1.310575519741421], [0.6665783723714116, 0.989326980912511, 1.28290425102486]]
Save Location: maps/map963/test.txt
