Path: 1972
Path Score: 4.420869552155984
Waypoints: [[1.0, 1.0, 1.0], [7.908661902969909, 13.249370598681029, 5.122888052721978], [10.154931135603169, 27.558570916545424, 10.904913587202246], [29.0, 29.0, 14.0]]
Velocity: [[0.0, 0.0, 0.0], [6.908661902969909, 12.249370598681029, 4.122888052721978], [2.24626923263326, 14.309200317864395, 5.782025534480269], [18.84506886439683, 1.441429083454576, 3.0950864127977535]]
Attitude: [[0.0, 0.0, 0.0], [1.0799032623057099, 0.5811391675180452, 1.2856207472042467], [1.4262637785973835, 0.4090474751919559, 1.1909894449152556], [0.1792318684503368, 1.4954619679425223, 1.4084768971650652]]
Save Location: maps/map298/test.txt
