Path: 1475
Path Score: 4.371369830001669
Waypoints: [[1.0, 1.0, 1.0], [1.5831056317866898, 11.289807463775418, 6.886569014408189], [18.278593753428844, 13.542675969678093, 13.490985374955708], [29.0, 29.0, 14.0]]
Velocity: [[0.0, 0.0, 0.0], [0.5831056317866898, 10.289807463775418, 5.886569014408189], [16.695488121642153, 2.2528685059026756, 6.604416360547519], [10.721406246571156, 15.457324030321907, 0.5090146250442924]]
Attitude: [[0.0, 0.0, 0.0], [1.5216478577442305, 0.5217422173051365, 1.0518517055369716], [0.3958948283284254, 1.4459709206671592, 1.1971812891986096], [0.964623337542555, 0.6069540453552669, 1.5437444202820336]]
Save Location: maps/map460/test.txt
