# Note +ve X is north
# Note +ve Y is West
# x, y, height
# waypoints
G: (4.0,-2.0,10)
G: (16.866839037471042,11.920797720636244,10)
G: (35.990070080417766,6.085292677397533,10)
G: (51.76253953223359,14.394225752231677,10)
G: (65.78396718776176,4.676538543385206,10)
G: (81.93951103174274,9.73164852993007,10)
G: (96.0,-2.0,10)


# wall segments
# x1, y1, x2, y2, z
W: (96.0,-9.200000000000003,72.0,-1.2000000000000028,30)
W: (72.0,-1.2000000000000028,20.8,2.0,30)
W: (20.8,2.0,0.0,-9.200000000000003,30)
W: (0.0,5.200000000000003,16.0,17.200000000000003,30)
W: (16.0,17.200000000000003,84.0,17.200000000000003,30)
W: (84.0,17.200000000000003,96.0,9.200000000000003,30)


# environment settings
R: (0)
D: (1)
