Path: 735
Path Score: 4.098522242159945
Waypoints: [[1.0, 1.0, 1.0], [12.697608925444278, 6.8811022717284045, 6.207161753256], [22.16101751903432, 21.88131243389526, 7.844034735289933], [29.0, 29.0, 14.0]]
Velocity: [[0.0, 0.0, 0.0], [11.697608925444278, 5.8811022717284045, 5.207161753256], [9.463408593590042, 15.000210162166855, 1.6368729820339327], [6.838982480965679, 7.1186875661047395, 6.155965264710067]]
Attitude: [[0.0, 0.0, 0.0], [0.5913478455125089, 1.1402281118229445, 1.1922640516212777], [1.0106438069932488, 0.5694926353993006, 1.4787655616853579], [0.9423867443913255, 0.9123337917118957, 1.0131992799999519]]
Save Location: maps/map2258/test.txt
