Path: 1374
Path Score: 4.283336646445209
Waypoints: [[1.0, 1.0, 1.0], [2.1166871798879825, 7.959406805005861, 2.641112218552253], [20.225861212634335, 15.04532595668622, 11.643310714362196], [29.0, 29.0, 14.0]]
Velocity: [[0.0, 0.0, 0.0], [1.1166871798879825, 6.959406805005861, 1.6411122185522529], [18.109174032746353, 7.0859191516803595, 9.002198495809942], [8.774138787365665, 13.95467404331378, 2.3566892856378043]]
Attitude: [[0.0, 0.0, 0.0], [1.4158739947349994, 0.27784815422419984, 1.3420381855188857], [0.5640682359258321, 1.2337794865760079, 1.1372421561371595], [1.0158144950798451, 0.5771097040965634, 1.4287893660504631]]
Save Location: maps/map974/test.txt
