Path: 2351
Path Score: 4.168804119289233
Waypoints: [[1.0, 1.0, 1.0], [2.7823021602657514, 3.2626923788090734, 6.811174955232296], [18.987168424161545, 21.350324413129044, 10.434584031210562], [29.0, 29.0, 14.0]]
Velocity: [[0.0, 0.0, 0.0], [1.7823021602657514, 2.2626923788090734, 5.811174955232296], [16.204866263895795, 18.08763203431997, 3.623409075978266], [10.012831575838455, 7.649675586870956, 3.565415968789438]]
Attitude: [[0.0, 0.0, 0.0], [1.2924157480158258, 1.2144350237412072, 0.46016632051788314], [0.8500124435559284, 0.7426886158706654, 1.42268522310805], [0.7003550436294252, 0.9469578898565721, 1.2950479413160163]]
Save Location: maps/map1809/test.txt
