Path: 559
Path Score: 4.143013715110742
Waypoints: [[1.0, 1.0, 1.0], [9.981785049321614, 2.094242845092411, 3.906087432644374], [17.142077840697404, 12.866671640253438, 8.671369517017055], [29.0, 29.0, 14.0]]
Velocity: [[0.0, 0.0, 0.0], [8.981785049321614, 1.094242845092411, 2.906087432644374], [7.16029279137579, 10.772428795161026, 4.765282084372681], [11.857922159302596, 16.133328359746564, 5.328630482982945]]
Attitude: [[0.0, 0.0, 0.0], [0.33286566125405836, 1.4553984883962245, 1.2600245384619229], [1.0246115094400636, 0.673782837623973, 1.2178233297487038], [0.9614723836846367, 0.6782653453057865, 1.3106912242211473]]
Save Location: maps/map1985/test.txt
