Path: 741
Path Score: 4.08664838369358
Waypoints: [[1.0, 1.0, 1.0], [12.697608925444278, 6.8811022717284045, 6.207161753256], [22.592720703848663, 25.526803242435573, 12.228206346267022], [29.0, 29.0, 14.0]]
Velocity: [[0.0, 0.0, 0.0], [11.697608925444278, 5.8811022717284045, 5.207161753256], [9.895111778404384, 18.645700970707168, 6.021044593011022], [6.407279296151337, 3.473196757564427, 1.7717936537329777]]
Attitude: [[0.0, 0.0, 0.0], [0.5913478455125089, 1.1402281118229445, 1.1922640516212777], [1.1031458777853904, 0.5558738517777959, 1.2929347199523926], [0.5466676487799201, 1.0893405550292934, 1.3323147563268598]]
Save Location: maps/map2301/test.txt
