Path: 400
Path Score: 4.13189089648751
Waypoints: [[1.0, 1.0, 1.0], [8.23561037690084, 4.511685430060676, 8.33124458240136], [24.417165918970664, 21.028566972505814, 13.862338142170172], [29.0, 29.0, 14.0]]
Velocity: [[0.0, 0.0, 0.0], [7.235610376900841, 3.511685430060676, 7.331244582401361], [16.181555542069823, 16.516881542445137, 5.531093559768811], [4.582834081029336, 7.971433027494186, 0.1376618578298281]]
Attitude: [[0.0, 0.0, 0.0], [0.8434728410597166, 1.2422312953632766, 0.8316455994328315], [0.8221922101962245, 0.8027644138011636, 1.3360000998941068], [1.0490962265383572, 0.5219593966089846, 1.5558258939074248]]
Save Location: maps/map2064/test.txt
