Path: 2488
Path Score: 4.3002650891322265
Waypoints: [[1.0, 1.0, 1.0], [12.386106231445222, 1.1077460717588705, 7.4490524792482224], [25.79209058027837, 11.910847199982666, 9.017382596249654], [29.0, 29.0, 14.0]]
Velocity: [[0.0, 0.0, 0.0], [11.386106231445222, 0.10774607175887052, 6.4490524792482224], [13.405984348833147, 10.803101128223794, 1.5683301170014312], [3.2079094197216307, 17.089152800017334, 4.982617403750346]]
Attitude: [[0.0, 0.0, 0.0], [0.5154044449224107, 1.562562589250552, 1.0554709245652716], [0.6833933286618875, 0.8958217268026143, 1.479955435282231], [1.3924977157249556, 0.3337927357398629, 1.2917140564701521]]
Save Location: maps/map868/test.txt
