Path: 2461
Path Score: 4.222061673842051
Waypoints: [[1.0, 1.0, 1.0], [12.386106231445222, 1.1077460717588705, 7.4490524792482224], [25.428707168258946, 19.405189246924685, 11.09112041789754], [29.0, 29.0, 14.0]]
Velocity: [[0.0, 0.0, 0.0], [11.386106231445222, 0.10774607175887052, 6.4490524792482224], [13.042600936813724, 18.297443175165814, 3.642067938649318], [3.5712928317410544, 9.594810753075315, 2.9088795821024593]]
Attitude: [[0.0, 0.0, 0.0], [0.5154044449224107, 1.562562589250552, 1.0554709245652716], [0.9606777056894434, 0.6371219325466372, 1.4101087687553102], [1.228608075856676, 0.4475659367165343, 1.29396325921033]]
Save Location: maps/map1395/test.txt
