Path: 2034
Path Score: 4.288133578298412
Waypoints: [[1.0, 1.0, 1.0], [1.6574939373145603, 7.640942564656317, 6.853106441814953], [8.698977053221993, 19.48629808039675, 13.371846165404145], [29.0, 29.0, 14.0]]
Velocity: [[0.0, 0.0, 0.0], [0.6574939373145603, 6.640942564656317, 5.853106441814953], [7.0414831159074325, 11.845355515740433, 6.518739723589192], [20.301022946778005, 9.51370191960325, 0.6281538345958548]]
Attitude: [[0.0, 0.0, 0.0], [1.4966576018134188, 0.7255359120981532, 0.8507902510389312], [1.0906499226909288, 0.6808551943982413, 1.1289402996926656], [0.4390758398022054, 1.132740622989748, 1.5427856888103315]]
Save Location: maps/map944/test.txt
