Path: 438
Path Score: 4.163614968693748
Waypoints: [[1.0, 1.0, 1.0], [8.23561037690084, 4.511685430060676, 8.33124458240136], [21.78645601699983, 26.938246068819566, 10.468055210066508], [29.0, 29.0, 14.0]]
Velocity: [[0.0, 0.0, 0.0], [7.235610376900841, 3.511685430060676, 7.331244582401361], [13.550845640098988, 22.42656063875889, 2.136810627665147], [7.2135439830001715, 2.0617539311804336, 3.531944789933492]]
Attitude: [[0.0, 0.0, 0.0], [0.8434728410597166, 1.2422312953632766, 0.8316455994328315], [1.0292688705409294, 0.5489767267511064, 1.4894268090222018], [0.5157591343381982, 1.3195229300441227, 1.1308007241554319]]
Save Location: maps/map1861/test.txt
