Path: 2028
Path Score: 4.290962990693279
Waypoints: [[1.0, 1.0, 1.0], [1.6574939373145603, 7.640942564656317, 6.853106441814953], [6.351589522056588, 15.595530052506257, 9.804307665027011], [29.0, 29.0, 14.0]]
Velocity: [[0.0, 0.0, 0.0], [0.6574939373145603, 6.640942564656317, 5.853106441814953], [4.694095584742028, 7.95458748784994, 2.951201223212058], [22.64841047794341, 13.404469947493743, 4.195692334972989]]
Attitude: [[0.0, 0.0, 0.0], [1.4966576018134188, 0.7255359120981532, 0.8507902510389312], [1.0654522208301032, 0.6087427629293555, 1.2615283122917598], [0.5551154872057305, 1.0437555844404118, 1.4127030288890532]]
Save Location: maps/map925/test.txt
