Path: 1173
Path Score: 4.0979179718507215
Waypoints: [[1.0, 1.0, 1.0], [7.244355243304841, 4.686769508950413, 5.732290508395203], [14.68158349565293, 13.843237883893032, 6.016948201033536], [29.0, 29.0, 14.0]]
Velocity: [[0.0, 0.0, 0.0], [6.244355243304841, 3.6867695089504133, 4.732290508395203], [7.437228252348089, 9.15646837494262, 0.2846576926383326], [14.31841650434707, 15.156762116106968, 7.983051798966464]]
Attitude: [[0.0, 0.0, 0.0], [0.7653529368027897, 1.1309818444795048, 0.9925991767107255], [0.88887418640355, 0.6825167239109635, 1.5466699598432012], [0.8745806038813252, 0.824576452033356, 1.2051434100274334]]
Save Location: maps/map2261/test.txt
