Path: 1037
Path Score: 4.158547077019694
Waypoints: [[1.0, 1.0, 1.0], [5.124139793286082, 11.529276214212281, 3.1169525438428494], [18.92587327321427, 24.46480001449053, 4.551445527047205], [29.0, 29.0, 14.0]]
Velocity: [[0.0, 0.0, 0.0], [4.124139793286082, 10.529276214212281, 2.1169525438428494], [13.801733479928187, 12.93552380027825, 1.4344929832043558], [10.074126726785732, 4.535199985509468, 9.448554472952795]]
Attitude: [[0.0, 0.0, 0.0], [1.2041596665548568, 0.4147337109116922, 1.3857324418142094], [0.7560622730181246, 0.8204640027390494, 1.4951063599781849], [0.8051713143812181, 1.2535291924364955, 0.863270668250586]]
Save Location: maps/map1888/test.txt
