Path: 2152
Path Score: 4.224965821475463
Waypoints: [[1.0, 1.0, 1.0], [5.839689469355285, 6.231079992564079, 1.4400139470819306], [8.159225786633002, 22.267181592153765, 7.3392383843274605], [29.0, 29.0, 14.0]]
Velocity: [[0.0, 0.0, 0.0], [4.839689469355285, 5.231079992564079, 0.44001394708193065], [2.3195363172777164, 16.036101599589685, 5.89922443724553], [20.840774213367, 6.732818407846235, 6.6607616156725395]]
Attitude: [[0.0, 0.0, 0.0], [0.8259996858182699, 0.748605830934555, 1.5091311358387776], [1.4358706076425145, 0.3764365144311399, 1.2216313332948885], [0.42653797996828985, 1.2722670340266777, 1.2755587507369637]]
Save Location: maps/map1377/test.txt
