Path: 2266
Path Score: 4.167119343048126
Waypoints: [[1.0, 1.0, 1.0], [5.7591996310330025, 10.496060591014656, 1.1961851557501069], [12.704603846584774, 19.922199713463662, 8.33279809450805], [29.0, 29.0, 14.0]]
Velocity: [[0.0, 0.0, 0.0], [4.7591996310330025, 9.496060591014656, 0.19618515575010687], [6.945404215551772, 9.426139122449007, 7.136612938757943], [16.295396153415226, 9.077800286536338, 5.66720190549195]]
Attitude: [[0.0, 0.0, 0.0], [1.1062936554501903, 0.46492826404694765, 1.5523285842779897], [1.0396569780738452, 0.81284966248467, 1.02340608905507], [0.5810873343497762, 1.0864359774071253, 1.2758411019683804]]
Save Location: maps/map1822/test.txt
