Path: 381
Path Score: 4.608108614468681
Waypoints: [[1.0, 1.0, 1.0], [5.0694130019156045, 0.10947803648002186, 11.387112714668532], [7.976694836660609, 10.929766397758005, 9.409001445334173], [29.0, 29.0, 14.0]]
Velocity: [[0.0, 0.0, 0.0], [4.0694130019156045, -0.8905219635199781, 10.387112714668532], [2.907281834745005, 10.820288361277983, -1.9781112693343594], [21.02330516333939, 18.070233602241995, 4.590998554665827]]
Attitude: [[0.0, 0.0, 0.0], [1.1986423454069668, 1.65045321960768, 0.3814078923026202], [1.3123977094783177, 0.3142174046837292, 1.7455485445209726], [0.7254969031588144, 0.8722868357785716, 1.4066777616859754]]
Save Location: maps/map15/test.txt
