Path: 988
Path Score: 4.287372555524989
Waypoints: [[1.0, 1.0, 1.0], [7.03200889148945, 11.212381035806049, 2.4091861245466912], [17.10037516700489, 29.239729622642756, 11.903971497075933], [29.0, 29.0, 14.0]]
Velocity: [[0.0, 0.0, 0.0], [6.03200889148945, 10.212381035806049, 1.4091861245466912], [10.06836627551544, 18.02734858683671, 9.494785372529241], [11.899624832995109, -0.23972962264275566, 2.0960285029240673]]
Attitude: [[0.0, 0.0, 0.0], [1.0413956223611207, 0.5452295055399751, 1.4525400011168248], [1.1118351978596175, 0.6547187599790323, 1.1397970312052872], [0.17546746908711836, 1.5906342688103356, 1.396477078710701]]
Save Location: maps/map951/test.txt
