Path: 81
Path Score: 4.139242705488973
Waypoints: [[1.0, 1.0, 1.0], [6.844542921659472, 12.575654287568902, 0.7512941296865822], [24.231363728279373, 24.064238050008328, 9.859876317962396], [29.0, 29.0, 14.0]]
Velocity: [[0.0, 0.0, 0.0], [5.844542921659472, 11.575654287568902, -0.24870587031341784], [17.3868208066199, 11.488583762439426, 9.108582188275813], [4.768636271720627, 4.935761949991672, 4.140123682037604]]
Attitude: [[0.0, 0.0, 0.0], [1.103329579532339, 0.4679236243581791, 1.5899732357353402], [0.7005577965993819, 1.0412491412394336, 1.1587381388365063], [0.9335872338350895, 0.9073880140782924, 1.02799260384737]]
Save Location: maps/map2006/test.txt
