Path: 1269
Path Score: 4.307294206855106
Waypoints: [[1.0, 1.0, 1.0], [11.681123338592288, 14.089788280863255, 4.111381059339743], [14.46706287539074, 21.68231868352074, 5.395598205098573], [29.0, 29.0, 14.0]]
Velocity: [[0.0, 0.0, 0.0], [10.681123338592288, 13.089788280863255, 3.1113810593397426], [2.785939536798452, 7.592530402657486, 1.2842171457588307], [14.53293712460926, 7.317681316479259, 8.604401794901428]]
Attitude: [[0.0, 0.0, 0.0], [0.8998039769895753, 0.7044384319041941, 1.3886732407031834], [1.2236545057449928, 0.3839838241958226, 1.4133210994659324], [0.6606967282577116, 1.161934980212726, 1.0843680323639853]]
Save Location: maps/map816/test.txt
