Path: 226
Path Score: 4.2961763066516205
Waypoints: [[1.0, 1.0, 1.0], [0.2429086269009595, 4.401009458247564, 1.9766829018839305], [11.29885047226655, 13.922680563011099, 6.0742347128672325], [29.0, 29.0, 14.0]]
Velocity: [[0.0, 0.0, 0.0], [-0.7570913730990405, 3.4010094582475636, 0.9766829018839305], [11.05594184536559, 9.521671104763534, 4.097551810983302], [17.70114952773345, 15.077319436988901, 7.9257652871327675]]
Attitude: [[0.0, 0.0, 0.0], [1.7815782743907893, 0.34851827104464184, 1.297497366701187], [0.7531978526157842, 0.8914695435818988, 1.297019850698581], [0.7661818536866618, 0.9099886285213937, 1.2422839364012292]]
Save Location: maps/map898/test.txt
