Path: 1654
Path Score: 4.056412360349048
Waypoints: [[1.0, 1.0, 1.0], [10.36013664890983, 5.847929453477029, 2.4421408215587084], [24.539485932888955, 19.73672816277327, 8.00225603479158], [29.0, 29.0, 14.0]]
Velocity: [[0.0, 0.0, 0.0], [9.36013664890983, 4.847929453477029, 1.4421408215587084], [14.179349283979125, 13.888798709296243, 5.560115213232872], [4.4605140671110455, 9.263271837226728, 5.99774396520842]]
Attitude: [[0.0, 0.0, 0.0], [0.49541529610661705, 1.0976792558885609, 1.4348290922750935], [0.8121954130762589, 0.8314423630701399, 1.297665797515955], [1.1866756395694507, 0.678936129498745, 1.0426972103159322]]
Save Location: maps/map2410/test.txt
