Path: 498
Path Score: 4.113693266127564
Waypoints: [[1.0, 1.0, 1.0], [11.29885047226655, 13.922680563011099, 6.0742347128672325], [26.247862811798445, 26.14012348922666, 9.783949613542193], [29.0, 29.0, 14.0]]
Velocity: [[0.0, 0.0, 0.0], [10.29885047226655, 12.922680563011099, 5.0742347128672325], [14.949012339531896, 12.217442926215561, 3.7097149006749603], [2.752137188201555, 2.85987651077334, 4.216050386457807]]
Attitude: [[0.0, 0.0, 0.0], [0.932550665210745, 0.7263919285052141, 1.2728643435485965], [0.7068805905367894, 0.900206225942111, 1.3809610518804298], [1.0754951709988285, 1.0542232020541684, 0.7552272384080128]]
Save Location: maps/map2173/test.txt
