Path: 124
Path Score: 4.168459940914152
Waypoints: [[1.0, 1.0, 1.0], [6.844542921659472, 12.575654287568902, 0.7512941296865822], [24.631670230844907, 23.32534168126198, 7.202000853365213], [29.0, 29.0, 14.0]]
Velocity: [[0.0, 0.0, 0.0], [5.844542921659472, 11.575654287568902, -0.24870587031341784], [17.787127309185436, 10.749687393693076, 6.450706723678631], [4.368329769155093, 5.674658318738022, 6.797999146634787]]
Attitude: [[0.0, 0.0, 0.0], [1.103329579532339, 0.4679236243581791, 1.5899732357353402], [0.6139505042526971, 1.0541299449665569, 1.2698420386734353], [1.112517585562311, 0.9585535715963122, 0.8114172061667323]]
Save Location: maps/map1812/test.txt
