Path: 251
Path Score: 4.278979484200811
Waypoints: [[1.0, 1.0, 1.0], [10.236205802881091, 6.726958385030271, 8.616461550781413], [17.89500835598713, 12.238417992478578, 7.134004137824853], [29.0, 29.0, 14.0]]
Velocity: [[0.0, 0.0, 0.0], [9.236205802881091, 5.726958385030271, 7.616461550781413], [7.658802553106039, 5.511459607448306, -1.4824574129565598], [11.10499164401287, 16.761582007521422, 6.865995862175147]]
Attitude: [[0.0, 0.0, 0.0], [0.801018365502451, 1.1245932303302049, 0.9595076706588436], [0.6404230609962346, 0.9557141406591229, 1.7266331024263748], [1.0208116603536068, 0.6617621353055158, 1.2417305692240037]]
Save Location: maps/map1006/test.txt
