Path: 114
Path Score: 4.221677556163378
Waypoints: [[1.0, 1.0, 1.0], [6.844542921659472, 12.575654287568902, 0.7512941296865822], [22.781985147361475, 18.865246195222316, 4.237269029022857], [29.0, 29.0, 14.0]]
Velocity: [[0.0, 0.0, 0.0], [5.844542921659472, 11.575654287568902, -0.24870587031341784], [15.937442225702004, 6.2895919076534135, 3.4859748993362754], [6.218014852638525, 10.134753804777684, 9.762730970977142]]
Attitude: [[0.0, 0.0, 0.0], [1.103329579532339, 0.4679236243581791, 1.5899732357353402], [0.4238545933082902, 1.2028277461827808, 1.3700778617822615], [1.154725411250614, 0.8516309695069436, 0.8833371316925762]]
Save Location: maps/map1399/test.txt
