Path: 2293
Path Score: 4.20958713293423
Waypoints: [[1.0, 1.0, 1.0], [4.608820246079843, 7.120273707001329, 9.286680001717013], [19.150517884687012, 16.221567393022806, 9.065163787729501], [29.0, 29.0, 14.0]]
Velocity: [[0.0, 0.0, 0.0], [3.6088202460798433, 6.120273707001329, 8.286680001717013], [14.541697638607168, 9.101293686021478, -0.22151621398751153], [9.849482115312988, 12.778432606977194, 4.934836212270499]]
Attitude: [[0.0, 0.0, 0.0], [1.233845257898589, 0.9755770124671417, 0.7087760394342274], [0.5593618813306657, 1.0116197872354071, 1.5837082311093023], [0.9474095871230266, 0.7114898316461911, 1.2739640805957166]]
Save Location: maps/map1475/test.txt
