Path: 2098
Path Score: 4.281733969604399
Waypoints: [[1.0, 1.0, 1.0], [2.1051801977178286, 12.705542697858661, 1.33533427386211], [20.610598369444524, 19.278006681353382, 8.827928443474919], [29.0, 29.0, 14.0]]
Velocity: [[0.0, 0.0, 0.0], [1.1051801977178286, 11.705542697858661, 0.3353342738621099], [18.505418171726696, 6.572463983494721, 7.4925941696128096], [8.389401630555476, 9.721993318646618, 5.172071556525081]]
Attitude: [[0.0, 0.0, 0.0], [1.4766986395106851, 0.09834724994807642, 1.5422834159518], [0.49403777075988664, 1.252766627158113, 1.2063068418939544], [0.919766086046802, 0.7922213235648208, 1.1879058042443305]]
Save Location: maps/map980/test.txt
