Path: 2161
Path Score: 4.153920746123282
Waypoints: [[1.0, 1.0, 1.0], [5.839689469355285, 6.231079992564079, 1.4400139470819306], [16.0492409098564, 24.532128528212887, 5.259776536804952], [29.0, 29.0, 14.0]]
Velocity: [[0.0, 0.0, 0.0], [4.839689469355285, 5.231079992564079, 0.44001394708193065], [10.209551440501116, 18.301048535648807, 3.8197625897230214], [12.950759090143599, 4.467871471787113, 8.740223463195047]]
Attitude: [[0.0, 0.0, 0.0], [0.8259996858182699, 0.748605830934555, 1.5091311358387776], [1.0709531469365743, 0.5372024358662494, 1.3905021918679656], [0.6485671725677874, 1.2922699173049879, 1.0029155967308279]]
Save Location: maps/map1924/test.txt
