# Note +ve X is north
# Note +ve Y is West
# x, y, height
# waypoints
G: (4.0,-2.0,10)
G: (15.707355243626175,-9.028392202998234,10)
G: (28.887074698246792,-14.456628058343512,10)
G: (41.96059938402766,-11.613033708728423,10)
G: (56.6876742718412,-7.354506262438676,10)
G: (71.82826645805139,-5.502594669076586,10)
G: (84.90064947944596,-6.579651804792164,10)
G: (96.0,-2.0,10)


# wall segments
# x1, y1, x2, y2, z
W: (96.0,-9.200000000000003,40.0,-17.200000000000003,30)
W: (40.0,-17.200000000000003,16.0,-17.200000000000003,30)
W: (16.0,-17.200000000000003,0.0,-9.200000000000003,30)
W: (0.0,5.200000000000003,28.8,-6.0,30)
W: (28.8,-6.0,96.0,5.200000000000003,30)


# environment settings
R: (0)
D: (1)
