# waypoints
G: (11.0,-17.0,15)
G: (14.304006243459323,-17.522331780369864,15)
G: (17.39906918919293,-18.54417717437354,15)
G: (20.11114276001297,-19.903481516453418,15)
G: (23.246474131367023,-19.79740622497755,15)
G: (25.99612149376624,-17.909397427231205,15)
G: (29.0,-17.0,15)


# wall segments
W: (30.0,-18.8,23.0,-21.8,3)
W: (23.0,-21.8,12.0,-19.8,3)
W: (12.0,-19.8,10.0,-18.8,3)
W: (10.0,-15.2,19.0,-17.2,3)
W: (19.0,-17.2,24.0,-17.2,3)
W: (24.0,-17.2,30.0,-15.2,3)


# environment settings
R: (0)
D: (1)
