Path: 567
Path Score: 4.340170491010008
Waypoints: [[1.0, 1.0, 1.0], [8.077819295469498, 4.630177089274074, 13.001091877302175], [24.417165918970664, 21.028566972505814, 13.862338142170172], [29.0, 29.0, 14.0]]
Velocity: [[0.0, 0.0, 0.0], [7.077819295469498, 3.630177089274074, 12.001091877302175], [16.339346623501164, 16.39838988323174, 0.8612462648679973], [4.582834081029336, 7.971433027494186, 0.1376618578298281]]
Attitude: [[0.0, 0.0, 0.0], [1.0568857360289043, 1.315913356872022, 0.5853298029477871], [0.787890320802251, 0.7842882611749381, 1.533609190408967], [1.0490962265383572, 0.5219593966089846, 1.5558258939074248]]
Save Location: maps/map631/test.txt
