Path: 156
Path Score: 4.4086211890504
Waypoints: [[1.0, 1.0, 1.0], [0.8689948832512862, 4.64282219210965, 7.776103442790986], [17.89500835598713, 12.238417992478578, 7.134004137824853], [29.0, 29.0, 14.0]]
Velocity: [[0.0, 0.0, 0.0], [-0.13100511674871385, 3.6428221921096497, 6.776103442790986], [17.026013472735844, 7.595595800368928, -0.6420993049661332], [11.10499164401287, 16.761582007521422, 6.865995862175147]]
Attitude: [[0.0, 0.0, 0.0], [1.5878233126910848, 1.077602275761293, 0.4935415452562085], [0.42094651825311324, 1.1514404464520291, 1.6052237326238603], [1.0208116603536068, 0.6617621353055158, 1.2417305692240037]]
Save Location: maps/map340/test.txt
