Path: 2035
Path Score: 4.22306191102869
Waypoints: [[1.0, 1.0, 1.0], [1.6574939373145603, 7.640942564656317, 6.853106441814953], [18.295648198935922, 21.67677091998945, 14.790388562251113], [29.0, 29.0, 14.0]]
Velocity: [[0.0, 0.0, 0.0], [0.6574939373145603, 6.640942564656317, 5.853106441814953], [16.638154261621363, 14.035828355333134, 7.93728212043616], [10.704351801064078, 7.323229080010549, -0.7903885622511133]]
Attitude: [[0.0, 0.0, 0.0], [1.4966576018134188, 0.7255359120981532, 0.8507902510389312], [0.7697266195846003, 0.9200443819978045, 1.2211428796420238], [0.6027006201753293, 0.9720633967168617, 1.6316622645059446]]
Save Location: maps/map1387/test.txt
