Path: 973
Path Score: 4.1162257984163695
Waypoints: [[1.0, 1.0, 1.0], [7.03200889148945, 11.212381035806049, 2.4091861245466912], [22.48463544099993, 22.910796544751268, 5.995441400636155], [29.0, 29.0, 14.0]]
Velocity: [[0.0, 0.0, 0.0], [6.03200889148945, 10.212381035806049, 1.4091861245466912], [15.45262654951048, 11.698415508945219, 3.5862552760894637], [6.515364559000069, 6.089203455248732, 8.004558599363845]]
Attitude: [[0.0, 0.0, 0.0], [1.0413956223611207, 0.5452295055399751, 1.4525400011168248], [0.6697361686207021, 0.9353752788102089, 1.387829330931714], [0.9959567092637175, 1.0377754035517597, 0.8393162236524304]]
Save Location: maps/map2162/test.txt
