Path: 784
Path Score: 4.354487073722112
Waypoints: [[1.0, 1.0, 1.0], [4.844954787942095, 14.493280729732227, 5.905721797057641], [16.72641038031882, 15.264827052821502, 13.846194206338602], [29.0, 29.0, 14.0]]
Velocity: [[0.0, 0.0, 0.0], [3.844954787942095, 13.493280729732227, 4.905721797057641], [11.881455592376726, 0.7715463230892752, 7.940472409280961], [12.273589619681179, 13.735172947178498, 0.15380579366139813]]
Attitude: [[0.0, 0.0, 0.0], [1.3091332202726853, 0.43273101466224884, 1.2344339666278068], [0.5913106142221057, 1.5168587625311933, 0.9826298324105152], [0.8415660736191315, 0.7293004114667039, 1.5624465811421142]]
Save Location: maps/map555/test.txt
