Path: 1074
Path Score: 4.260637685074878
Waypoints: [[1.0, 1.0, 1.0], [5.124139793286082, 11.529276214212281, 3.1169525438428494], [24.882695815361128, 14.368288597070304, 12.113832918894575], [29.0, 29.0, 14.0]]
Velocity: [[0.0, 0.0, 0.0], [4.124139793286082, 10.529276214212281, 2.1169525438428494], [19.758556022075048, 2.839012382858023, 8.996880375051726], [4.117304184638872, 14.631711402929696, 1.886167081105425]]
Attitude: [[0.0, 0.0, 0.0], [1.2041596665548568, 0.4147337109116922, 1.3857324418142094], [0.44546447921034354, 1.4407671573533463, 1.1473503101355316], [1.2986348105444985, 0.30016579609209537, 1.4473372730099068]]
Save Location: maps/map1133/test.txt
