Path: 1094
Path Score: 4.264633679093075
Waypoints: [[1.0, 1.0, 1.0], [6.277705044557794, 0.35330246109405494, 2.6825947684151497], [12.697608925444278, 6.8811022717284045, 6.207161753256], [29.0, 29.0, 14.0]]
Velocity: [[0.0, 0.0, 0.0], [5.277705044557794, -0.6466975389059451, 1.6825947684151497], [6.419903880886484, 6.52779981063435, 3.5245669848408503], [16.30239107455572, 22.118897728271595, 7.792838246744]]
Attitude: [[0.0, 0.0, 0.0], [0.32912608513099045, 1.687014641004876, 1.264321452563771], [0.8574372203158847, 0.842799903060876, 1.2033243824780167], [0.9633309676517934, 0.6849688146731624, 1.2944451911667574]]
Save Location: maps/map1094/test.txt
