Path: 192
Path Score: 4.50863277729938
Waypoints: [[1.0, 1.0, 1.0], [0.1034748464100077, 6.396090427855569, 9.25430405624771], [5.071981601234553, 16.0705067071635, 8.253409506893876], [29.0, 29.0, 14.0]]
Velocity: [[0.0, 0.0, 0.0], [-0.8965251535899923, 5.396090427855569, 8.25430405624771], [4.968506754824546, 9.67441627930793, -1.0008945493538342], [23.928018398765445, 12.9294932928365, 5.746590493106124]]
Attitude: [[0.0, 0.0, 0.0], [1.6614577493511176, 0.9944855483118206, 0.5852456997051783], [1.098510336375518, 0.48257548901529196, 1.662568353866827], [0.5340100961639119, 1.0870281697948079, 1.362570299726199]]
Save Location: maps/map104/test.txt
