Path: 1927
Path Score: 4.180009221569161
Waypoints: [[1.0, 1.0, 1.0], [7.908661902969909, 13.249370598681029, 5.122888052721978], [17.495244973045097, 26.03561227858441, 12.515738341607829], [29.0, 29.0, 14.0]]
Velocity: [[0.0, 0.0, 0.0], [6.908661902969909, 12.249370598681029, 4.122888052721978], [9.586583070075188, 12.78624167990338, 7.392850288885851], [11.504755026954903, 2.9643877214155907, 1.484261658392171]]
Attitude: [[0.0, 0.0, 0.0], [1.0799032623057099, 0.5811391675180452, 1.2856207472042467], [0.9950725891260183, 0.758080186916305, 1.1375103869840073], [0.2805594303655102, 1.3206025270465491, 1.4465080099651364]]
Save Location: maps/map1725/test.txt
