Path: 2380
Path Score: 4.148590115819688
Waypoints: [[1.0, 1.0, 1.0], [2.7823021602657514, 3.2626923788090734, 6.811174955232296], [17.142077840697404, 12.866671640253438, 8.671369517017055], [29.0, 29.0, 14.0]]
Velocity: [[0.0, 0.0, 0.0], [1.7823021602657514, 2.2626923788090734, 5.811174955232296], [14.359775680431653, 9.603979261444366, 1.860194561784759], [11.857922159302596, 16.133328359746564, 5.328630482982945]]
Attitude: [[0.0, 0.0, 0.0], [1.2924157480158258, 1.2144350237412072, 0.46016632051788314], [0.5980249251700923, 0.98514951945753, 1.463530834591738], [0.9614723836846367, 0.6782653453057865, 1.3106912242211473]]
Save Location: maps/map1951/test.txt
