Path: 11
Path Total Score: 2.4280420433669225
Waypoints: [[0.1, 0.1, 0.1], [4.533498029120859, 6.337631288373929, 0.10475483515815842], [1.601095062188621, 2.476090258889476, 0.5188369325820319], [5.495335462236301, 8.178523252578922, 0.7007621976455797], [1.7351189057675898, 3.4674215547492935, 0.6392168412952681], [5.423374928685497, 8.49521859017268, 0.9835109699412209], [0.7055623932959942, 2.6531356016686205, 0.8803707395174176], [4.6896013927299, 7.635535461574428, 0.7008770123980906], [0.8661088813429807, 2.656942106829945, 1.2764566878636985], [5.0, 5.0, 2.5]]
Velocity: [[0.0, 0.0, 0.0], [4.43349802912086, 6.2376312883739296, 0.004754835158158416], [-2.932402966932238, -3.861541029484453, 0.4140820974238735], [3.8942404000476794, 5.702432993689445, 0.18192526506354778], [-3.760216556468711, -4.711101697829628, -0.06154535635031155], [3.6882560229179076, 5.0277970354233865, 0.34429412864595277], [-4.717812535389503, -5.8420829885040595, -0.10314023042380327], [3.9840389994339054, 4.982399859905808, -0.17949372711932698], [-3.8234925113869194, -4.978593354744484, 0.5755796754656078], [4.1338911186570195, 2.343057893170055, 1.2235433121363015]]
Attitude: [[0.0, 0.0, 0.0], [0.0, 0.0, 0.0], [0.0, 0.0, 0.0], [0.0, 0.0, 0.0], [0.0, 0.0, 0.0], [0.0, 0.0, 0.0], [0.0, 0.0, 0.0], [0.0, 0.0, 0.0], [0.0, 0.0, 0.0], [0.0, 0.0, 0.0]]
Save Location: maps/map4/test.txt
