Path: 2132
Path Score: 4.2285554386176365
Waypoints: [[1.0, 1.0, 1.0], [7.976694836660609, 10.929766397758005, 9.409001445334173], [24.29282605726432, 17.273783965333514, 9.528106741585457], [29.0, 29.0, 14.0]]
Velocity: [[0.0, 0.0, 0.0], [6.976694836660609, 9.929766397758005, 8.409001445334173], [16.31613122060371, 6.344017567575509, 0.11910529625128419], [4.707173942735679, 11.726216034666486, 4.471893258414543]]
Attitude: [[0.0, 0.0, 0.0], [1.0786293818483852, 0.8331465441750755, 0.9648405508336908], [0.37088987240161364, 1.1999749726862687, 1.5639927770718645], [1.2119605623526288, 0.5056733733733509, 1.2306436859371142]]
Save Location: maps/map1348/test.txt
