Path: 1716
Path Score: 4.2455183999091854
Waypoints: [[1.0, 1.0, 1.0], [10.805725952785512, 11.283487147150078, 0.7484718343695662], [16.0492409098564, 24.532128528212887, 5.259776536804952], [29.0, 29.0, 14.0]]
Velocity: [[0.0, 0.0, 0.0], [9.805725952785512, 10.283487147150078, -0.2515281656304338], [5.243514957070889, 13.248641381062809, 4.511304702435385], [12.950759090143599, 4.467871471787113, 8.740223463195047]]
Attitude: [[0.0, 0.0, 0.0], [0.8093250089126587, 0.7617849255869302, 1.5884962164824006], [1.21232986687269, 0.4811701650712999, 1.264166800424102], [0.6485671725677874, 1.2922699173049879, 1.0029155967308279]]
Save Location: maps/map1220/test.txt
