Path: 1607
Path Score: 4.1442449366012015
Waypoints: [[1.0, 1.0, 1.0], [10.36013664890983, 5.847929453477029, 2.4421408215587084], [16.596716632096093, 19.215720704642216, 5.13918037419731], [29.0, 29.0, 14.0]]
Velocity: [[0.0, 0.0, 0.0], [9.36013664890983, 4.847929453477029, 1.4421408215587084], [6.236579983186264, 13.367791251165187, 2.6970395526386017], [12.403283367903907, 9.784279295357784, 8.86081962580269]]
Attitude: [[0.0, 0.0, 0.0], [0.49541529610661705, 1.0976792558885609, 1.4348290922750935], [1.141869454198512, 0.4702611175454668, 1.3899563825767223], [0.816514821634672, 1.0001521739681158, 1.059633768091095]]
Save Location: maps/map1977/test.txt
