Path: 190
Path Score: 4.446721655359553
Waypoints: [[1.0, 1.0, 1.0], [0.1034748464100077, 6.396090427855569, 9.25430405624771], [7.389357188954467, 23.477432848813812, 10.209341262023914], [29.0, 29.0, 14.0]]
Velocity: [[0.0, 0.0, 0.0], [-0.8965251535899923, 5.396090427855569, 8.25430405624771], [7.285882342544459, 17.081342420958244, 0.955037205776204], [21.610642811045533, 5.522567151186188, 3.790658737976086]]
Attitude: [[0.0, 0.0, 0.0], [1.6614577493511176, 0.9944855483118206, 0.5852456997051783], [1.1681845700822895, 0.40625772868943066, 1.5194134117417972], [0.3005654335537563, 1.324213007369078, 1.4024590083582664]]
Save Location: maps/map215/test.txt
