Path: 868
Path Score: 4.199660058369286
Waypoints: [[1.0, 1.0, 1.0], [13.622214221490246, 10.560085107867, 6.307093757900562], [26.287300151641748, 16.492398494138193, 13.77497605122596], [29.0, 29.0, 14.0]]
Velocity: [[0.0, 0.0, 0.0], [12.622214221490246, 9.560085107867, 5.307093757900562], [12.665085930151502, 5.932313386271193, 7.467882293325397], [2.712699848358252, 12.507601505861807, 0.22502394877404086]]
Attitude: [[0.0, 0.0, 0.0], [0.7138698155414545, 0.9612815674177257, 1.2473929819737224], [0.6454470562420541, 1.1872930127206753, 1.0803436519110676], [1.3572535290988061, 0.21428765206758904, 1.553215933347118]]
Save Location: maps/map1564/test.txt
