Path: 1205
Path Score: 4.255431747568137
Waypoints: [[1.0, 1.0, 1.0], [10.98841998167141, 13.67984788740044, 4.669955467169109], [18.92587327321427, 24.46480001449053, 4.551445527047205], [29.0, 29.0, 14.0]]
Velocity: [[0.0, 0.0, 0.0], [9.98841998167141, 12.67984788740044, 3.6699554671691086], [7.937453291542859, 10.784952127090092, -0.11850994012190341], [10.074126726785732, 4.535199985509468, 9.448554472952795]]
Attitude: [[0.0, 0.0, 0.0], [0.9230317793050691, 0.698207449561829, 1.3472349331065676], [0.9363607388563252, 0.6345176122978762, 1.5796460780744364], [0.8051713143812181, 1.2535291924364955, 0.863270668250586]]
Save Location: maps/map1163/test.txt
