Path: 1568
Path Score: 4.080033781062234
Waypoints: [[1.0, 1.0, 1.0], [5.1328300726842055, 6.167067988359742, 4.338023583503114], [18.278593753428844, 13.542675969678093, 13.490985374955708], [29.0, 29.0, 14.0]]
Velocity: [[0.0, 0.0, 0.0], [4.1328300726842055, 5.167067988359742, 3.338023583503114], [13.145763680744638, 7.3756079813183515, 9.152961791452594], [10.721406246571156, 15.457324030321907, 0.5090146250442924]]
Attitude: [[0.0, 0.0, 0.0], [0.9792202736645594, 0.799275207152919, 1.1035589735254734], [0.7295971885824566, 1.1392885698998394, 1.0250836870426168], [0.964623337542555, 0.6069540453552669, 1.5437444202820336]]
Save Location: maps/map2327/test.txt
