Path: 617
Path Score: 4.417567891449141
Waypoints: [[1.0, 1.0, 1.0], [1.9869655009534015, 2.3470905443897805, 9.726710653669548], [7.976694836660609, 10.929766397758005, 9.409001445334173], [29.0, 29.0, 14.0]]
Velocity: [[0.0, 0.0, 0.0], [0.9869655009534015, 1.3470905443897805, 8.726710653669548], [5.989729335707208, 8.582675853368224, -0.3177092083353745], [21.02330516333939, 18.070233602241995, 4.590998554665827]]
Attitude: [[0.0, 0.0, 0.0], [1.4594850995761104, 1.4185963426785977, 0.18907565762625306], [0.9618118517267015, 0.609965196837174, 1.601143043406487], [0.7254969031588144, 0.8722868357785716, 1.4066777616859754]]
Save Location: maps/map304/test.txt
