Path: 1217
Path Score: 4.120844818444671
Waypoints: [[1.0, 1.0, 1.0], [10.98841998167141, 13.67984788740044, 4.669955467169109], [21.391366360934747, 19.016584990160858, 9.132275513596717], [29.0, 29.0, 14.0]]
Velocity: [[0.0, 0.0, 0.0], [9.98841998167141, 12.67984788740044, 3.6699554671691086], [10.402946379263337, 5.336737102760418, 4.4623200464276085], [7.608633639065253, 9.983415009839142, 4.867724486403283]]
Attitude: [[0.0, 0.0, 0.0], [0.9230317793050691, 0.698207449561829, 1.3472349331065676], [0.5894130957972791, 1.1302407574512259, 1.2062022247114357], [0.9701837951063373, 0.7354334851728955, 1.20085483013767]]
Save Location: maps/map2127/test.txt
