Path: 1133
Path Score: 4.367053872206339
Waypoints: [[1.0, 1.0, 1.0], [7.244355243304841, 4.686769508950413, 5.732290508395203], [7.177206899450002, 15.45719743824309, 14.540668792615357], [29.0, 29.0, 14.0]]
Velocity: [[0.0, 0.0, 0.0], [6.244355243304841, 3.6867695089504133, 4.732290508395203], [-0.06714834385483925, 10.770427929292676, 8.808378284220154], [21.822793100549998, 13.54280256175691, -0.5406687926153566]]
Attitude: [[0.0, 0.0, 0.0], [0.7653529368027897, 1.1309818444795048, 0.9925991767107255], [1.575622366286551, 0.6855329272363612, 0.8852871625531519], [0.5557718496340723, 1.0155187584190801, 1.591844435500265]]
Save Location: maps/map482/test.txt
