Path: 496
Path Score: 4.328773517856182
Waypoints: [[1.0, 1.0, 1.0], [11.29885047226655, 13.922680563011099, 6.0742347128672325], [14.31024281394206, 14.397341180730484, 10.344580509492056], [29.0, 29.0, 14.0]]
Velocity: [[0.0, 0.0, 0.0], [10.29885047226655, 12.922680563011099, 5.0742347128672325], [3.01139234167551, 0.47466061771938506, 4.270345796624824], [14.68975718605794, 14.602658819269516, 3.655419490507944]]
Attitude: [[0.0, 0.0, 0.0], [0.932550665210745, 0.7263919285052141, 1.2728643435485965], [0.9594862478881739, 1.4802069859649545, 0.6199895921348751], [0.7976180124622528, 0.8033878261380559, 1.3961151528842315]]
Save Location: maps/map689/test.txt
