Path: 1599
Path Score: 4.1924105759908965
Waypoints: [[1.0, 1.0, 1.0], [5.1328300726842055, 6.167067988359742, 4.338023583503114], [11.717608255286521, 26.086366361922085, 10.100298251227693], [29.0, 29.0, 14.0]]
Velocity: [[0.0, 0.0, 0.0], [4.1328300726842055, 5.167067988359742, 3.338023583503114], [6.5847781826023155, 19.91929837356234, 5.762274667724579], [17.28239174471348, 2.913633638077915, 3.8997017487723067]]
Attitude: [[0.0, 0.0, 0.0], [0.9792202736645594, 0.799275207152919, 1.1035589735254734], [1.2633148832055838, 0.41389868493476856, 1.3027437512162237], [0.27455761083990476, 1.4078003124714065, 1.351856955162436]]
Save Location: maps/map1627/test.txt
