Path: 2042
Path Score: 4.232434139724852
Waypoints: [[1.0, 1.0, 1.0], [1.6574939373145603, 7.640942564656317, 6.853106441814953], [20.852071857601725, 15.195208825034904, 7.612944235060696], [29.0, 29.0, 14.0]]
Velocity: [[0.0, 0.0, 0.0], [0.6574939373145603, 6.640942564656317, 5.853106441814953], [19.194577920287166, 7.554266260378586, 0.759837793245743], [8.147928142398275, 13.804791174965096, 6.387055764939304]]
Attitude: [[0.0, 0.0, 0.0], [1.4966576018134188, 0.7255359120981532, 0.8507902510389312], [0.3766628758815868, 1.1961185237146672, 1.5339770352857078], [1.0790221355094318, 0.643470475899189, 1.1916321938329075]]
Save Location: maps/map1322/test.txt
