Path: 1776
Path Score: 4.261705692521097
Waypoints: [[1.0, 1.0, 1.0], [5.8300877579373775, 12.986927175779844, 2.2883830638241456], [11.29885047226655, 13.922680563011099, 6.0742347128672325], [29.0, 29.0, 14.0]]
Velocity: [[0.0, 0.0, 0.0], [4.8300877579373775, 11.986927175779844, 1.2883830638241456], [5.468762714329172, 0.9357533872312551, 3.785851649043087], [17.70114952773345, 15.077319436988901, 7.9257652871327675]]
Attitude: [[0.0, 0.0, 0.0], [1.1897394258126446, 0.3951048953544142, 1.471431398260883], [0.6194649123324987, 1.4310267532677854, 0.9720134854126903], [0.7661818536866618, 0.9099886285213937, 1.2422839364012292]]
Save Location: maps/map1125/test.txt
