Path: 1855
Path Score: 4.302868712736251
Waypoints: [[1.0, 1.0, 1.0], [5.142904841761517, 4.732071187514425, 9.090826078056057], [22.610660907061256, 12.829583706462888, 7.646387831785042], [29.0, 29.0, 14.0]]
Velocity: [[0.0, 0.0, 0.0], [4.142904841761517, 3.732071187514425, 8.090826078056057], [17.46775606529974, 8.097512518948463, -1.444438246271015], [6.389339092938744, 16.170416293537112, 6.353612168214958]]
Attitude: [[0.0, 0.0, 0.0], [1.1355654236864037, 1.1812058528805445, 0.6034260736599171], [0.4400868819624523, 1.1380144832617491, 1.6456786717383363], [1.2183916059253201, 0.5083781419888332, 1.2204471921007194]]
Save Location: maps/map848/test.txt
