Path: 493
Path Score: 4.235586951405458
Waypoints: [[1.0, 1.0, 1.0], [11.29885047226655, 13.922680563011099, 6.0742347128672325], [15.684579521262053, 24.294407344774495, 11.460625578176513], [29.0, 29.0, 14.0]]
Velocity: [[0.0, 0.0, 0.0], [10.29885047226655, 12.922680563011099, 5.0742347128672325], [4.385729048995504, 10.371726781763396, 5.386390865309281], [13.315420478737947, 4.705592655225505, 2.539374421823487]]
Attitude: [[0.0, 0.0, 0.0], [0.932550665210745, 0.7263919285052141, 1.2728643435485965], [1.2117927680265759, 0.5901076566006173, 1.124636260196287], [0.38185806857320004, 1.2366735425670707, 1.3928860386768187]]
Save Location: maps/map1296/test.txt
