Path: 2425
Path Score: 4.203930754292526
Waypoints: [[1.0, 1.0, 1.0], [12.422424952449036, 7.364456284222653, 4.120550879483655], [25.752844741997475, 11.22365858767903, 10.0403064910286], [29.0, 29.0, 14.0]]
Velocity: [[0.0, 0.0, 0.0], [11.422424952449036, 6.364456284222653, 3.1205508794836554], [13.330419789548438, 3.8592023034563763, 5.919755611544945], [3.2471552580025254, 17.77634141232097, 3.9596935089714]]
Attitude: [[0.0, 0.0, 0.0], [0.5554007765856399, 1.0776065097557235, 1.3365284239372268], [0.4874455762551321, 1.3121360843988883, 1.1676027619302647], [1.39435302498806, 0.28047766201905855, 1.355080829085384]]
Save Location: maps/map1527/test.txt
