Path: 1766
Path Score: 4.1400792195746945
Waypoints: [[1.0, 1.0, 1.0], [10.805725952785512, 11.283487147150078, 0.7484718343695662], [24.539485932888955, 19.73672816277327, 8.00225603479158], [29.0, 29.0, 14.0]]
Velocity: [[0.0, 0.0, 0.0], [9.805725952785512, 10.283487147150078, -0.2515281656304338], [13.733759980103443, 8.453241015623194, 7.2537842004220145], [4.4605140671110455, 9.263271837226728, 5.99774396520842]]
Attitude: [[0.0, 0.0, 0.0], [0.8093250089126587, 0.7617849255869302, 1.5884962164824006], [0.6814475705930524, 1.0723726556596893, 1.1481111682377207], [1.1866756395694507, 0.678936129498745, 1.0426972103159322]]
Save Location: maps/map1999/test.txt
