Path: 1449
Path Score: 4.401631540967227
Waypoints: [[1.0, 1.0, 1.0], [1.5831056317866898, 11.289807463775418, 6.886569014408189], [18.1367759330625, 27.51943688599429, 5.760318237087204], [29.0, 29.0, 14.0]]
Velocity: [[0.0, 0.0, 0.0], [0.5831056317866898, 10.289807463775418, 5.886569014408189], [16.553670301275808, 16.22962942221887, -1.126250777320985], [10.863224066937502, 1.4805631140057116, 8.239681762912795]]
Attitude: [[0.0, 0.0, 0.0], [1.5216478577442305, 0.5217422173051365, 1.0518517055369716], [0.7767149679096814, 0.7964364813071826, 1.619340252582963], [0.6565808947189486, 1.462631373986738, 0.9263070006364166]]
Save Location: maps/map356/test.txt
