Path: 2289
Path Score: 4.333257410604889
Waypoints: [[1.0, 1.0, 1.0], [4.608820246079843, 7.120273707001329, 9.286680001717013], [10.81745541664519, 17.765990078921153, 6.9670533080542265], [29.0, 29.0, 14.0]]
Velocity: [[0.0, 0.0, 0.0], [3.6088202460798433, 6.120273707001329, 8.286680001717013], [6.208635170565347, 10.645716371919825, -2.3196266936627863], [18.18254458335481, 11.234009921078847, 7.0329466919457735]]
Attitude: [[0.0, 0.0, 0.0], [1.233845257898589, 0.9755770124671417, 0.7087760394342274], [1.0528525333979328, 0.5568569523170658, 1.7568415256334438], [0.6298821484480811, 1.0480294904711909, 1.2528998172006138]]
Save Location: maps/map666/test.txt
