Path: 1746
Path Score: 4.48344699038673
Waypoints: [[1.0, 1.0, 1.0], [10.805725952785512, 11.283487147150078, 0.7484718343695662], [10.367468260299423, 27.216463727164182, 9.296135061442213], [29.0, 29.0, 14.0]]
Velocity: [[0.0, 0.0, 0.0], [9.805725952785512, 10.283487147150078, -0.2515281656304338], [-0.43825769248608815, 15.932976580014104, 8.547663227072647], [18.632531739700575, 1.7835362728358177, 4.703864938557787]]
Attitude: [[0.0, 0.0, 0.0], [0.8093250089126587, 0.7617849255869302, 1.5884962164824006], [1.595030167732376, 0.4929480680664006, 1.0785528179380999], [0.26370469337935265, 1.4782516615946064, 1.3245891179026303]]
Save Location: maps/map143/test.txt
