Path: 600
Path Score: 4.363617310223149
Waypoints: [[1.0, 1.0, 1.0], [1.9869655009534015, 2.3470905443897805, 9.726710653669548], [19.150517884687012, 16.221567393022806, 9.065163787729501], [29.0, 29.0, 14.0]]
Velocity: [[0.0, 0.0, 0.0], [0.9869655009534015, 1.3470905443897805, 8.726710653669548], [17.16355238373361, 13.874476848633025, -0.6615468659400463], [9.849482115312988, 12.778432606977194, 4.934836212270499]]
Attitude: [[0.0, 0.0, 0.0], [1.4594850995761104, 1.4185963426785977, 0.18907565762625306], [0.6803781363675605, 0.8913362261335076, 1.6007621765357682], [0.9474095871230266, 0.7114898316461911, 1.2739640805957166]]
Save Location: maps/map500/test.txt
