Path: 1981
Path Score: 4.322212485760439
Waypoints: [[1.0, 1.0, 1.0], [7.908661902969909, 13.249370598681029, 5.122888052721978], [23.80619581829966, 28.941778377351817, 14.88524117496731], [29.0, 29.0, 14.0]]
Velocity: [[0.0, 0.0, 0.0], [6.908661902969909, 12.249370598681029, 4.122888052721978], [15.89753391532975, 15.692407778670788, 9.762353122245333], [5.19380418170034, 0.05822162264818331, -0.8852411749673106]]
Attitude: [[0.0, 0.0, 0.0], [1.0799032623057099, 0.5811391675180452, 1.2856207472042467], [0.8604105086827176, 0.8714574181828576, 1.1587802080996228], [0.16917730242266035, 1.5597463151797681, 1.7396054079197876]]
Save Location: maps/map723/test.txt
