Path: 102
Path Score: 4.224608989737404
Waypoints: [[1.0, 1.0, 1.0], [6.844542921659472, 12.575654287568902, 0.7512941296865822], [18.72403228769046, 27.04667286152992, 8.275372330418275], [29.0, 29.0, 14.0]]
Velocity: [[0.0, 0.0, 0.0], [5.844542921659472, 11.575654287568902, -0.24870587031341784], [11.879489366030988, 14.471018573961018, 7.524078200731693], [10.27596771230954, 1.9533271384700797, 5.724627669581725]]
Attitude: [[0.0, 0.0, 0.0], [1.103329579532339, 0.4679236243581791, 1.5899732357353402], [0.9412971609147849, 0.7710568641060382, 1.1886761499835714], [0.5320146181463187, 1.4062402530460234, 1.0700368475848865]]
Save Location: maps/map1381/test.txt
