Path: 1069
Path Score: 4.198187938316235
Waypoints: [[1.0, 1.0, 1.0], [5.124139793286082, 11.529276214212281, 3.1169525438428494], [21.79639181727039, 14.477895924297679, 6.70148367285092], [29.0, 29.0, 14.0]]
Velocity: [[0.0, 0.0, 0.0], [4.124139793286082, 10.529276214212281, 2.1169525438428494], [16.672252023984306, 2.9486197100853975, 3.584531129008071], [7.20360818272961, 14.522104075702321, 7.29851632714908]]
Attitude: [[0.0, 0.0, 0.0], [1.2041596665548568, 0.4147337109116922, 1.3857324418142094], [0.2715195456608066, 1.399582421290648, 1.362162868939854], [1.1535972127018381, 0.6148409412743631, 1.1477501781583583]]
Save Location: maps/map1577/test.txt
