Path: 1274
Path Score: 4.240639771797932
Waypoints: [[1.0, 1.0, 1.0], [11.681123338592288, 14.089788280863255, 4.111381059339743], [24.80078989068509, 16.52228778449424, 8.560347909072977], [29.0, 29.0, 14.0]]
Velocity: [[0.0, 0.0, 0.0], [10.681123338592288, 13.089788280863255, 3.1113810593397426], [13.1196665520928, 2.432499503630984, 4.448966849733234], [4.199210109314912, 12.477712215505761, 5.439652090927023]]
Attitude: [[0.0, 0.0, 0.0], [0.8998039769895753, 0.7044384319041941, 1.3886732407031834], [0.3688004434147902, 1.3969805853454162, 1.2489640216763196], [1.2715632840353657, 0.5034073100322944, 1.1789804677621314]]
Save Location: maps/map1260/test.txt
