Path: 2444
Path Score: 4.2450298095810295
Waypoints: [[1.0, 1.0, 1.0], [12.422424952449036, 7.364456284222653, 4.120550879483655], [28.870675406518693, 13.060700487616952, 12.882683677212206], [29.0, 29.0, 14.0]]
Velocity: [[0.0, 0.0, 0.0], [11.422424952449036, 6.364456284222653, 3.1205508794836554], [16.448250454069658, 5.696244203394299, 8.762132797728551], [0.1293245934813072, 15.939299512383048, 1.1173163227877936]]
Attitude: [[0.0, 0.0, 0.0], [0.5554007765856399, 1.0776065097557235, 1.3365284239372268], [0.5660310268583325, 1.2741645541937163, 1.1044500466253249], [1.5627027962274564, 0.07044941910009936, 1.5008148932011527]]
Save Location: maps/map1224/test.txt
