Path: 21
Path Score: 4.367050500028497
Waypoints: [[1.0, 1.0, 1.0], [8.883832853990807, 7.619820070167713, 5.821889119101872], [9.057942771808293, 22.483164120725405, 13.633419250864584], [29.0, 29.0, 14.0]]
Velocity: [[0.0, 0.0, 0.0], [7.883832853990807, 6.619820070167713, 4.821889119101872], [0.17410991781748564, 14.863344050557693, 7.811530131762712], [19.942057228191707, 6.516835879274595, 0.36658074913541583]]
Attitude: [[0.0, 0.0, 0.0], [0.8044304960935175, 0.9492050844908356, 1.1327513067607105], [1.5604274821148516, 0.48398559334323193, 1.0869412590087884], [0.3163154151017467, 1.2549974740262801, 1.5533251264663486]]
Save Location: maps/map483/test.txt
