Path: 1584
Path Score: 4.113543323869946
Waypoints: [[1.0, 1.0, 1.0], [5.1328300726842055, 6.167067988359742, 4.338023583503114], [9.662916602314, 22.21326367479614, 9.15459432162151], [29.0, 29.0, 14.0]]
Velocity: [[0.0, 0.0, 0.0], [4.1328300726842055, 5.167067988359742, 3.338023583503114], [4.530086529629795, 16.0461956864364, 4.816570738118395], [19.337083397686, 6.7867363252038615, 4.845405678378491]]
Attitude: [[0.0, 0.0, 0.0], [0.9792202736645594, 0.799275207152919, 1.1035589735254734], [1.306715033029873, 0.3908697937416931, 1.289574511722112], [0.40714433808387096, 1.242659214067075, 1.3386234911715096]]
Save Location: maps/map2176/test.txt
