Path: 2456
Path Score: 4.339109456829846
Waypoints: [[1.0, 1.0, 1.0], [12.386106231445222, 1.1077460717588705, 7.4490524792482224], [15.44249175683154, 18.284183195920107, 9.161844399110448], [29.0, 29.0, 14.0]]
Velocity: [[0.0, 0.0, 0.0], [11.386106231445222, 0.10774607175887052, 6.4490524792482224], [3.056385525386318, 17.176437124161236, 1.7127919198622257], [13.55750824316846, 10.715816804079893, 4.838155600889552]]
Attitude: [[0.0, 0.0, 0.0], [0.5154044449224107, 1.562562589250552, 1.0554709245652716], [1.3955501900134666, 0.20121624958733653, 1.4729345457961323], [0.714409075190648, 0.9308782745117469, 1.2978165450117953]]
Save Location: maps/map636/test.txt
