Path: 783
Path Score: 4.266313145302046
Waypoints: [[1.0, 1.0, 1.0], [4.844954787942095, 14.493280729732227, 5.905721797057641], [15.326606466973086, 21.339557800606936, 5.709370475713641], [29.0, 29.0, 14.0]]
Velocity: [[0.0, 0.0, 0.0], [3.844954787942095, 13.493280729732227, 4.905721797057641], [10.48165167903099, 6.846277070874709, -0.19635132134400024], [13.673393533026914, 7.660442199393064, 8.29062952428636]]
Attitude: [[0.0, 0.0, 0.0], [1.3091332202726853, 0.43273101466224884, 1.2344339666278068], [0.5787871375331297, 0.9922777398382409, 1.5864787477353393], [0.690120256163992, 1.1240390241586073, 1.0842390444713212]]
Save Location: maps/map1081/test.txt
