Path: 181
Path Score: 4.394785592401554
Waypoints: [[1.0, 1.0, 1.0], [0.8689948832512862, 4.64282219210965, 7.776103442790986], [14.68158349565293, 13.843237883893032, 6.016948201033536], [29.0, 29.0, 14.0]]
Velocity: [[0.0, 0.0, 0.0], [-0.13100511674871385, 3.6428221921096497, 6.776103442790986], [13.812588612401644, 9.200415691783382, -1.7591552417574503], [14.31841650434707, 15.156762116106968, 7.983051798966464]]
Attitude: [[0.0, 0.0, 0.0], [1.5878233126910848, 1.077602275761293, 0.4935415452562085], [0.5959143814522014, 0.9868997214779497, 1.6763992103916183], [0.8745806038813252, 0.824576452033356, 1.2051434100274334]]
Save Location: maps/map376/test.txt
