Path: 2365
Path Score: 4.3999693826735236
Waypoints: [[1.0, 1.0, 1.0], [2.7823021602657514, 3.2626923788090734, 6.811174955232296], [6.596290149546203, 22.34738075894622, 14.267155835962525], [29.0, 29.0, 14.0]]
Velocity: [[0.0, 0.0, 0.0], [1.7823021602657514, 2.2626923788090734, 5.811174955232296], [3.8139879892804514, 19.084688380137145, 7.455980880730229], [22.403709850453797, 6.652619241053781, -0.2671558359625248]]
Attitude: [[0.0, 0.0, 0.0], [1.2924157480158258, 1.2144350237412072, 0.46016632051788314], [1.3867585298313334, 0.4135226542037821, 1.2049403468609707], [0.2888695544722783, 1.2821661018601413, 1.582227121859774]]
Save Location: maps/map361/test.txt
