Path: 2358
Path Score: 4.298923605434977
Waypoints: [[1.0, 1.0, 1.0], [2.7823021602657514, 3.2626923788090734, 6.811174955232296], [10.752760318917543, 18.75992942067851, 14.80087523764835], [29.0, 29.0, 14.0]]
Velocity: [[0.0, 0.0, 0.0], [1.7823021602657514, 2.2626923788090734, 5.811174955232296], [7.970458158651792, 15.497237041869436, 7.989700282416054], [18.247239681082455, 10.24007057932149, -0.8008752376483503]]
Attitude: [[0.0, 0.0, 0.0], [1.2924157480158258, 1.2144350237412072, 0.46016632051788314], [1.1420228316780356, 0.6294217524754576, 1.1409189408343379], [0.5126920098124623, 1.0598172007710935, 1.6090527819834075]]
Save Location: maps/map877/test.txt
