Path: 1438
Path Score: 4.314193228299352
Waypoints: [[1.0, 1.0, 1.0], [10.074445050749116, 1.0357225832720962, 9.412027835082272], [20.852071857601725, 15.195208825034904, 7.612944235060696], [29.0, 29.0, 14.0]]
Velocity: [[0.0, 0.0, 0.0], [9.074445050749116, 0.03572258327209621, 8.412027835082272], [10.77762680685261, 14.159486241762806, -1.799083600021576], [8.147928142398275, 13.804791174965096, 6.387055764939304]]
Attitude: [[0.0, 0.0, 0.0], [0.7475390695972799, 1.5679093516700198, 0.8232656157544957], [0.9240463157617279, 0.657239674128298, 1.6715566458045583], [1.0790221355094318, 0.643470475899189, 1.1916321938329075]]
Save Location: maps/map766/test.txt
