Path: 1010
Path Score: 4.087269924928461
Waypoints: [[1.0, 1.0, 1.0], [5.124139793286082, 11.529276214212281, 3.1169525438428494], [15.44249175683154, 18.284183195920107, 9.161844399110448], [29.0, 29.0, 14.0]]
Velocity: [[0.0, 0.0, 0.0], [4.124139793286082, 10.529276214212281, 2.1169525438428494], [10.318351963545458, 6.754906981707826, 6.044891855267599], [13.55750824316846, 10.715816804079893, 4.838155600889552]]
Attitude: [[0.0, 0.0, 0.0], [1.2041596665548568, 0.4147337109116922, 1.3857324418142094], [0.7208124975546613, 1.0566191615480487, 1.1150606486488013], [0.714409075190648, 0.9308782745117469, 1.2978165450117953]]
Save Location: maps/map2299/test.txt
