Path: 1950
Path Score: 4.30713736565128
Waypoints: [[1.0, 1.0, 1.0], [7.908661902969909, 13.249370598681029, 5.122888052721978], [14.655112419192436, 29.3283759307992, 11.159787577707847], [29.0, 29.0, 14.0]]
Velocity: [[0.0, 0.0, 0.0], [6.908661902969909, 12.249370598681029, 4.122888052721978], [6.746450516222527, 16.07900533211817, 6.03689952498587], [14.344887580807564, -0.3283759307992007, 2.8402124222921525]]
Attitude: [[0.0, 0.0, 0.0], [1.0799032623057099, 0.5811391675180452, 1.2856207472042467], [1.1965054536073771, 0.5127988208154038, 1.237500069531308], [0.19673554575391217, 1.5932481293968974, 1.3753795345072697]]
Save Location: maps/map819/test.txt
