Path: 278
Path Score: 4.187131466414387
Waypoints: [[1.0, 1.0, 1.0], [10.236205802881091, 6.726958385030271, 8.616461550781413], [15.684579521262053, 24.294407344774495, 11.460625578176513], [29.0, 29.0, 14.0]]
Velocity: [[0.0, 0.0, 0.0], [9.236205802881091, 5.726958385030271, 7.616461550781413], [5.448373718380962, 17.567448959744222, 2.8441640273951005], [13.315420478737947, 4.705592655225505, 2.539374421823487]]
Attitude: [[0.0, 0.0, 0.0], [0.801018365502451, 1.1245932303302049, 0.9595076706588436], [1.2737033880134976, 0.3365456105290183, 1.4173779377369158], [0.38185806857320004, 1.2366735425670707, 1.3928860386768187]]
Save Location: maps/map1667/test.txt
