Path: 501
Path Score: 4.2156503257734235
Waypoints: [[1.0, 1.0, 1.0], [11.29885047226655, 13.922680563011099, 6.0742347128672325], [27.392959345270903, 23.005156066345783, 14.43568391042985], [29.0, 29.0, 14.0]]
Velocity: [[0.0, 0.0, 0.0], [10.29885047226655, 12.922680563011099, 5.0742347128672325], [16.094108873004352, 9.082475503334685, 8.361449197562617], [1.6070406547290972, 5.9948439336542165, -0.4356839104298498]]
Attitude: [[0.0, 0.0, 0.0], [0.932550665210745, 0.7263919285052141, 1.2728643435485965], [0.6543344205383327, 1.1065223662845276, 1.1458997839032283], [1.309541788024109, 0.27091869121991397, 1.6408792813009851]]
Save Location: maps/map1432/test.txt
