Path: 515
Path Score: 4.196402555230351
Waypoints: [[1.0, 1.0, 1.0], [9.981785049321614, 2.094242845092411, 3.906087432644374], [28.580074351282803, 14.872208336339622, 10.610098631150464], [29.0, 29.0, 14.0]]
Velocity: [[0.0, 0.0, 0.0], [8.981785049321614, 1.094242845092411, 2.906087432644374], [18.598289301961188, 12.77796549124721, 6.70401119850609], [0.4199256487171965, 14.127791663660378, 3.389901368849536]]
Attitude: [[0.0, 0.0, 0.0], [0.33286566125405836, 1.4553984883962245, 1.2600245384619229], [0.6598527502200138, 0.996997189020103, 1.2820025188578055], [1.5419013819474265, 0.2372269626522856, 1.3354029484393914]]
Save Location: maps/map1595/test.txt
