Path: 1433
Path Score: 4.357580514842398
Waypoints: [[1.0, 1.0, 1.0], [10.074445050749116, 1.0357225832720962, 9.412027835082272], [18.441097262136424, 17.537267266708554, 6.281086639361177], [29.0, 29.0, 14.0]]
Velocity: [[0.0, 0.0, 0.0], [9.074445050749116, 0.03572258327209621, 8.412027835082272], [8.366652211387308, 16.501544683436457, -3.1309411957210953], [10.558902737863576, 11.462732733291446, 7.718913360638823]]
Attitude: [[0.0, 0.0, 0.0], [0.7475390695972799, 1.5679093516700198, 0.8232656157544957], [1.1086416335391458, 0.49618624604993744, 1.7384353407685755], [0.9183550643402842, 0.8511782172620342, 1.1109269665548651]]
Save Location: maps/map536/test.txt
