Path: 341
Path Score: 4.1873361909772235
Waypoints: [[1.0, 1.0, 1.0], [11.62421921707525, 9.637940007438962, 4.108292062461251], [15.684579521262053, 24.294407344774495, 11.460625578176513], [29.0, 29.0, 14.0]]
Velocity: [[0.0, 0.0, 0.0], [10.62421921707525, 8.637940007438962, 3.108292062461251], [4.060360304186803, 14.656467337335533, 7.352333515715262], [13.315420478737947, 4.705592655225505, 2.539374421823487]]
Attitude: [[0.0, 0.0, 0.0], [0.7126112608988734, 0.9081638967287853, 1.3475745118170808], [1.3280542868284428, 0.5203736960041757, 1.1204877382735292], [0.38185806857320004, 1.2366735425670707, 1.3928860386768187]]
Save Location: maps/map1664/test.txt
