# Note +ve X is north
# Note +ve Y is West
# x, y, height
# waypoints
G: (11.0,-17.0,15)
G: (14.77162236071025,-18.041508200611734,15)
G: (18.40058033292023,-19.55432115329801,15)
G: (22.337340520065066,-18.880926022539334,15)
G: (25.37306933767708,-16.9569142962099,15)
G: (29.0,-17.0,15)


# wall segments
# x1, y1, x2, y2, z
W: (40.0,-14.6,24.0,-18.6,3)
W: (24.0,-18.6,10.0,-18.6,3)
W: (10.0,-18.6,0.0,-14.6,3)
W: (0.0,-7.399999999999999,16.0,-11.4,3)
W: (16.0,-11.4,22.0,-11.4,3)
W: (22.0,-11.4,34.0,-7.399999999999999,3)
W: (34.0,-7.399999999999999,40.0,-7.399999999999999,3)


# environment settings
R: (0)
D: (1)
