Path: 2452
Path Score: 4.072368576591029
Waypoints: [[1.0, 1.0, 1.0], [12.422424952449036, 7.364456284222653, 4.120550879483655], [24.539485932888955, 19.73672816277327, 8.00225603479158], [29.0, 29.0, 14.0]]
Velocity: [[0.0, 0.0, 0.0], [11.422424952449036, 6.364456284222653, 3.1205508794836554], [12.117060980439918, 12.372271878550618, 3.881705155307925], [4.4605140671110455, 9.263271837226728, 5.99774396520842]]
Attitude: [[0.0, 0.0, 0.0], [0.5554007765856399, 1.0776065097557235, 1.3365284239372268], [0.8192653590365512, 0.7993979299683919, 1.3502919273732774], [1.1866756395694507, 0.678936129498745, 1.0426972103159322]]
Save Location: maps/map2362/test.txt
