Path: 1546
Path Score: 4.048789621559525
Waypoints: [[1.0, 1.0, 1.0], [5.1328300726842055, 6.167067988359742, 4.338023583503114], [16.060622627406442, 22.284008548073043, 8.655570821620126], [29.0, 29.0, 14.0]]
Velocity: [[0.0, 0.0, 0.0], [4.1328300726842055, 5.167067988359742, 3.338023583503114], [10.927792554722236, 16.1169405597133, 4.317547238117012], [12.939377372593558, 6.715991451926957, 5.344429178379874]]
Attitude: [[0.0, 0.0, 0.0], [0.9792202736645594, 0.799275207152919, 1.1035589735254734], [0.9909575952224924, 0.629947495358528, 1.3525992775087767], [0.5856835745155158, 1.123499545747589, 1.2194127759243851]]
Save Location: maps/map2430/test.txt
