Path: 1224
Path Score: 4.297269391820468
Waypoints: [[1.0, 1.0, 1.0], [10.98841998167141, 13.67984788740044, 4.669955467169109], [17.10037516700489, 29.239729622642756, 11.903971497075933], [29.0, 29.0, 14.0]]
Velocity: [[0.0, 0.0, 0.0], [9.98841998167141, 12.67984788740044, 3.6699554671691086], [6.111955185333482, 15.559881735242316, 7.234016029906824], [11.899624832995109, -0.23972962264275566, 2.0960285029240673]]
Attitude: [[0.0, 0.0, 0.0], [0.9230317793050691, 0.698207449561829, 1.3472349331065676], [1.2286181714455713, 0.5467461135764178, 1.162398207544527], [0.17546746908711836, 1.5906342688103356, 1.396477078710701]]
Save Location: maps/map887/test.txt
