Path: 45
Path Score: 4.114742665351378
Waypoints: [[1.0, 1.0, 1.0], [8.883832853990807, 7.619820070167713, 5.821889119101872], [14.31024281394206, 14.397341180730484, 10.344580509492056], [29.0, 29.0, 14.0]]
Velocity: [[0.0, 0.0, 0.0], [7.883832853990807, 6.619820070167713, 4.821889119101872], [5.426409959951252, 6.777521110562771, 4.522691390390184], [14.68975718605794, 14.602658819269516, 3.655419490507944]]
Attitude: [[0.0, 0.0, 0.0], [0.8044304960935175, 0.9492050844908356, 1.1327513067607105], [0.9832675401008688, 0.8060951113602445, 1.0905570989396773], [0.7976180124622528, 0.8033878261380559, 1.3961151528842315]]
Save Location: maps/map2169/test.txt
