Path: 551
Path Score: 4.131002106765431
Waypoints: [[1.0, 1.0, 1.0], [9.981785049321614, 2.094242845092411, 3.906087432644374], [24.882695815361128, 14.368288597070304, 12.113832918894575], [29.0, 29.0, 14.0]]
Velocity: [[0.0, 0.0, 0.0], [8.981785049321614, 1.094242845092411, 2.906087432644374], [14.900910766039514, 12.274045751977892, 8.2077454862502], [4.117304184638872, 14.631711402929696, 1.886167081105425]]
Attitude: [[0.0, 0.0, 0.0], [0.33286566125405836, 1.4553984883962245, 1.2600245384619229], [0.7808329393148894, 0.945787223083831, 1.1687918266557822], [1.2986348105444985, 0.30016579609209537, 1.4473372730099068]]
Save Location: maps/map2070/test.txt
