Path: 747
Path Score: 4.095232621875455
Waypoints: [[1.0, 1.0, 1.0], [12.697608925444278, 6.8811022717284045, 6.207161753256], [25.89146789512382, 17.947079052650324, 10.291630941969098], [29.0, 29.0, 14.0]]
Velocity: [[0.0, 0.0, 0.0], [11.697608925444278, 5.8811022717284045, 5.207161753256], [13.193858969679543, 11.065976780921918, 4.084469188713098], [3.108532104876179, 11.052920947349676, 3.708369058030902]]
Attitude: [[0.0, 0.0, 0.0], [0.5913478455125089, 1.1402281118229445, 1.1922640516212777], [0.7295070525856999, 0.8953193381224758, 1.337908867386047], [1.3102246373088302, 0.4126571490004325, 1.2583924394013435]]
Save Location: maps/map2272/test.txt
