Path: 1755
Path Score: 4.190647660144307
Waypoints: [[1.0, 1.0, 1.0], [10.805725952785512, 11.283487147150078, 0.7484718343695662], [20.852071857601725, 15.195208825034904, 7.612944235060696], [29.0, 29.0, 14.0]]
Velocity: [[0.0, 0.0, 0.0], [9.805725952785512, 10.283487147150078, -0.2515281656304338], [10.046345904816214, 3.9117216778848256, 6.864472400691129], [8.147928142398275, 13.804791174965096, 6.387055764939304]]
Attitude: [[0.0, 0.0, 0.0], [0.8093250089126587, 0.7617849255869302, 1.5884962164824006], [0.6664144557208823, 1.2597449184790812, 1.0038152025717084], [1.0790221355094318, 0.643470475899189, 1.1916321938329075]]
Save Location: maps/map1643/test.txt
