Path: 38
Path Score: 4.326900288566732
Waypoints: [[1.0, 1.0, 1.0], [8.883832853990807, 7.619820070167713, 5.821889119101872], [8.698977053221993, 19.48629808039675, 13.371846165404145], [29.0, 29.0, 14.0]]
Velocity: [[0.0, 0.0, 0.0], [7.883832853990807, 6.619820070167713, 4.821889119101872], [-0.1848558007688137, 11.866478010229038, 7.549957046302273], [20.301022946778005, 9.51370191960325, 0.6281538345958548]]
Attitude: [[0.0, 0.0, 0.0], [0.8044304960935175, 0.9492050844908356, 1.1327513067607105], [1.5839388363333011, 0.566778679222126, 1.0042083158449073], [0.4390758398022054, 1.132740622989748, 1.5427856888103315]]
Save Location: maps/map699/test.txt
