Path: 1305
Path Score: 4.146539649315903
Waypoints: [[1.0, 1.0, 1.0], [11.681123338592288, 14.089788280863255, 4.111381059339743], [21.78645601699983, 26.938246068819566, 10.468055210066508], [29.0, 29.0, 14.0]]
Velocity: [[0.0, 0.0, 0.0], [10.681123338592288, 13.089788280863255, 3.1113810593397426], [10.10533267840754, 12.848457787956312, 6.356674150726765], [7.2135439830001715, 2.0617539311804336, 3.531944789933492]]
Attitude: [[0.0, 0.0, 0.0], [0.8998039769895753, 0.7044384319041941, 1.3886732407031834], [0.9567594360307352, 0.7486987182968038, 1.1999161706109047], [0.5157591343381982, 1.3195229300441227, 1.1308007241554319]]
Save Location: maps/map1963/test.txt
