Path: 1439
Path Score: 4.352466469590986
Waypoints: [[1.0, 1.0, 1.0], [10.074445050749116, 1.0357225832720962, 9.412027835082272], [28.870675406518693, 13.060700487616952, 12.882683677212206], [29.0, 29.0, 14.0]]
Velocity: [[0.0, 0.0, 0.0], [9.074445050749116, 0.03572258327209621, 8.412027835082272], [18.796230355769577, 12.024977904344855, 3.4706558421299345], [0.1293245934813072, 15.939299512383048, 1.1173163227877936]]
Attitude: [[0.0, 0.0, 0.0], [0.7475390695972799, 1.5679093516700198, 0.8232656157544957], [0.5874496059349081, 1.0092398330525718, 1.4164930523706776], [1.5627027962274564, 0.07044941910009936, 1.5008148932011527]]
Save Location: maps/map567/test.txt
