Path: 1259
Path Score: 4.287423308006206
Waypoints: [[1.0, 1.0, 1.0], [11.681123338592288, 14.089788280863255, 4.111381059339743], [16.0492409098564, 24.532128528212887, 5.259776536804952], [29.0, 29.0, 14.0]]
Velocity: [[0.0, 0.0, 0.0], [10.681123338592288, 13.089788280863255, 3.1113810593397426], [4.368117571264113, 10.442340247349632, 1.1483954774652094], [12.950759090143599, 4.467871471787113, 8.740223463195047]]
Attitude: [[0.0, 0.0, 0.0], [0.8998039769895753, 0.7044384319041941, 1.3886732407031834], [1.1767426992589483, 0.40822556464917703, 1.4696862244549789], [0.6485671725677874, 1.2922699173049879, 1.0029155967308279]]
Save Location: maps/map950/test.txt
