Path: 1174
Path Score: 4.343228154982814
Waypoints: [[1.0, 1.0, 1.0], [7.244355243304841, 4.686769508950413, 5.732290508395203], [7.2422472543241465, 15.760615466297706, 13.658007264698963], [29.0, 29.0, 14.0]]
Velocity: [[0.0, 0.0, 0.0], [6.244355243304841, 3.6867695089504133, 4.732290508395203], [-0.0021079889806943086, 11.073845957347292, 7.92571675630376], [21.75775274567585, 13.239384533702294, 0.34199273530103724]]
Attitude: [[0.0, 0.0, 0.0], [0.7653529368027897, 1.1309818444795048, 0.9925991767107255], [1.5709511223078987, 0.6211952280740767, 0.9496011240353364], [0.5467872106274848, 1.0242120818809008, 1.5573694452781284]]
Save Location: maps/map612/test.txt
