Path: 605
Path Score: 4.4935372967549885
Waypoints: [[1.0, 1.0, 1.0], [1.9869655009534015, 2.3470905443897805, 9.726710653669548], [9.057942771808293, 22.483164120725405, 13.633419250864584], [29.0, 29.0, 14.0]]
Velocity: [[0.0, 0.0, 0.0], [0.9869655009534015, 1.3470905443897805, 8.726710653669548], [7.0709772708548915, 20.136073576335626, 3.9067085971950366], [19.942057228191707, 6.516835879274595, 0.36658074913541583]]
Attitude: [[0.0, 0.0, 0.0], [1.4594850995761104, 1.4185963426785977, 0.18907565762625306], [1.2388227965995178, 0.381533630840008, 1.3897441285375332], [0.3163154151017467, 1.2549974740262801, 1.5533251264663486]]
Save Location: maps/map122/test.txt
