Path: 324
Path Score: 4.251420352197114
Waypoints: [[1.0, 1.0, 1.0], [11.62421921707525, 9.637940007438962, 4.108292062461251], [29.619779005927043, 16.055162190531664, 11.240498068360214], [29.0, 29.0, 14.0]]
Velocity: [[0.0, 0.0, 0.0], [10.62421921707525, 8.637940007438962, 3.108292062461251], [17.995559788851793, 6.4172221830927025, 7.132206005898963], [-0.6197790059270432, 12.944837809468336, 2.759501931639786]]
Attitude: [[0.0, 0.0, 0.0], [0.7126112608988734, 0.9081638967287853, 1.3475745118170808], [0.48980980817702513, 1.2506851586386323, 1.213511607102159], [1.6175884678130226, 0.21510429880291476, 1.3609995351376978]]
Save Location: maps/map1185/test.txt
