Path: 1005
Path Score: 4.2571905631516325
Waypoints: [[1.0, 1.0, 1.0], [7.03200889148945, 11.212381035806049, 2.4091861245466912], [11.717608255286521, 26.086366361922085, 10.100298251227693], [29.0, 29.0, 14.0]]
Velocity: [[0.0, 0.0, 0.0], [6.03200889148945, 10.212381035806049, 1.4091861245466912], [4.685599363797071, 14.873985326116037, 7.691112126681002], [17.28239174471348, 2.913633638077915, 3.8997017487723067]]
Attitude: [[0.0, 0.0, 0.0], [1.0413956223611207, 0.5452295055399751, 1.4525400011168248], [1.2979508475448682, 0.5444440909483794, 1.1126099243553862], [0.27455761083990476, 1.4078003124714065, 1.351856955162436]]
Save Location: maps/map1151/test.txt
