Path: 822
Path Score: 4.340986045201445
Waypoints: [[1.0, 1.0, 1.0], [4.844954787942095, 14.493280729732227, 5.905721797057641], [10.154931135603169, 27.558570916545424, 10.904913587202246], [29.0, 29.0, 14.0]]
Velocity: [[0.0, 0.0, 0.0], [3.844954787942095, 13.493280729732227, 4.905721797057641], [5.309976347661074, 13.065290186813197, 4.9991917901446055], [18.84506886439683, 1.441429083454576, 3.0950864127977535]]
Attitude: [[0.0, 0.0, 0.0], [1.3091332202726853, 0.43273101466224884, 1.2344339666278068], [1.2080157508995042, 0.5091140387522418, 1.230140914608491], [0.1792318684503368, 1.4954619679425223, 1.4084768971650652]]
Save Location: maps/map625/test.txt
