Path: 1689
Path Score: 4.335006620241018
Waypoints: [[1.0, 1.0, 1.0], [1.4862613186235762, 5.302297197202417, 9.54279168299124], [14.31024281394206, 14.397341180730484, 10.344580509492056], [29.0, 29.0, 14.0]]
Velocity: [[0.0, 0.0, 0.0], [0.48626131862357624, 4.302297197202417, 8.54279168299124], [12.823981495318483, 9.095043983528067, 0.8017888265008164], [14.68975718605794, 14.602658819269516, 3.655419490507944]]
Attitude: [[0.0, 0.0, 0.0], [1.520002440634727, 1.1049085373684124, 0.46909167611999897], [0.6187158245331568, 0.9548283768022764, 1.5198418635632958], [0.7976180124622528, 0.8033878261380559, 1.3961151528842315]]
Save Location: maps/map655/test.txt
