Path: 189
Path Score: 4.352947587422154
Waypoints: [[1.0, 1.0, 1.0], [0.1034748464100077, 6.396090427855569, 9.25430405624771], [10.035552414872543, 14.727385926720864, 12.424650413075828], [29.0, 29.0, 14.0]]
Velocity: [[0.0, 0.0, 0.0], [-0.8965251535899923, 5.396090427855569, 8.25430405624771], [9.932077568462535, 8.331295498865295, 3.1703463568281176], [18.96444758512746, 14.272614073279136, 1.5753495869241725]]
Attitude: [[0.0, 0.0, 0.0], [1.6614577493511176, 0.9944855483118206, 0.5852456997051783], [0.7314367923829375, 0.8966020390861992, 1.330947669080981], [0.6480734763088719, 0.9272854822750475, 1.5045215484811172]]
Save Location: maps/map563/test.txt
