Path: 2050
Path Score: 4.248008412173722
Waypoints: [[1.0, 1.0, 1.0], [1.6574939373145603, 7.640942564656317, 6.853106441814953], [14.68158349565293, 13.843237883893032, 6.016948201033536], [29.0, 29.0, 14.0]]
Velocity: [[0.0, 0.0, 0.0], [0.6574939373145603, 6.640942564656317, 5.853106441814953], [13.02408955833837, 6.202295319236715, -0.8361582407814172], [14.31841650434707, 15.156762116106968, 7.983051798966464]]
Attitude: [[0.0, 0.0, 0.0], [1.4966576018134188, 0.7255359120981532, 0.8507902510389312], [0.44794682406274783, 1.1271531794837437, 1.6286953962453539], [0.8745806038813252, 0.824576452033356, 1.2051434100274334]]
Save Location: maps/map1204/test.txt
