Path: 829
Path Score: 4.194305054593063
Waypoints: [[1.0, 1.0, 1.0], [4.844954787942095, 14.493280729732227, 5.905721797057641], [15.684579521262053, 24.294407344774495, 11.460625578176513], [29.0, 29.0, 14.0]]
Velocity: [[0.0, 0.0, 0.0], [3.844954787942095, 13.493280729732227, 4.905721797057641], [10.839624733319958, 9.801126615042268, 5.554903781118872], [13.315420478737947, 4.705592655225505, 2.539374421823487]]
Attitude: [[0.0, 0.0, 0.0], [1.3091332202726853, 0.43273101466224884, 1.2344339666278068], [0.8046765452782001, 0.8932053693328361, 1.2075472735392583], [0.38185806857320004, 1.2366735425670707, 1.3928860386768187]]
Save Location: maps/map1615/test.txt
