Path: 2330
Path Score: 4.1943002394562345
Waypoints: [[1.0, 1.0, 1.0], [2.7823021602657514, 3.2626923788090734, 6.811174955232296], [10.236205802881091, 6.726958385030271, 8.616461550781413], [29.0, 29.0, 14.0]]
Velocity: [[0.0, 0.0, 0.0], [1.7823021602657514, 2.2626923788090734, 5.811174955232296], [7.45390364261534, 3.464266006221198, 1.8052865955491164], [18.76379419711891, 22.273041614969728, 5.383538449218587]]
Attitude: [[0.0, 0.0, 0.0], [1.2924157480158258, 1.2144350237412072, 0.46016632051788314], [0.4827243138333128, 1.146529929372026, 1.354597119830105], [0.8846584087794623, 0.7196408431985295, 1.388006583094779]]
Save Location: maps/map1616/test.txt
