Path: 1995
Path Score: 4.272255163975152
Waypoints: [[1.0, 1.0, 1.0], [7.908661902969909, 13.249370598681029, 5.122888052721978], [11.717608255286521, 26.086366361922085, 10.100298251227693], [29.0, 29.0, 14.0]]
Velocity: [[0.0, 0.0, 0.0], [6.908661902969909, 12.249370598681029, 4.122888052721978], [3.808946352316612, 12.836995763241056, 4.977410198505716], [17.28239174471348, 2.913633638077915, 3.8997017487723067]]
Attitude: [[0.0, 0.0, 0.0], [1.0799032623057099, 0.5811391675180452, 1.2856207472042467], [1.3008983628340327, 0.4541988986892922, 1.214903196557861], [0.27455761083990476, 1.4078003124714065, 1.351856955162436]]
Save Location: maps/map1042/test.txt
