Path: 1284
Path Score: 4.203340959340794
Waypoints: [[1.0, 1.0, 1.0], [11.681123338592288, 14.089788280863255, 4.111381059339743], [24.29282605726432, 17.273783965333514, 9.528106741585457], [29.0, 29.0, 14.0]]
Velocity: [[0.0, 0.0, 0.0], [10.681123338592288, 13.089788280863255, 3.1113810593397426], [12.611702718672033, 3.1839956844702595, 5.416725682245715], [4.707173942735679, 11.726216034666486, 4.471893258414543]]
Attitude: [[0.0, 0.0, 0.0], [0.8998039769895753, 0.7044384319041941, 1.3886732407031834], [0.4622104548404787, 1.3428552635127242, 1.1762037759974564], [1.2119605623526288, 0.5056733733733509, 1.2306436859371142]]
Save Location: maps/map1532/test.txt
