Path: 252
Path Score: 4.118748703433095
Waypoints: [[1.0, 1.0, 1.0], [10.236205802881091, 6.726958385030271, 8.616461550781413], [24.417165918970664, 21.028566972505814, 13.862338142170172], [29.0, 29.0, 14.0]]
Velocity: [[0.0, 0.0, 0.0], [9.236205802881091, 5.726958385030271, 7.616461550781413], [14.180960116089572, 14.301608587475542, 5.245876591388759], [4.582834081029336, 7.971433027494186, 0.1376618578298281]]
Attitude: [[0.0, 0.0, 0.0], [0.801018365502451, 1.1245932303302049, 0.9595076706588436], [0.8211613663685269, 0.8132118507586141, 1.3159923992252889], [1.0490962265383572, 0.5219593966089846, 1.5558258939074248]]
Save Location: maps/map2143/test.txt
