Path: 1596
Path Score: 4.058124539373832
Waypoints: [[1.0, 1.0, 1.0], [5.1328300726842055, 6.167067988359742, 4.338023583503114], [12.613060744395664, 17.548051480031873, 8.080005726347148], [29.0, 29.0, 14.0]]
Velocity: [[0.0, 0.0, 0.0], [4.1328300726842055, 5.167067988359742, 3.338023583503114], [7.480230671711459, 11.380983491672131, 3.7419821428440336], [16.386939255604336, 11.451948519968127, 5.919994273652852]]
Attitude: [[0.0, 0.0, 0.0], [0.9792202736645594, 0.799275207152919, 1.1035589735254734], [1.0126472696155358, 0.6337727020907123, 1.3026538941498071], [0.6665783723714116, 0.989326980912511, 1.28290425102486]]
Save Location: maps/map2401/test.txt
