Path: 2418
Path Score: 4.221028650015888
Waypoints: [[1.0, 1.0, 1.0], [12.422424952449036, 7.364456284222653, 4.120550879483655], [29.619779005927043, 16.055162190531664, 11.240498068360214], [29.0, 29.0, 14.0]]
Velocity: [[0.0, 0.0, 0.0], [11.422424952449036, 6.364456284222653, 3.1205508794836554], [17.19735405347801, 8.690705906309011, 7.119947188876559], [-0.6197790059270432, 12.944837809468336, 2.759501931639786]]
Attitude: [[0.0, 0.0, 0.0], [0.5554007765856399, 1.0776065097557235, 1.3365284239372268], [0.5786844848800182, 1.1339638849528673, 1.2168464659905054], [1.6175884678130226, 0.21510429880291476, 1.3609995351376978]]
Save Location: maps/map1402/test.txt
