Path: 2002
Path Score: 4.218364251608565
Waypoints: [[1.0, 1.0, 1.0], [1.6574939373145603, 7.640942564656317, 6.853106441814953], [17.495244973045097, 26.03561227858441, 12.515738341607829], [29.0, 29.0, 14.0]]
Velocity: [[0.0, 0.0, 0.0], [0.6574939373145603, 6.640942564656317, 5.853106441814953], [15.837751035730536, 18.394669713928092, 5.662631899792876], [11.504755026954903, 2.9643877214155907, 1.484261658392171]]
Attitude: [[0.0, 0.0, 0.0], [1.4966576018134188, 0.7255359120981532, 0.8507902510389312], [0.8822541113927759, 0.7407005053798197, 1.3416098248019779], [0.2805594303655102, 1.3206025270465491, 1.4465080099651364]]
Save Location: maps/map1416/test.txt
