Path: 1445
Path Score: 4.291320818803042
Waypoints: [[1.0, 1.0, 1.0], [10.074445050749116, 1.0357225832720962, 9.412027835082272], [24.539485932888955, 19.73672816277327, 8.00225603479158], [29.0, 29.0, 14.0]]
Velocity: [[0.0, 0.0, 0.0], [9.074445050749116, 0.03572258327209621, 8.412027835082272], [14.465040882139839, 18.701005579501174, -1.4097718002906916], [4.4605140671110455, 9.263271837226728, 5.99774396520842]]
Attitude: [[0.0, 0.0, 0.0], [0.7475390695972799, 1.5679093516700198, 0.8232656157544957], [0.9138010558279323, 0.6606549179414689, 1.630354664811916], [1.1866756395694507, 0.678936129498745, 1.0426972103159322]]
Save Location: maps/map922/test.txt
