Path: 2272
Path Score: 4.15682515171986
Waypoints: [[1.0, 1.0, 1.0], [5.7591996310330025, 10.496060591014656, 1.1961851557501069], [14.68158349565293, 13.843237883893032, 6.016948201033536], [29.0, 29.0, 14.0]]
Velocity: [[0.0, 0.0, 0.0], [4.7591996310330025, 9.496060591014656, 0.19618515575010687], [8.922383864619928, 3.347177292878376, 4.820763045283429], [14.31841650434707, 15.156762116106968, 7.983051798966464]]
Attitude: [[0.0, 0.0, 0.0], [1.1062936554501903, 0.46492826404694765, 1.5523285842779897], [0.5818156676698417, 1.252003953504622, 1.102460067111402], [0.8745806038813252, 0.824576452033356, 1.2051434100274334]]
Save Location: maps/map1905/test.txt
