Path: 589
Path Score: 4.621493687577399
Waypoints: [[1.0, 1.0, 1.0], [8.077819295469498, 4.630177089274074, 13.001091877302175], [13.095324436113561, 15.033365545267669, 6.706312039110363], [29.0, 29.0, 14.0]]
Velocity: [[0.0, 0.0, 0.0], [7.077819295469498, 3.630177089274074, 12.001091877302175], [5.017505140644063, 10.403188455993595, -6.294779838191811], [15.904675563886439, 13.966634454732331, 7.293687960889637]]
Attitude: [[0.0, 0.0, 0.0], [1.0568857360289043, 1.315913356872022, 0.5853298029477871], [1.1794370679684905, 0.6585499046814913, 2.06979593385499], [0.7807156099511975, 0.8971446612687055, 1.2389541045829986]]
Save Location: maps/map11/test.txt
