Path: 570
Path Score: 4.402559217918541
Waypoints: [[1.0, 1.0, 1.0], [8.077819295469498, 4.630177089274074, 13.001091877302175], [16.562231948918217, 23.36225528971405, 10.468909590942717], [29.0, 29.0, 14.0]]
Velocity: [[0.0, 0.0, 0.0], [7.077819295469498, 3.630177089274074, 12.001091877302175], [8.48441265344872, 18.732078200439975, -2.5321822863594576], [12.437768051081783, 5.637744710285951, 3.531090409057283]]
Attitude: [[0.0, 0.0, 0.0], [1.0568857360289043, 1.315913356872022, 0.5853298029477871], [1.1488970851554912, 0.44155114470255996, 1.6933165287233702], [0.4911333101171544, 1.159608420333512, 1.31776151037235]]
Save Location: maps/map354/test.txt
