Path: 652
Path Score: 4.521671518433559
Waypoints: [[1.0, 1.0, 1.0], [12.65259495451803, 15.504691539838976, 1.3902173466937446], [12.16882105369413, 22.5703746743433, 7.023400396976081], [29.0, 29.0, 14.0]]
Velocity: [[0.0, 0.0, 0.0], [11.65259495451803, 14.504691539838976, 0.39021734669374464], [-0.48377390082390015, 7.065683134504322, 5.633183050282336], [16.83117894630587, 6.429625325656701, 6.976599603023919]]
Attitude: [[0.0, 0.0, 0.0], [0.8941821376993422, 0.6770644370273821, 1.5498263094141658], [1.6242813652109747, 0.6748592862332056, 0.8988682030999049], [0.5132908177846113, 1.2315474594293268, 1.2013612558293933]]
Save Location: maps/map80/test.txt
