Path: 1622
Path Score: 4.0807034207125845
Waypoints: [[1.0, 1.0, 1.0], [10.36013664890983, 5.847929453477029, 2.4421408215587084], [18.987168424161545, 21.350324413129044, 10.434584031210562], [29.0, 29.0, 14.0]]
Velocity: [[0.0, 0.0, 0.0], [9.36013664890983, 4.847929453477029, 1.4421408215587084], [8.627031775251716, 15.502394959652015, 7.992443209651854], [10.012831575838455, 7.649675586870956, 3.565415968789438]]
Attitude: [[0.0, 0.0, 0.0], [0.49541529610661705, 1.0976792558885609, 1.4348290922750935], [1.1114549327494312, 0.6489902222793312, 1.1475250009381055], [0.7003550436294252, 0.9469578898565721, 1.2950479413160163]]
Save Location: maps/map2323/test.txt
