Path: 2032
Path Score: 4.269814247384664
Waypoints: [[1.0, 1.0, 1.0], [1.6574939373145603, 7.640942564656317, 6.853106441814953], [10.752760318917543, 18.75992942067851, 14.80087523764835], [29.0, 29.0, 14.0]]
Velocity: [[0.0, 0.0, 0.0], [0.6574939373145603, 6.640942564656317, 5.853106441814953], [9.095266381602983, 11.118986856022193, 7.947768795833397], [18.247239681082455, 10.24007057932149, -0.8008752376483503]]
Attitude: [[0.0, 0.0, 0.0], [1.4966576018134188, 0.7255359120981532, 0.8507902510389312], [0.9836228686794406, 0.8267386632796858, 1.0654461953982113], [0.5126920098124623, 1.0598172007710935, 1.6090527819834075]]
Save Location: maps/map1054/test.txt
