Path: 1502
Path Score: 4.40751922061014
Waypoints: [[1.0, 1.0, 1.0], [1.5831056317866898, 11.289807463775418, 6.886569014408189], [14.68158349565293, 13.843237883893032, 6.016948201033536], [29.0, 29.0, 14.0]]
Velocity: [[0.0, 0.0, 0.0], [0.5831056317866898, 10.289807463775418, 5.886569014408189], [13.09847786386624, 2.553430420117614, -0.8696208133746532], [14.31841650434707, 15.156762116106968, 7.983051798966464]]
Attitude: [[0.0, 0.0, 0.0], [1.5216478577442305, 0.5217422173051365, 1.0518517055369716], [0.20309696485166412, 1.378682452997567, 1.6358686633306725], [0.8745806038813252, 0.824576452033356, 1.2051434100274334]]
Save Location: maps/map344/test.txt
