Path: 2055
Path Score: 4.216209924513323
Waypoints: [[1.0, 1.0, 1.0], [1.6574939373145603, 7.640942564656317, 6.853106441814953], [17.142077840697404, 12.866671640253438, 8.671369517017055], [29.0, 29.0, 14.0]]
Velocity: [[0.0, 0.0, 0.0], [0.6574939373145603, 6.640942564656317, 5.853106441814953], [15.484583903382843, 5.225729075597121, 1.8182630752021023], [11.857922159302596, 16.133328359746564, 5.328630482982945]]
Attitude: [[0.0, 0.0, 0.0], [1.4966576018134188, 0.7255359120981532, 0.8507902510389312], [0.34318503327247607, 1.2473877526302364, 1.4599929190520478], [0.9614723836846367, 0.6782653453057865, 1.3106912242211473]]
Save Location: maps/map1429/test.txt
