Path: 162
Path Score: 4.467265329266898
Waypoints: [[1.0, 1.0, 1.0], [0.8689948832512862, 4.64282219210965, 7.776103442790986], [7.177206899450002, 15.45719743824309, 14.540668792615357], [29.0, 29.0, 14.0]]
Velocity: [[0.0, 0.0, 0.0], [-0.13100511674871385, 3.6428221921096497, 6.776103442790986], [6.308212016198715, 10.81437524613344, 6.7645653498243705], [21.822793100549998, 13.54280256175691, -0.5406687926153566]]
Attitude: [[0.0, 0.0, 0.0], [1.5878233126910848, 1.077602275761293, 0.4935415452562085], [1.1115283922093704, 0.7075600147524453, 1.0754220410590094], [0.5557718496340723, 1.0155187584190801, 1.591844435500265]]
Save Location: maps/map183/test.txt
