Path: 1043
Path Score: 4.178407176418717
Waypoints: [[1.0, 1.0, 1.0], [5.124139793286082, 11.529276214212281, 3.1169525438428494], [20.225861212634335, 15.04532595668622, 11.643310714362196], [29.0, 29.0, 14.0]]
Velocity: [[0.0, 0.0, 0.0], [4.124139793286082, 10.529276214212281, 2.1169525438428494], [15.101721419348253, 3.516049742473939, 8.526358170519346], [8.774138787365665, 13.95467404331378, 2.3566892856378043]]
Attitude: [[0.0, 0.0, 0.0], [1.2041596665548568, 0.4147337109116922, 1.3857324418142094], [0.5482621706925661, 1.3707653157929585, 1.068039222332748], [1.0158144950798451, 0.5771097040965634, 1.4287893660504631]]
Save Location: maps/map1735/test.txt
