# waypoints
G: (11.0,-17.0,15)
G: (13.694743745655272,-15.305310684724262,15)
G: (16.960447005310066,-14.812265907646228,15)
G: (19.792532426245064,-15.982983328331231,15)
G: (22.73386888413912,-17.198083167489294,15)
G: (25.919602183414476,-16.498912130434967,15)
G: (29.0,-17.0,15)


# wall segments
W: (30.0,-18.8,18.0,-17.8,3)
W: (18.0,-17.8,13.0,-17.8,3)
W: (13.0,-17.8,10.0,-18.8,3)
W: (10.0,-15.2,15.0,-13.2,3)
W: (15.0,-13.2,30.0,-15.2,3)


# environment settings
R: (0)
D: (1)
