Path: 765
Path Score: 4.23264628878457
Waypoints: [[1.0, 1.0, 1.0], [12.697608925444278, 6.8811022717284045, 6.207161753256], [28.870675406518693, 13.060700487616952, 12.882683677212206], [29.0, 29.0, 14.0]]
Velocity: [[0.0, 0.0, 0.0], [11.697608925444278, 5.8811022717284045, 5.207161753256], [16.173066481074414, 6.179598215888547, 6.6755219239562065], [0.1293245934813072, 15.939299512383048, 1.1173163227877936]]
Attitude: [[0.0, 0.0, 0.0], [0.5913478455125089, 1.1402281118229445, 1.1922640516212777], [0.5123591310636637, 1.2312836121623538, 1.202792396899004], [1.5627027962274564, 0.07044941910009936, 1.5008148932011527]]
Save Location: maps/map1317/test.txt
