Path: 2080
Path Score: 4.3167984790945155
Waypoints: [[1.0, 1.0, 1.0], [2.1051801977178286, 12.705542697858661, 1.33533427386211], [18.92587327321427, 24.46480001449053, 4.551445527047205], [29.0, 29.0, 14.0]]
Velocity: [[0.0, 0.0, 0.0], [1.1051801977178286, 11.705542697858661, 0.3353342738621099], [16.82069307549644, 11.75925731663187, 3.2161112531850953], [10.074126726785732, 4.535199985509468, 9.448554472952795]]
Attitude: [[0.0, 0.0, 0.0], [1.4766986395106851, 0.09834724994807642, 1.5422834159518], [0.6271570388038407, 0.969082184601112, 1.4153569179767587], [0.8051713143812181, 1.2535291924364955, 0.863270668250586]]
Save Location: maps/map747/test.txt
