Path: 247
Path Score: 4.103641744859671
Waypoints: [[1.0, 1.0, 1.0], [10.236205802881091, 6.726958385030271, 8.616461550781413], [25.428707168258946, 19.405189246924685, 11.09112041789754], [29.0, 29.0, 14.0]]
Velocity: [[0.0, 0.0, 0.0], [9.236205802881091, 5.726958385030271, 7.616461550781413], [15.192501365377854, 12.678230861894413, 2.474658867116128], [3.5712928317410544, 9.594810753075315, 2.9088795821024593]]
Attitude: [[0.0, 0.0, 0.0], [0.801018365502451, 1.1245932303302049, 0.9595076706588436], [0.7046415858868647, 0.8817996403828896, 1.4463812624680445], [1.228608075856676, 0.4475659367165343, 1.29396325921033]]
Save Location: maps/map2230/test.txt
