Path: 2336
Path Score: 4.310310188247953
Waypoints: [[1.0, 1.0, 1.0], [2.7823021602657514, 3.2626923788090734, 6.811174955232296], [22.76658572963688, 9.235766945696607, 14.657275630817615], [29.0, 29.0, 14.0]]
Velocity: [[0.0, 0.0, 0.0], [1.7823021602657514, 2.2626923788090734, 5.811174955232296], [19.98428356937113, 5.973074566887534, 7.846100675585319], [6.23341427036312, 19.764233054303393, -0.6572756308176153]]
Attitude: [[0.0, 0.0, 0.0], [1.2924157480158258, 1.2144350237412072, 0.46016632051788314], [0.45838321716469493, 1.299444483025118, 1.210999897741605], [1.2654404978558256, 0.30710381033439227, 1.6025015139442569]]
Save Location: maps/map794/test.txt
