Path: 1878
Path Score: 4.338362582368278
Waypoints: [[1.0, 1.0, 1.0], [8.469661386104097, 5.59096684474812, 2.5279558793890997], [8.159225786633002, 22.267181592153765, 7.3392383843274605], [29.0, 29.0, 14.0]]
Velocity: [[0.0, 0.0, 0.0], [7.469661386104097, 4.59096684474812, 1.5279558793890997], [-0.310435599471095, 16.676214747405645, 4.811282504938361], [20.840774213367, 6.732818407846235, 6.6607616156725395]]
Attitude: [[0.0, 0.0, 0.0], [0.5747996990566772, 1.0288000156137393, 1.3982583619310816], [1.5886803652261834, 0.281437745985738, 1.2899584627223208], [0.42653797996828985, 1.2722670340266777, 1.2755587507369637]]
Save Location: maps/map640/test.txt
