Path: 1690
Path Score: 4.412633239371271
Waypoints: [[1.0, 1.0, 1.0], [1.4862613186235762, 5.302297197202417, 9.54279168299124], [7.976694836660609, 10.929766397758005, 9.409001445334173], [29.0, 29.0, 14.0]]
Velocity: [[0.0, 0.0, 0.0], [0.48626131862357624, 4.302297197202417, 8.54279168299124], [6.490433518037033, 5.627469200555588, -0.13379023765706677], [21.02330516333939, 18.070233602241995, 4.590998554665827]]
Attitude: [[0.0, 0.0, 0.0], [1.520002440634727, 1.1049085373684124, 0.46909167611999897], [0.7144440285589797, 0.8565972747988857, 1.586369545597126], [0.7254969031588144, 0.8722868357785716, 1.4066777616859754]]
Save Location: maps/map324/test.txt
