Path: 169
Path Score: 4.423115127938576
Waypoints: [[1.0, 1.0, 1.0], [0.8689948832512862, 4.64282219210965, 7.776103442790986], [10.752760318917543, 18.75992942067851, 14.80087523764835], [29.0, 29.0, 14.0]]
Velocity: [[0.0, 0.0, 0.0], [-0.13100511674871385, 3.6428221921096497, 6.776103442790986], [9.883765435666257, 14.11710722856886, 7.024771794857364], [18.247239681082455, 10.24007057932149, -0.8008752376483503]]
Attitude: [[0.0, 0.0, 0.0], [1.5878233126910848, 1.077602275761293, 0.4935415452562085], [1.0108955677962514, 0.7096655065331451, 1.1837286256883246], [0.5126920098124623, 1.0598172007710935, 1.6090527819834075]]
Save Location: maps/map289/test.txt
