Path: 1354
Path Score: 4.3939618668296205
Waypoints: [[1.0, 1.0, 1.0], [2.1166871798879825, 7.959406805005861, 2.641112218552253], [17.21982023619961, 8.006705393204069, 10.081471535117235], [29.0, 29.0, 14.0]]
Velocity: [[0.0, 0.0, 0.0], [1.1166871798879825, 6.959406805005861, 1.6411122185522529], [15.103133056311627, 0.04729858819820798, 7.440359316564981], [11.78017976380039, 20.99329460679593, 3.9185284648827654]]
Attitude: [[0.0, 0.0, 0.0], [1.4158739947349994, 0.27784815422419984, 1.3420381855188857], [0.457747736674667, 1.5679870249438594, 1.1130585441732486], [1.0667154657863167, 0.5340499258370055, 1.4094321512942536]]
Save Location: maps/map381/test.txt
