Path: 468
Path Score: 4.340742792632396
Waypoints: [[1.0, 1.0, 1.0], [11.29885047226655, 13.922680563011099, 6.0742347128672325], [14.46706287539074, 21.68231868352074, 5.395598205098573], [29.0, 29.0, 14.0]]
Velocity: [[0.0, 0.0, 0.0], [10.29885047226655, 12.922680563011099, 5.0742347128672325], [3.1682124031241905, 7.759638120509642, -0.6786365077686591], [14.53293712460926, 7.317681316479259, 8.604401794901428]]
Attitude: [[0.0, 0.0, 0.0], [0.932550665210745, 0.7263919285052141, 1.2728643435485965], [1.184492058885433, 0.3955482583237907, 1.6515884570834982], [0.6606967282577116, 1.161934980212726, 1.0843680323639853]]
Save Location: maps/map626/test.txt
