Path: 2377
Path Score: 4.30860655901764
Waypoints: [[1.0, 1.0, 1.0], [2.7823021602657514, 3.2626923788090734, 6.811174955232296], [7.2422472543241465, 15.760615466297706, 13.658007264698963], [29.0, 29.0, 14.0]]
Velocity: [[0.0, 0.0, 0.0], [1.7823021602657514, 2.2626923788090734, 5.811174955232296], [4.459945094058395, 12.497923087488633, 6.8468323094666665], [21.75775274567585, 13.239384533702294, 0.34199273530103724]]
Attitude: [[0.0, 0.0, 0.0], [1.2924157480158258, 1.2144350237412072, 0.46016632051788314], [1.2674858082988005, 0.5790510587304253, 1.0944555360858668], [0.5467872106274848, 1.0242120818809008, 1.5573694452781284]]
Save Location: maps/map804/test.txt
