Path: 2333
Path Score: 4.225567099795576
Waypoints: [[1.0, 1.0, 1.0], [2.7823021602657514, 3.2626923788090734, 6.811174955232296], [16.596716632096093, 19.215720704642216, 5.13918037419731], [29.0, 29.0, 14.0]]
Velocity: [[0.0, 0.0, 0.0], [1.7823021602657514, 2.2626923788090734, 5.811174955232296], [13.814414471830343, 15.953028325833142, -1.671994581034986], [12.403283367903907, 9.784279295357784, 8.86081962580269]]
Attitude: [[0.0, 0.0, 0.0], [1.2924157480158258, 1.2144350237412072, 0.46016632051788314], [0.8598210465759221, 0.7172774937018034, 1.6498612970116446], [0.816514821634672, 1.0001521739681158, 1.059633768091095]]
Save Location: maps/map1371/test.txt
