Path: 1537
Path Score: 4.055541043273831
Waypoints: [[1.0, 1.0, 1.0], [5.1328300726842055, 6.167067988359742, 4.338023583503114], [16.596716632096093, 19.215720704642216, 5.13918037419731], [29.0, 29.0, 14.0]]
Velocity: [[0.0, 0.0, 0.0], [4.1328300726842055, 5.167067988359742, 3.338023583503114], [11.463886559411888, 13.048652716282474, 0.8011567906941961], [12.403283367903907, 9.784279295357784, 8.86081962580269]]
Attitude: [[0.0, 0.0, 0.0], [0.9792202736645594, 0.799275207152919, 1.1035589735254734], [0.8508922587639429, 0.7220448345941478, 1.5247037733641797], [0.816514821634672, 1.0001521739681158, 1.059633768091095]]
Save Location: maps/map2413/test.txt
