Path: 1839
Path Score: 4.19569211211703
Waypoints: [[1.0, 1.0, 1.0], [5.142904841761517, 4.732071187514425, 9.090826078056057], [19.150517884687012, 16.221567393022806, 9.065163787729501], [29.0, 29.0, 14.0]]
Velocity: [[0.0, 0.0, 0.0], [4.142904841761517, 3.732071187514425, 8.090826078056057], [14.007613042925495, 11.489496205508381, -0.025662290326556203], [9.849482115312988, 12.778432606977194, 4.934836212270499]]
Attitude: [[0.0, 0.0, 0.0], [1.1355654236864037, 1.1812058528805445, 0.6034260736599171], [0.6869577396426111, 0.883840633101288, 1.5722128100591088], [0.9474095871230266, 0.7114898316461911, 1.2739640805957166]]
Save Location: maps/map1602/test.txt
