Path: 1803
Path Score: 4.231888271047745
Waypoints: [[1.0, 1.0, 1.0], [5.8300877579373775, 12.986927175779844, 2.2883830638241456], [24.29282605726432, 17.273783965333514, 9.528106741585457], [29.0, 29.0, 14.0]]
Velocity: [[0.0, 0.0, 0.0], [4.8300877579373775, 11.986927175779844, 1.2883830638241456], [18.462738299326944, 4.286856789553671, 7.239723677761312], [4.707173942735679, 11.726216034666486, 4.471893258414543]]
Attitude: [[0.0, 0.0, 0.0], [1.1897394258126446, 0.3951048953544142, 1.471431398260883], [0.42759529433403387, 1.3579072933556506, 1.2059332851161888], [1.2119605623526288, 0.5056733733733509, 1.2306436859371142]]
Save Location: maps/map1327/test.txt
