Path: 1867
Path Score: 4.1985371524498305
Waypoints: [[1.0, 1.0, 1.0], [5.142904841761517, 4.732071187514425, 9.090826078056057], [20.610598369444524, 19.278006681353382, 8.827928443474919], [29.0, 29.0, 14.0]]
Velocity: [[0.0, 0.0, 0.0], [4.142904841761517, 3.732071187514425, 8.090826078056057], [15.467693527683007, 14.545935493838957, -0.26289763458113846], [8.389401630555476, 9.721993318646618, 5.172071556525081]]
Attitude: [[0.0, 0.0, 0.0], [1.1355654236864037, 1.1812058528805445, 0.6034260736599171], [0.7547779948806349, 0.8161719029528174, 1.583177342114863], [0.919766086046802, 0.7922213235648208, 1.1879058042443305]]
Save Location: maps/map1573/test.txt
