Path: 1253
Path Score: 4.242393040012211
Waypoints: [[1.0, 1.0, 1.0], [11.681123338592288, 14.089788280863255, 4.111381059339743], [16.596716632096093, 19.215720704642216, 5.13918037419731], [29.0, 29.0, 14.0]]
Velocity: [[0.0, 0.0, 0.0], [10.681123338592288, 13.089788280863255, 3.1113810593397426], [4.915593293503806, 5.125932423778961, 1.0277993148575675], [12.403283367903907, 9.784279295357784, 8.86081962580269]]
Attitude: [[0.0, 0.0, 0.0], [0.8998039769895753, 0.7044384319041941, 1.3886732407031834], [0.8161829371548756, 0.7751463303533781, 1.4270742137509773], [0.816514821634672, 1.0001521739681158, 1.059633768091095]]
Save Location: maps/map1250/test.txt
