Path: 1506
Path Score: 4.433440937799274
Waypoints: [[1.0, 1.0, 1.0], [1.5831056317866898, 11.289807463775418, 6.886569014408189], [6.182946964185052, 24.399637540719603, 12.353833088001682], [29.0, 29.0, 14.0]]
Velocity: [[0.0, 0.0, 0.0], [0.5831056317866898, 10.289807463775418, 5.886569014408189], [4.599841332398363, 13.109830076944185, 5.467264073593493], [22.817053035814947, 4.600362459280397, 1.6461669119983178]]
Attitude: [[0.0, 0.0, 0.0], [1.5216478577442305, 0.5217422173051365, 1.0518517055369716], [1.2576164559007215, 0.4989985158015787, 1.1958924308623575], [0.2109530550983087, 1.3723463749952485, 1.5001906908246303]]
Save Location: maps/map255/test.txt
