Path: 4
Path Total Score: 2.382840110210263
Waypoints: [[0.1, 0.1, 0.1], [6.078287828306527, 5.325268752174283, 0.06110175196595402], [1.9465631564517616, 2.0770266641880264, 0.4800046490273102], [8.965374755967543, 6.592601163392589, 0.2681729955011547], [5.6119477413414245, 4.551051703221982, 0.5464419230846901], [9.136729664942377, 7.214362996512742, 0.6380118442033972], [1.9465631564517616, 2.0770266641880264, 0.4800046490273102], [5.6119477413414245, 4.551051703221982, 0.5464419230846901], [0.2206681338701333, 1.1537646855553418, 1.03926407179468], [5.0, 5.0, 2.5]]
Velocity: [[0.0, 0.0, 0.0], [5.978287828306527, 5.2252687521742835, -0.038898248034045985], [-4.131724671854766, -3.248242087986257, 0.4189028970613562], [7.018811599515782, 4.515574499204563, -0.21183165352615552], [-3.353427014626119, -2.0415494601706072, 0.2782689275835354], [3.524781923600953, 2.66331129329076, 0.0915699211187071], [-7.190166508490616, -5.137336332324716, -0.15800719517608697], [3.665384584889663, 2.4740250390339558, 0.06643727405737987], [-5.391279607471291, -3.39728701766664, 0.49282214870998986], [4.7793318661298665, 3.846235314444658, 1.46073592820532]]
Attitude: [[0.0, 0.0, 0.0], [0.0, 0.0, 0.0], [0.0, 0.0, 0.0], [0.0, 0.0, 0.0], [0.0, 0.0, 0.0], [0.0, 0.0, 0.0], [0.0, 0.0, 0.0], [0.0, 0.0, 0.0], [0.0, 0.0, 0.0], [0.0, 0.0, 0.0]]
Save Location: maps/map6/test.txt
