Path: 2097
Path Score: 4.255946569082074
Waypoints: [[1.0, 1.0, 1.0], [2.1051801977178286, 12.705542697858661, 1.33533427386211], [12.704603846584774, 19.922199713463662, 8.33279809450805], [29.0, 29.0, 14.0]]
Velocity: [[0.0, 0.0, 0.0], [1.1051801977178286, 11.705542697858661, 0.3353342738621099], [10.599423648866946, 7.216657015605001, 6.99746382064594], [16.295396153415226, 9.077800286536338, 5.66720190549195]]
Attitude: [[0.0, 0.0, 0.0], [1.4766986395106851, 0.09834724994807642, 1.5422834159518], [0.758901356493858, 1.0540863369653584, 1.0712614923490404], [0.5810873343497762, 1.0864359774071253, 1.2758411019683804]]
Save Location: maps/map1158/test.txt
