Path: 329
Path Score: 4.392775626774799
Waypoints: [[1.0, 1.0, 1.0], [11.62421921707525, 9.637940007438962, 4.108292062461251], [11.40378861351021, 23.288761880938765, 11.804403224732908], [29.0, 29.0, 14.0]]
Velocity: [[0.0, 0.0, 0.0], [10.62421921707525, 8.637940007438962, 3.108292062461251], [-0.22043060356504007, 13.650821873499803, 7.696111162271658], [17.59621138648979, 5.711238119061235, 2.1955967752670915]]
Attitude: [[0.0, 0.0, 0.0], [0.7126112608988734, 0.9081638967287853, 1.3475745118170808], [1.584861695311653, 0.5135395192558061, 1.057487996078388], [0.33465120952432154, 1.2592127196021017, 1.4526670982553629]]
Save Location: maps/map385/test.txt
