Path: 1722
Path Score: 4.3446354931643025
Waypoints: [[1.0, 1.0, 1.0], [10.805725952785512, 11.283487147150078, 0.7484718343695662], [14.43692874246404, 21.36894668574859, 11.322509376936443], [29.0, 29.0, 14.0]]
Velocity: [[0.0, 0.0, 0.0], [9.805725952785512, 10.283487147150078, -0.2515281656304338], [3.631202789678529, 10.085459538598512, 10.574037542566877], [14.56307125753596, 7.63105331425141, 2.677490623063557]]
Attitude: [[0.0, 0.0, 0.0], [0.8093250089126587, 0.7617849255869302, 1.5884962164824006], [1.3272310300744294, 0.8368300957762924, 0.7922172737189102], [0.5069175043207065, 1.0949344880442036, 1.4093618733327953]]
Save Location: maps/map604/test.txt
