Path: 723
Path Score: 4.200171483253271
Waypoints: [[1.0, 1.0, 1.0], [12.697608925444278, 6.8811022717284045, 6.207161753256], [28.580074351282803, 14.872208336339622, 10.610098631150464], [29.0, 29.0, 14.0]]
Velocity: [[0.0, 0.0, 0.0], [11.697608925444278, 5.8811022717284045, 5.207161753256], [15.882465425838525, 7.991106064611217, 4.402936877894464], [0.4199256487171965, 14.127791663660378, 3.389901368849536]]
Attitude: [[0.0, 0.0, 0.0], [0.5913478455125089, 1.1402281118229445, 1.1922640516212777], [0.5214261636011025, 1.1193385876997897, 1.3280388810645551], [1.5419013819474265, 0.2372269626522856, 1.3354029484393914]]
Save Location: maps/map1560/test.txt
