Path: 2379
Path Score: 4.269172157355863
Waypoints: [[1.0, 1.0, 1.0], [2.7823021602657514, 3.2626923788090734, 6.811174955232296], [9.833184348662794, 7.49990030059201, 14.292253637188676], [29.0, 29.0, 14.0]]
Velocity: [[0.0, 0.0, 0.0], [1.7823021602657514, 2.2626923788090734, 5.811174955232296], [7.0508821883970425, 4.237207921782937, 7.4810786819563795], [19.166815651337206, 21.50009969940799, -0.2922536371886757]]
Attitude: [[0.0, 0.0, 0.0], [1.2924157480158258, 1.2144350237412072, 0.46016632051788314], [0.883925333641286, 1.1798395829242425, 0.8327950896066902], [0.8427567005134493, 0.7281432487926576, 1.5809425666442078]]
Save Location: maps/map1060/test.txt
