Path: 942
Path Score: 4.154460093337023
Waypoints: [[1.0, 1.0, 1.0], [7.03200889148945, 11.212381035806049, 2.4091861245466912], [21.908711729896172, 25.238135856299944, 5.545207600887396], [29.0, 29.0, 14.0]]
Velocity: [[0.0, 0.0, 0.0], [6.03200889148945, 10.212381035806049, 1.4091861245466912], [14.876702838406722, 14.025754820493896, 3.136021476340705], [7.091288270103828, 3.7618641437000555, 8.454792399112604]]
Attitude: [[0.0, 0.0, 0.0], [1.0413956223611207, 0.5452295055399751, 1.4525400011168248], [0.7681467862291202, 0.8256746059074503, 1.4186015883453178], [0.9169442204311326, 1.2422469685705426, 0.7594689249536318]]
Save Location: maps/map1922/test.txt
