Path: 1035
Path Score: 4.138158167157975
Waypoints: [[1.0, 1.0, 1.0], [5.124139793286082, 11.529276214212281, 3.1169525438428494], [14.46706287539074, 21.68231868352074, 5.395598205098573], [29.0, 29.0, 14.0]]
Velocity: [[0.0, 0.0, 0.0], [4.124139793286082, 10.529276214212281, 2.1169525438428494], [9.342923082104658, 10.15304246930846, 2.278645661255724], [14.53293712460926, 7.317681316479259, 8.604401794901428]]
Attitude: [[0.0, 0.0, 0.0], [1.2041596665548568, 0.4147337109116922, 1.3857324418142094], [0.8391567344661318, 0.7582794545326622, 1.4071259638524118], [0.6606967282577116, 1.161934980212726, 1.0843680323639853]]
Save Location: maps/map2015/test.txt
