Path: 2052
Path Score: 4.234823760918206
Waypoints: [[1.0, 1.0, 1.0], [1.6574939373145603, 7.640942564656317, 6.853106441814953], [24.539485932888955, 19.73672816277327, 8.00225603479158], [29.0, 29.0, 14.0]]
Velocity: [[0.0, 0.0, 0.0], [0.6574939373145603, 6.640942564656317, 5.853106441814953], [22.881991995574396, 12.095785598116954, 1.1491495929766273], [4.4605140671110455, 9.263271837226728, 5.99774396520842]]
Attitude: [[0.0, 0.0, 0.0], [1.4966576018134188, 0.7255359120981532, 0.8507902510389312], [0.4881359646389402, 1.0850390901654918, 1.526426418653614], [1.1866756395694507, 0.678936129498745, 1.0426972103159322]]
Save Location: maps/map1304/test.txt
