Path: 555
Path Score: 4.184406565844447
Waypoints: [[1.0, 1.0, 1.0], [9.981785049321614, 2.094242845092411, 3.906087432644374], [14.68158349565293, 13.843237883893032, 6.016948201033536], [29.0, 29.0, 14.0]]
Velocity: [[0.0, 0.0, 0.0], [8.981785049321614, 1.094242845092411, 2.906087432644374], [4.699798446331316, 11.74899503880062, 2.110860768389162], [14.31841650434707, 15.156762116106968, 7.983051798966464]]
Attitude: [[0.0, 0.0, 0.0], [0.33286566125405836, 1.4553984883962245, 1.2600245384619229], [1.195721304335732, 0.4132592553889067, 1.4055062364212223], [0.8745806038813252, 0.824576452033356, 1.2051434100274334]]
Save Location: maps/map1692/test.txt
