Path: 711
Path Score: 4.186669836547775
Waypoints: [[1.0, 1.0, 1.0], [7.279071891786115, 11.99037003440958, 7.619831722996372], [22.31107341157168, 20.857103800923483, 7.836819148340205], [29.0, 29.0, 14.0]]
Velocity: [[0.0, 0.0, 0.0], [6.279071891786115, 10.99037003440958, 6.619831722996372], [15.032001519785565, 8.866733766513903, 0.21698742534383353], [6.68892658842832, 8.142896199076517, 6.163180851659795]]
Attitude: [[0.0, 0.0, 0.0], [1.115662030937802, 0.6928797362779866, 1.088924427386206], [0.5330591553702406, 1.037913763425466, 1.5583637407985358], [0.9909241630968201, 0.8405978425021317, 1.041586930795209]]
Save Location: maps/map1671/test.txt
