Path: 1829
Path Score: 4.190706110770796
Waypoints: [[1.0, 1.0, 1.0], [5.142904841761517, 4.732071187514425, 9.090826078056057], [16.72641038031882, 15.264827052821502, 13.846194206338602], [29.0, 29.0, 14.0]]
Velocity: [[0.0, 0.0, 0.0], [4.142904841761517, 3.732071187514425, 8.090826078056057], [11.583505538557304, 10.532755865307077, 4.755368128282544], [12.273589619681179, 13.735172947178498, 0.15380579366139813]]
Attitude: [[0.0, 0.0, 0.0], [1.1355654236864037, 1.1812058528805445, 0.6034260736599171], [0.7842307021372679, 0.8714537547475514, 1.2759145454694747], [0.8415660736191315, 0.7293004114667039, 1.5624465811421142]]
Save Location: maps/map1642/test.txt
