Path: 282
Path Score: 4.1336660369953755
Waypoints: [[1.0, 1.0, 1.0], [10.236205802881091, 6.726958385030271, 8.616461550781413], [22.31107341157168, 20.857103800923483, 7.836819148340205], [29.0, 29.0, 14.0]]
Velocity: [[0.0, 0.0, 0.0], [9.236205802881091, 5.726958385030271, 7.616461550781413], [12.074867608690589, 14.13014541589321, -0.7796424024412074], [6.68892658842832, 8.142896199076517, 6.163180851659795]]
Attitude: [[0.0, 0.0, 0.0], [0.801018365502451, 1.1245932303302049, 0.9595076706588436], [0.8644192018833251, 0.7081551983317957, 1.6127181234184338], [0.9909241630968201, 0.8405978425021317, 1.041586930795209]]
Save Location: maps/map2052/test.txt
