Path: 827
Path Score: 4.2945656870197775
Waypoints: [[1.0, 1.0, 1.0], [4.844954787942095, 14.493280729732227, 5.905721797057641], [17.10037516700489, 29.239729622642756, 11.903971497075933], [29.0, 29.0, 14.0]]
Velocity: [[0.0, 0.0, 0.0], [3.844954787942095, 13.493280729732227, 4.905721797057641], [12.255420379062796, 14.746448892910529, 5.998249700018292], [11.899624832995109, -0.23972962264275566, 2.0960285029240673]]
Attitude: [[0.0, 0.0, 0.0], [1.3091332202726853, 0.43273101466224884, 1.2344339666278068], [0.914725919079009, 0.7466068569112052, 1.267612788279894], [0.17546746908711836, 1.5906342688103356, 1.396477078710701]]
Save Location: maps/map904/test.txt
