Path: 1794
Path Score: 4.135002190451016
Waypoints: [[1.0, 1.0, 1.0], [5.8300877579373775, 12.986927175779844, 2.2883830638241456], [18.987168424161545, 21.350324413129044, 10.434584031210562], [29.0, 29.0, 14.0]]
Velocity: [[0.0, 0.0, 0.0], [4.8300877579373775, 11.986927175779844, 1.2883830638241456], [13.157080666224168, 8.3633972373492, 8.146200967386417], [10.012831575838455, 7.649675586870956, 3.565415968789438]]
Attitude: [[0.0, 0.0, 0.0], [1.1897394258126446, 0.3951048953544142, 1.471431398260883], [0.7257872802501536, 1.0753125804769252, 1.0892956841072974], [0.7003550436294252, 0.9469578898565721, 1.2950479413160163]]
Save Location: maps/map2038/test.txt
