Path: 227
Path Score: 4.314056061718942
Waypoints: [[1.0, 1.0, 1.0], [0.2429086269009595, 4.401009458247564, 1.9766829018839305], [7.279071891786115, 11.99037003440958, 7.619831722996372], [29.0, 29.0, 14.0]]
Velocity: [[0.0, 0.0, 0.0], [-0.7570913730990405, 3.4010094582475636, 0.9766829018839305], [7.036163264885156, 7.589360576162016, 5.643148821112441], [21.720928108213883, 17.00962996559042, 6.380168277003628]]
Attitude: [[0.0, 0.0, 0.0], [1.7815782743907893, 0.34851827104464184, 1.297497366701187], [0.9311589436157887, 0.8712973729315753, 1.0715889180393974], [0.6965306287146221, 0.9264280075600023, 1.343529922060246]]
Save Location: maps/map767/test.txt
