Path: 1290
Path Score: 4.333028184640103
Waypoints: [[1.0, 1.0, 1.0], [11.681123338592288, 14.089788280863255, 4.111381059339743], [12.16882105369413, 22.5703746743433, 7.023400396976081], [29.0, 29.0, 14.0]]
Velocity: [[0.0, 0.0, 0.0], [10.681123338592288, 13.089788280863255, 3.1113810593397426], [0.48769771510184157, 8.480586393480044, 2.9120193376363384], [16.83117894630587, 6.429625325656701, 6.976599603023919]]
Attitude: [[0.0, 0.0, 0.0], [0.8998039769895753, 0.7044384319041941, 1.3886732407031834], [1.5164594792276316, 0.3350320683322006, 1.2405426095095522], [0.5132908177846113, 1.2315474594293268, 1.2013612558293933]]
Save Location: maps/map667/test.txt
