Path: 516
Path Score: 4.239478375629819
Waypoints: [[1.0, 1.0, 1.0], [9.981785049321614, 2.094242845092411, 3.906087432644374], [17.189475107527144, 6.123320838397045, 11.315568873473534], [29.0, 29.0, 14.0]]
Velocity: [[0.0, 0.0, 0.0], [8.981785049321614, 1.094242845092411, 2.906087432644374], [7.2076900582055305, 4.029077993304634, 7.40948144082916], [11.810524892472856, 22.876679161602954, 2.6844311265264658]]
Attitude: [[0.0, 0.0, 0.0], [0.33286566125405836, 1.4553984883962245, 1.2600245384619229], [0.8636435216971852, 1.1991340289218837, 0.8394657125394335], [1.0969999474799046, 0.4869188424541576, 1.4669037812398578]]
Save Location: maps/map1268/test.txt
