Path: 505
Path Score: 4.142881239505655
Waypoints: [[1.0, 1.0, 1.0], [11.29885047226655, 13.922680563011099, 6.0742347128672325], [21.78645601699983, 26.938246068819566, 10.468055210066508], [29.0, 29.0, 14.0]]
Velocity: [[0.0, 0.0, 0.0], [10.29885047226655, 12.922680563011099, 5.0742347128672325], [10.48760554473328, 13.015565505808468, 4.393820497199275], [7.2135439830001715, 2.0617539311804336, 3.531944789933492]]
Attitude: [[0.0, 0.0, 0.0], [0.932550665210745, 0.7263919285052141, 1.2728643435485965], [0.9187453168023757, 0.71805488018672, 1.3137463443666577], [0.5157591343381982, 1.3195229300441227, 1.1308007241554319]]
Save Location: maps/map1986/test.txt
