Path: 874
Path Score: 4.164795468357925
Waypoints: [[1.0, 1.0, 1.0], [13.622214221490246, 10.560085107867, 6.307093757900562], [24.80078989068509, 16.52228778449424, 8.560347909072977], [29.0, 29.0, 14.0]]
Velocity: [[0.0, 0.0, 0.0], [12.622214221490246, 9.560085107867, 5.307093757900562], [11.178575669194842, 5.962202676627239, 2.253254151172415], [4.199210109314912, 12.477712215505761, 5.439652090927023]]
Attitude: [[0.0, 0.0, 0.0], [0.7138698155414545, 0.9612815674177257, 1.2473929819737224], [0.5182027094787957, 1.0890410208939703, 1.394783752114323], [1.2715632840353657, 0.5034073100322944, 1.1789804677621314]]
Save Location: maps/map1844/test.txt
