Path: 1340
Path Score: 4.415562784948349
Waypoints: [[1.0, 1.0, 1.0], [3.4670120800623283, 8.98615020457587, 12.766320645476934], [12.699318080032214, 19.485873547121262, 13.643108962855027], [29.0, 29.0, 14.0]]
Velocity: [[0.0, 0.0, 0.0], [2.4670120800623283, 7.986150204575869, 11.766320645476934], [9.232305999969885, 10.499723342545392, 0.876788317378093], [16.300681919967786, 9.514126452878738, 0.3568910371449725]]
Attitude: [[0.0, 0.0, 0.0], [1.399024108228292, 0.9844440153430374, 0.6176559127637982], [0.8512641176460632, 0.723481688174767, 1.5081673066288237], [0.5286275051045267, 1.042579273198718, 1.5518895222311728]]
Save Location: maps/map310/test.txt
