Path: 2243
Path Score: 4.298623215950669
Waypoints: [[1.0, 1.0, 1.0], [5.7591996310330025, 10.496060591014656, 1.1961851557501069], [11.40378861351021, 23.288761880938765, 11.804403224732908], [29.0, 29.0, 14.0]]
Velocity: [[0.0, 0.0, 0.0], [4.7591996310330025, 9.496060591014656, 0.19618515575010687], [5.644588982477208, 12.792701289924109, 10.6082180689828], [17.59621138648979, 5.711238119061235, 2.1955967752670915]]
Attitude: [[0.0, 0.0, 0.0], [1.1062936554501903, 0.46492826404694765, 1.5523285842779897], [1.2433724990721107, 0.7541205034953501, 0.9217695362239919], [0.33465120952432154, 1.2592127196021017, 1.4526670982553629]]
Save Location: maps/map880/test.txt
