Path: 479
Path Score: 4.200250955850187
Waypoints: [[1.0, 1.0, 1.0], [11.29885047226655, 13.922680563011099, 6.0742347128672325], [22.48463544099993, 22.910796544751268, 5.995441400636155], [29.0, 29.0, 14.0]]
Velocity: [[0.0, 0.0, 0.0], [10.29885047226655, 12.922680563011099, 5.0742347128672325], [11.185784968733381, 8.988115981740169, -0.07879331223107755], [6.515364559000069, 6.089203455248732, 8.004558599363845]]
Attitude: [[0.0, 0.0, 0.0], [0.932550665210745, 0.7263919285052141, 1.2728643435485965], [0.6769085577631759, 0.8939186435260862, 1.5762872878985508], [0.9959567092637175, 1.0377754035517597, 0.8393162236524304]]
Save Location: maps/map1559/test.txt
