Path: 1988
Path Score: 4.248907014804947
Waypoints: [[1.0, 1.0, 1.0], [7.908661902969909, 13.249370598681029, 5.122888052721978], [27.392959345270903, 23.005156066345783, 14.43568391042985], [29.0, 29.0, 14.0]]
Velocity: [[0.0, 0.0, 0.0], [6.908661902969909, 12.249370598681029, 4.122888052721978], [19.484297442300992, 9.755785467664754, 9.312795857707872], [1.6070406547290972, 5.9948439336542165, -0.4356839104298498]]
Attitude: [[0.0, 0.0, 0.0], [1.0799032623057099, 0.5811391675180452, 1.2856207472042467], [0.6054763877991366, 1.1464875054344417, 1.1669077837389032], [1.309541788024109, 0.27091869121991397, 1.6408792813009851]]
Save Location: maps/map1200/test.txt
