Path: 1437
Path Score: 4.369185183143643
Waypoints: [[1.0, 1.0, 1.0], [10.074445050749116, 1.0357225832720962, 9.412027835082272], [14.31024281394206, 14.397341180730484, 10.344580509492056], [29.0, 29.0, 14.0]]
Velocity: [[0.0, 0.0, 0.0], [9.074445050749116, 0.03572258327209621, 8.412027835082272], [4.235797763192943, 13.361618597458389, 0.9325526744097843], [14.68975718605794, 14.602658819269516, 3.655419490507944]]
Attitude: [[0.0, 0.0, 0.0], [0.7475390695972799, 1.5679093516700198, 0.8232656157544957], [1.2645050802866786, 0.31387393166047056, 1.504363862760618], [0.7976180124622528, 0.8033878261380559, 1.3961151528842315]]
Save Location: maps/map470/test.txt
