Path: 319
Path Score: 4.101094521713335
Waypoints: [[1.0, 1.0, 1.0], [11.62421921707525, 9.637940007438962, 4.108292062461251], [18.987168424161545, 21.350324413129044, 10.434584031210562], [29.0, 29.0, 14.0]]
Velocity: [[0.0, 0.0, 0.0], [10.62421921707525, 8.637940007438962, 3.108292062461251], [7.362949207086295, 11.712384405690083, 6.326291968749311], [10.012831575838455, 7.649675586870956, 3.565415968789438]]
Attitude: [[0.0, 0.0, 0.0], [0.7126112608988734, 0.9081638967287853, 1.3475745118170808], [1.065562602368791, 0.692069380508646, 1.1419013554084], [0.7003550436294252, 0.9469578898565721, 1.2950479413160163]]
Save Location: maps/map2244/test.txt
