Path: 2059
Path Score: 4.3712891919998045
Waypoints: [[1.0, 1.0, 1.0], [2.1051801977178286, 12.705542697858661, 1.33533427386211], [18.1367759330625, 27.51943688599429, 5.760318237087204], [29.0, 29.0, 14.0]]
Velocity: [[0.0, 0.0, 0.0], [1.1051801977178286, 11.705542697858661, 0.3353342738621099], [16.03159573534467, 14.813894188135627, 4.424983963225094], [10.863224066937502, 1.4805631140057116, 8.239681762912795]]
Attitude: [[0.0, 0.0, 0.0], [1.4766986395106851, 0.09834724994807642, 1.5422834159518], [0.7672706817318695, 0.8431230997594465, 1.3707866323999334], [0.6565808947189486, 1.462631373986738, 0.9263070006364166]]
Save Location: maps/map461/test.txt
