Path: 1192
Path Score: 4.287840833791241
Waypoints: [[1.0, 1.0, 1.0], [10.98841998167141, 13.67984788740044, 4.669955467169109], [16.0492409098564, 24.532128528212887, 5.259776536804952], [29.0, 29.0, 14.0]]
Velocity: [[0.0, 0.0, 0.0], [9.98841998167141, 12.67984788740044, 3.6699554671691086], [5.060820928184992, 10.852280640812447, 0.5898210696358435], [12.950759090143599, 4.467871471787113, 8.740223463195047]]
Attitude: [[0.0, 0.0, 0.0], [0.9230317793050691, 0.698207449561829, 1.3472349331065676], [1.1350044718912615, 0.43894599188058037, 1.521578865109144], [0.6485671725677874, 1.2922699173049879, 1.0029155967308279]]
Save Location: maps/map946/test.txt
