Path: 1725
Path Score: 4.300616129097386
Waypoints: [[1.0, 1.0, 1.0], [10.805725952785512, 11.283487147150078, 0.7484718343695662], [14.46706287539074, 21.68231868352074, 5.395598205098573], [29.0, 29.0, 14.0]]
Velocity: [[0.0, 0.0, 0.0], [9.805725952785512, 10.283487147150078, -0.2515281656304338], [3.661336922605228, 10.398831536370663, 4.647126370729007], [14.53293712460926, 7.317681316479259, 8.604401794901428]]
Attitude: [[0.0, 0.0, 0.0], [0.8093250089126587, 0.7617849255869302, 1.5884962164824006], [1.2597762244076207, 0.5172584832680343, 1.1718730512846067], [0.6606967282577116, 1.161934980212726, 1.0843680323639853]]
Save Location: maps/map864/test.txt
