Path: 1898
Path Score: 4.062327140884152
Waypoints: [[1.0, 1.0, 1.0], [8.469661386104097, 5.59096684474812, 2.5279558793890997], [22.610660907061256, 12.829583706462888, 7.646387831785042], [29.0, 29.0, 14.0]]
Velocity: [[0.0, 0.0, 0.0], [7.469661386104097, 4.59096684474812, 1.5279558793890997], [14.140999520957159, 7.2386168617147675, 5.118431952395943], [6.389339092938744, 16.170416293537112, 6.353612168214958]]
Attitude: [[0.0, 0.0, 0.0], [0.5747996990566772, 1.0288000156137393, 1.3982583619310816], [0.5599868476249168, 1.1221970466937714, 1.2591013944737472], [1.2183916059253201, 0.5083781419888332, 1.2204471921007194]]
Save Location: maps/map2389/test.txt
