Path: 798
Path Score: 4.167720260197189
Waypoints: [[1.0, 1.0, 1.0], [4.844954787942095, 14.493280729732227, 5.905721797057641], [24.231363728279373, 24.064238050008328, 9.859876317962396], [29.0, 29.0, 14.0]]
Velocity: [[0.0, 0.0, 0.0], [3.844954787942095, 13.493280729732227, 4.905721797057641], [19.386408940337276, 9.5709573202761, 3.954154520904755], [4.768636271720627, 4.935761949991672, 4.140123682037604]]
Attitude: [[0.0, 0.0, 0.0], [1.3091332202726853, 0.43273101466224884, 1.2344339666278068], [0.4906071708638415, 1.1202455137896603, 1.3899044585696647], [0.9335872338350895, 0.9073880140782924, 1.02799260384737]]
Save Location: maps/map1819/test.txt
