Path: 695
Path Score: 4.281682807883288
Waypoints: [[1.0, 1.0, 1.0], [7.279071891786115, 11.99037003440958, 7.619831722996372], [18.278593753428844, 13.542675969678093, 13.490985374955708], [29.0, 29.0, 14.0]]
Velocity: [[0.0, 0.0, 0.0], [6.279071891786115, 10.99037003440958, 6.619831722996372], [10.999521861642728, 1.5523059352685138, 5.871153651959336], [10.721406246571156, 15.457324030321907, 0.5090146250442924]]
Attitude: [[0.0, 0.0, 0.0], [1.115662030937802, 0.6928797362779866, 1.088924427386206], [0.5044584341310123, 1.446934026533681, 1.084588220570693], [0.964623337542555, 0.6069540453552669, 1.5437444202820336]]
Save Location: maps/map981/test.txt
