Path: 994
Path Score: 4.187955397761568
Waypoints: [[1.0, 1.0, 1.0], [7.03200889148945, 11.212381035806049, 2.4091861245466912], [21.79639181727039, 14.477895924297679, 6.70148367285092], [29.0, 29.0, 14.0]]
Velocity: [[0.0, 0.0, 0.0], [6.03200889148945, 10.212381035806049, 1.4091861245466912], [14.76438292578094, 3.26551488849163, 4.292297548304229], [7.20360818272961, 14.522104075702321, 7.29851632714908]]
Attitude: [[0.0, 0.0, 0.0], [1.0413956223611207, 0.5452295055399751, 1.4525400011168248], [0.3502303008617485, 1.3615237045198387, 1.2942121736733505], [1.1535972127018381, 0.6148409412743631, 1.1477501781583583]]
Save Location: maps/map1661/test.txt
