Path: 364
Path Score: 4.4693527695678945
Waypoints: [[1.0, 1.0, 1.0], [5.0694130019156045, 0.10947803648002186, 11.387112714668532], [17.189475107527144, 6.123320838397045, 11.315568873473534], [29.0, 29.0, 14.0]]
Velocity: [[0.0, 0.0, 0.0], [4.0694130019156045, -0.8905219635199781, 10.387112714668532], [12.12006210561154, 6.013842801917023, -0.07154384119499824], [11.810524892472856, 22.876679161602954, 2.6844311265264658]]
Attitude: [[0.0, 0.0, 0.0], [1.1986423454069668, 1.65045321960768, 0.3814078923026202], [0.4606224241689033, 1.1102090132417752, 1.5760840517236634], [1.0969999474799046, 0.4869188424541576, 1.4669037812398578]]
Save Location: maps/map176/test.txt
