Path: 471
Path Score: 4.6179744632608255
Waypoints: [[1.0, 1.0, 1.0], [11.29885047226655, 13.922680563011099, 6.0742347128672325], [9.057942771808293, 22.483164120725405, 13.633419250864584], [29.0, 29.0, 14.0]]
Velocity: [[0.0, 0.0, 0.0], [10.29885047226655, 12.922680563011099, 5.0742347128672325], [-2.2409077004582567, 8.560483557714306, 7.559184537997352], [19.942057228191707, 6.516835879274595, 0.36658074913541583]]
Attitude: [[0.0, 0.0, 0.0], [0.932550665210745, 0.7263919285052141, 1.2728643435485965], [1.7645561032196895, 0.7443059037240471, 0.8638409456951615], [0.3163154151017467, 1.2549974740262801, 1.5533251264663486]]
Save Location: maps/map12/test.txt
