Path: 73
Path Score: 4.5231481686367285
Waypoints: [[1.0, 1.0, 1.0], [6.844542921659472, 12.575654287568902, 0.7512941296865822], [7.389357188954467, 23.477432848813812, 10.209341262023914], [29.0, 29.0, 14.0]]
Velocity: [[0.0, 0.0, 0.0], [5.844542921659472, 11.575654287568902, -0.24870587031341784], [0.5448142672949947, 10.90177856124491, 9.458047132337331], [21.610642811045533, 5.522567151186188, 3.790658737976086]]
Attitude: [[0.0, 0.0, 0.0], [1.103329579532339, 0.4679236243581791, 1.5899732357353402], [1.5330656926713688, 0.71542583450819, 0.8568077588498302], [0.3005654335537563, 1.324213007369078, 1.4024590083582664]]
Save Location: maps/map77/test.txt
