Path: 1941
Path Score: 4.462963373394608
Waypoints: [[1.0, 1.0, 1.0], [7.908661902969909, 13.249370598681029, 5.122888052721978], [8.326355677599059, 21.007879601570398, 11.349606769497015], [29.0, 29.0, 14.0]]
Velocity: [[0.0, 0.0, 0.0], [6.908661902969909, 12.249370598681029, 4.122888052721978], [0.41769377462915, 7.758509002889369, 6.2267187167750375], [20.67364432240094, 7.992120398429602, 2.650393230502985]]
Attitude: [[0.0, 0.0, 0.0], [1.0799032623057099, 0.5811391675180452, 1.2856207472042467], [1.5288340627701598, 0.677399959743262, 0.8951987467407075], [0.3867733775955384, 1.2046409482682174, 1.4517841548325077]]
Save Location: maps/map186/test.txt
