Path: 731
Path Score: 4.204366498092913
Waypoints: [[1.0, 1.0, 1.0], [12.697608925444278, 6.8811022717284045, 6.207161753256], [17.89500835598713, 12.238417992478578, 7.134004137824853], [29.0, 29.0, 14.0]]
Velocity: [[0.0, 0.0, 0.0], [11.697608925444278, 5.8811022717284045, 5.207161753256], [5.197399430542852, 5.357315720750173, 0.9268423845688529], [11.10499164401287, 16.761582007521422, 6.865995862175147]]
Attitude: [[0.0, 0.0, 0.0], [0.5913478455125089, 1.1402281118229445, 1.1922640516212777], [0.8079157646515926, 0.778072528918091, 1.4472564378646358], [1.0208116603536068, 0.6617621353055158, 1.2417305692240037]]
Save Location: maps/map1520/test.txt
