Path: 1251
Path Score: 4.262978977156254
Waypoints: [[1.0, 1.0, 1.0], [11.681123338592288, 14.089788280863255, 4.111381059339743], [17.495244973045097, 26.03561227858441, 12.515738341607829], [29.0, 29.0, 14.0]]
Velocity: [[0.0, 0.0, 0.0], [10.681123338592288, 13.089788280863255, 3.1113810593397426], [5.814121634452809, 11.945823997721154, 8.404357282268087], [11.504755026954903, 2.9643877214155907, 1.484261658392171]]
Attitude: [[0.0, 0.0, 0.0], [0.8998039769895753, 0.7044384319041941, 1.3886732407031834], [1.1919606572777577, 0.7076688331374122, 1.0067560194504384], [0.2805594303655102, 1.3206025270465491, 1.4465080099651364]]
Save Location: maps/map1111/test.txt
