Path: 2495
Path Score: 4.44353303720868
Waypoints: [[1.0, 1.0, 1.0], [12.386106231445222, 1.1077460717588705, 7.4490524792482224], [12.699318080032214, 19.485873547121262, 13.643108962855027], [29.0, 29.0, 14.0]]
Velocity: [[0.0, 0.0, 0.0], [11.386106231445222, 0.10774607175887052, 6.4490524792482224], [0.3132118485869917, 18.37812747536239, 6.194056483606805], [16.300681919967786, 9.514126452878738, 0.3568910371449725]]
Attitude: [[0.0, 0.0, 0.0], [0.5154044449224107, 1.562562589250552, 1.0554709245652716], [1.5546476807623193, 0.3254642217057416, 1.2457626922304927], [0.5286275051045267, 1.042579273198718, 1.5518895222311728]]
Save Location: maps/map218/test.txt
