Path: 1800
Path Score: 4.338206371193212
Waypoints: [[1.0, 1.0, 1.0], [5.8300877579373775, 12.986927175779844, 2.2883830638241456], [9.17398002603554, 20.73897641344332, 6.283632757243895], [29.0, 29.0, 14.0]]
Velocity: [[0.0, 0.0, 0.0], [4.8300877579373775, 11.986927175779844, 1.2883830638241456], [3.3438922680981626, 7.752049237663478, 3.9952496934197494], [19.82601997396446, 8.261023586556679, 7.716367242756105]]
Attitude: [[0.0, 0.0, 0.0], [1.1897394258126446, 0.3951048953544142, 1.471431398260883], [1.2046565891536651, 0.5917372222691706, 1.1287928253345676], [0.5181999547692874, 1.2004145141772051, 1.2258923638516876]]
Save Location: maps/map641/test.txt
