Path: 762
Path Score: 4.134228280679713
Waypoints: [[1.0, 1.0, 1.0], [12.697608925444278, 6.8811022717284045, 6.207161753256], [20.852071857601725, 15.195208825034904, 7.612944235060696], [29.0, 29.0, 14.0]]
Velocity: [[0.0, 0.0, 0.0], [11.697608925444278, 5.8811022717284045, 5.207161753256], [8.154462932157447, 8.314106553306498, 1.405782481804696], [8.147928142398275, 13.804791174965096, 6.387055764939304]]
Attitude: [[0.0, 0.0, 0.0], [0.5913478455125089, 1.1402281118229445, 1.1922640516212777], [0.8021362643911848, 0.7830257077815386, 1.4506638143776707], [1.0790221355094318, 0.643470475899189, 1.1916321938329075]]
Save Location: maps/map2045/test.txt
