Path: 1411
Path Score: 4.366061702349449
Waypoints: [[1.0, 1.0, 1.0], [10.074445050749116, 1.0357225832720962, 9.412027835082272], [26.76543196640594, 17.456646557356017, 7.05435308823407], [29.0, 29.0, 14.0]]
Velocity: [[0.0, 0.0, 0.0], [9.074445050749116, 0.03572258327209621, 8.412027835082272], [16.690986915656826, 16.42092397408392, -2.357674746848202], [2.2345680335940585, 11.543353442643983, 6.94564691176593]]
Attitude: [[0.0, 0.0, 0.0], [0.7475390695972799, 1.5679093516700198, 0.8232656157544957], [0.7823431570775199, 0.7984920005291802, 1.6711512819504577], [1.4064235659655742, 0.5636700246717852, 1.0372176653267735]]
Save Location: maps/map488/test.txt
