Path: 602
Path Score: 4.481928126800801
Waypoints: [[1.0, 1.0, 1.0], [1.9869655009534015, 2.3470905443897805, 9.726710653669548], [6.938039822185598, 21.090386253324894, 12.519590149875834], [29.0, 29.0, 14.0]]
Velocity: [[0.0, 0.0, 0.0], [0.9869655009534015, 1.3470905443897805, 8.726710653669548], [4.951074321232197, 18.743295708935115, 2.792879496206286], [22.061960177814402, 7.909613746675106, 1.4804098501241665]]
Attitude: [[0.0, 0.0, 0.0], [1.4594850995761104, 1.4185963426785977, 0.18907565762625306], [1.3152416661927488, 0.29446389411633817, 1.4277153496603274], [0.3497487223204723, 1.2272661765835426, 1.5077145816114603]]
Save Location: maps/map146/test.txt
