Path: 1871
Path Score: 4.315772443095353
Waypoints: [[1.0, 1.0, 1.0], [5.142904841761517, 4.732071187514425, 9.090826078056057], [14.68158349565293, 13.843237883893032, 6.016948201033536], [29.0, 29.0, 14.0]]
Velocity: [[0.0, 0.0, 0.0], [4.142904841761517, 3.732071187514425, 8.090826078056057], [9.538678653891413, 9.111166696378607, -3.0738778770225217], [14.31841650434707, 15.156762116106968, 7.983051798966464]]
Attitude: [[0.0, 0.0, 0.0], [1.1355654236864037, 1.1812058528805445, 0.6034260736599171], [0.7894202988541433, 0.8329538916980862, 1.7997408052678456], [0.8745806038813252, 0.824576452033356, 1.2051434100274334]]
Save Location: maps/map755/test.txt
