Path: 2136
Path Score: 4.1958715946221865
Waypoints: [[1.0, 1.0, 1.0], [7.976694836660609, 10.929766397758005, 9.409001445334173], [18.295648198935922, 21.67677091998945, 14.790388562251113], [29.0, 29.0, 14.0]]
Velocity: [[0.0, 0.0, 0.0], [6.976694836660609, 9.929766397758005, 8.409001445334173], [10.318953362275312, 10.747004522231446, 5.38138711691694], [10.704351801064078, 7.323229080010549, -0.7903885622511133]]
Attitude: [[0.0, 0.0, 0.0], [1.0786293818483852, 0.8331465441750755, 0.9648405508336908], [0.8613593171494771, 0.8251750236245813, 1.2241857152356543], [0.6027006201753293, 0.9720633967168617, 1.6316622645059446]]
Save Location: maps/map1599/test.txt
