Path: 242
Path Score: 4.168442034342329
Waypoints: [[1.0, 1.0, 1.0], [10.236205802881091, 6.726958385030271, 8.616461550781413], [15.44249175683154, 18.284183195920107, 9.161844399110448], [29.0, 29.0, 14.0]]
Velocity: [[0.0, 0.0, 0.0], [9.236205802881091, 5.726958385030271, 7.616461550781413], [5.206285953950449, 11.557224810889835, 0.5453828483290355], [13.55750824316846, 10.715816804079893, 4.838155600889552]]
Attitude: [[0.0, 0.0, 0.0], [0.801018365502451, 1.1245932303302049, 0.9595076706588436], [1.1479605637843031, 0.42529932227636685, 1.5277971899847163], [0.714409075190648, 0.9308782745117469, 1.2978165450117953]]
Save Location: maps/map1813/test.txt
